date,open,high,low,close,volume,rs_nikkei,rs_topix,rs
2018/12/17,650.3,654.3,555.3,575.6,882800,-1.0,-1.0,-1.0
2018/12/18,540.3,548.3,500.6,502.6,203200,-1.0,-1.0,-1.0
2018/12/19,504.3,511.6,483.6,499.3,55100,-1.0,-1.0,-1.0
2018/12/20,480.6,516.6,472.6,516.6,37500,-1.0,-1.0,-1.0
2018/12/21,481.0,499.6,470.6,478.3,61100,-1.0,-1.0,-1.0
2018/12/25,466.0,466.6,440.3,440.3,19600,-1.0,-1.0,-1.0
2018/12/26,446.3,464.6,429.3,433.3,60800,-1.0,-1.0,-1.0
2018/12/27,473.3,473.3,440.3,446.0,9500,-1.0,-1.0,-1.0
2018/12/28,438.0,442.3,432.3,441.3,12100,-1.0,-1.0,-1.0
2019/01/04,432.0,440.0,429.3,438.6,6900,-1.0,-1.0,-1.0
2019/01/07,440.0,448.3,439.0,446.3,5100,-1.0,-1.0,-1.0
2019/01/08,476.3,493.0,465.6,466.0,14400,-1.0,-1.0,-1.0
2019/01/09,457.0,461.6,452.6,461.6,19400,-1.0,-1.0,-1.0
2019/01/10,461.0,462.3,450.0,462.3,10900,-1.0,-1.0,-1.0
2019/01/11,463.6,480.0,463.6,478.0,10700,-1.0,-1.0,-1.0
2019/01/15,478.0,491.6,478.0,485.6,6800,-1.0,-1.0,-1.0
2019/01/16,483.3,483.3,464.0,478.3,10300,-1.0,-1.0,0.7790405363951031
2019/01/17,471.6,481.3,466.3,474.3,12100,-1.0,-1.0,1.0325327821962667
2019/01/18,475.0,510.0,475.0,510.0,16100,-1.0,-1.0,1.253537751092413
2019/01/21,516.6,532.0,485.6,493.6,20900,-1.0,-1.0,1.0474119687506234
2019/01/22,493.3,494.3,490.0,490.6,4000,-1.0,-1.0,1.0446160852241915
2019/01/23,485.6,493.3,471.3,481.6,7400,-1.0,-1.0,1.0139516305100265
2019/01/24,486.3,490.0,483.6,484.3,3400,-1.0,-1.0,1.0106528972332434
2019/01/25,484.0,495.0,481.6,482.3,11500,-1.0,-1.0,1.013539621618655
2019/01/28,483.6,483.6,473.6,480.0,8900,-1.0,-1.0,1.0048427823263546
2019/01/29,478.0,489.6,474.6,489.6,4200,-1.0,-1.0,1.0138236288930988
2019/01/30,488.3,494.3,479.0,483.3,5000,-1.0,-1.0,1.0082126223676922
2019/01/31,484.0,503.6,484.0,502.0,5300,-1.0,-1.0,1.0303730231510053
2019/02/01,494.3,494.3,486.3,486.3,2700,-1.0,-1.0,1.0195529744556024
2019/02/04,486.6,497.3,486.6,497.3,4300,-1.0,-1.0,1.0310287353966086
2019/02/05,490.6,495.0,490.6,492.0,2500,-1.0,-1.0,1.0271309927579422
2019/02/06,492.3,505.3,458.3,487.0,15900,-1.0,-1.0,0.9984640954357134
2019/02/07,487.0,493.0,480.6,487.0,2800,-1.0,-1.0,0.9772333330823342
2019/02/08,483.0,491.0,481.6,491.0,2800,-1.0,-1.0,1.0128937668949347
2019/02/12,491.0,502.6,491.0,502.6,8600,-1.0,-1.0,0.9713380873931035
2019/02/13,507.6,526.0,507.6,526.0,34000,-1.0,-1.0,0.9876534472565196
2019/02/14,526.3,526.3,478.6,488.6,27300,-1.0,-1.0,0.846978068877929
2019/02/15,485.6,488.0,475.3,475.3,7800,-1.0,-1.0,0.8646680656341951
2019/02/18,480.6,489.6,476.6,489.6,5600,-1.0,-1.0,0.867987971589274
2019/02/19,489.6,499.3,478.3,499.3,3200,-1.0,-1.0,0.8805546990739506
2019/02/20,498.6,499.0,494.3,494.3,2100,-1.0,-1.0,0.8769571970439307
2019/02/21,494.3,494.3,485.0,494.3,3200,-1.0,-1.0,0.8590092496860664
2019/02/22,492.6,495.0,486.6,488.3,2400,-1.0,-1.0,0.8612479291702982
2019/02/25,490.0,490.0,483.3,485.6,2300,-1.0,-1.0,0.8566745257270487
2019/02/26,484.3,487.3,482.0,482.0,1100,-1.0,-1.0,0.8592657221530012
2019/02/27,483.6,486.6,482.6,482.6,1700,-1.0,-1.0,0.8536647040576331
2019/02/28,489.0,496.6,479.6,483.3,4200,-1.0,-1.0,0.8550447501354094
2019/03/01,483.3,483.3,478.0,482.0,1900,-1.0,-1.0,0.8576630643295756
2019/03/04,482.0,486.6,478.3,484.6,2700,-1.0,-1.0,0.8463406021687349
2019/03/05,478.0,482.3,477.6,479.3,1000,-1.0,-1.0,0.8494891178892466
2019/03/06,481.6,496.6,481.6,481.6,3800,-1.0,-1.0,0.8538746076279283
2019/03/07,477.6,493.3,477.6,493.3,3900,-1.0,-1.0,0.8836292450820898
2019/03/08,483.6,493.3,480.3,493.3,6500,-1.0,-1.0,0.9118666192459003
2019/03/12,484.0,493.0,483.6,493.0,1700,-1.0,-1.0,-1.0
2019/03/13,493.3,496.3,483.6,496.3,4000,-1.0,-1.0,-1.0
2019/03/14,496.3,503.3,491.6,496.6,5900,-1.0,-1.0,-1.0
2019/03/15,499.6,513.3,497.3,511.3,7300,-1.0,-1.0,-1.0
2019/03/18,530.0,530.0,498.3,500.0,9100,-1.0,-1.0,-1.0
2019/03/19,505.3,515.6,499.3,505.0,1600,-1.0,-1.0,-1.0
2019/03/20,512.0,522.3,507.0,522.3,5100,-1.0,-1.0,-1.0
2019/03/22,509.0,521.6,509.0,519.6,13300,-1.0,-1.0,-1.0
2019/03/25,510.6,511.3,500.6,507.3,7500,-1.0,-1.0,-1.0
2019/03/26,507.3,516.6,504.0,506.0,2300,-1.0,-1.0,-1.0
2019/03/27,510.0,521.6,510.0,520.0,5500,-1.0,-1.0,-1.0
2019/03/28,513.3,513.3,502.6,507.6,2300,-1.0,-1.0,-1.0
2019/03/29,508.0,514.6,507.3,507.3,1900,-1.0,-1.0,-1.0
2019/04/01,507.3,516.0,507.3,511.6,3000,-1.0,-1.0,-1.0
2019/04/02,516.3,538.3,515.0,534.6,12700,-1.0,-1.0,-1.0
2019/04/03,534.6,537.3,530.0,531.3,3900,-1.0,-1.0,-1.0
2019/04/04,531.6,536.3,531.6,533.6,3800,-1.0,-1.0,-1.0
2019/04/05,533.6,536.6,528.0,535.6,4100,-1.0,-1.0,-1.0
2019/04/08,538.0,545.6,537.6,542.0,8500,-1.0,-1.0,-1.0
2019/04/09,543.0,545.0,528.3,533.3,7400,-1.0,-1.0,-1.0
2019/04/10,527.0,527.0,510.6,521.0,6200,-1.0,-1.0,-1.0
2019/04/11,525.0,540.0,525.0,537.3,3000,-1.0,-1.0,1.0922693867005144
2019/04/12,534.6,546.6,533.3,545.6,5900,-1.0,-1.0,1.098135308502424
2019/04/15,549.6,566.3,549.6,557.0,11000,-1.0,-1.0,1.1781062084229503
2019/04/16,554.3,557.0,541.6,541.6,6000,-1.0,-1.0,1.13451095997124
2019/04/17,540.6,554.0,540.6,542.6,5600,-1.0,-1.0,1.1356758440432306
2019/04/18,542.0,549.3,542.0,543.3,4700,-1.0,-1.0,1.1777452187584712
2019/04/19,544.3,546.6,538.3,538.3,4300,-1.0,-1.0,1.0559645829572606
2019/04/22,541.6,546.6,539.3,541.0,4000,-1.0,-1.0,1.0591956701610261
2019/04/23,545.0,545.0,539.6,539.6,500,-1.0,-1.0,1.0519302358962046
2019/04/24,539.6,542.6,533.3,533.6,5800,-1.0,-1.0,1.0549521294669013
2019/04/25,534.6,536.3,533.6,533.6,1700,-1.0,-1.0,1.0690917834042901
2019/04/26,533.3,533.6,520.6,525.0,5800,-1.0,-1.0,1.0170167478892602
2019/05/07,526.0,546.3,526.0,534.3,4400,-1.0,-1.0,0.9992315103071706
2019/05/08,534.3,548.0,533.3,548.0,3500,-1.0,-1.0,1.0418197123234372
2019/05/09,550.0,554.3,543.3,553.0,2800,-1.0,-1.0,1.0951930443756348
2019/05/10,540.6,550.3,539.6,543.6,4500,-1.0,-1.0,1.158073188562702
2019/05/13,552.3,552.6,536.3,537.6,3300,-1.0,-1.0,1.0083722557625763
2019/05/14,533.3,537.6,516.6,537.6,8100,-1.0,-1.0,1.0107091670862256
2019/05/15,541.3,541.6,495.3,520.3,8500,-1.0,-1.0,0.9694572378247323
2019/05/16,520.3,530.0,503.3,503.3,4900,-1.0,-1.0,0.9733086014918384
2019/05/17,516.6,528.0,510.6,510.6,3500,-1.0,-1.0,0.9751295878895996
2019/05/20,510.6,523.6,510.6,518.3,4000,-1.0,-1.0,0.9857771055732188
2019/05/21,523.0,533.0,515.3,533.0,5300,-1.0,-1.0,1.0097973234699733
2019/05/22,538.6,546.6,535.0,542.3,7100,-1.0,-1.0,1.0203651527436677
2019/05/23,546.3,546.6,534.0,534.0,5500,-1.0,-1.0,1.0149440295676186
2019/05/24,526.6,531.6,519.0,519.0,4600,-1.0,-1.0,1.0007047253265826
2019/05/27,530.0,530.0,530.0,530.0,100,-1.0,-1.0,0.9868526240326221
2019/05/28,536.6,538.6,531.6,531.6,2300,-1.0,-1.0,0.9846160299319447
2019/05/29,531.6,539.6,521.6,533.3,2400,-1.0,-1.0,0.9960733005731796
2019/05/30,533.3,533.3,520.3,520.3,600,-1.0,-1.0,0.9836717708044821
2019/05/31,533.6,533.6,516.6,516.6,2000,-1.0,-1.0,0.9906735120574168
2019/06/03,520.0,521.6,510.3,518.3,1900,-1.0,-1.0,1.0008403017218723
2019/06/04,517.0,517.0,507.0,515.0,2500,-1.0,-1.0,0.9987113041246954
2019/06/05,528.3,531.0,515.3,516.3,3000,-1.0,-1.0,0.9799052808295555
2019/06/06,526.6,526.6,521.6,521.6,300,-1.0,-1.0,0.9858809705392356
2019/06/07,524.0,524.0,507.3,520.6,700,-1.0,-1.0,0.9490463398075125
2019/06/10,520.6,533.0,520.6,533.0,1000,-1.0,-1.0,0.9462202007165339
2019/06/11,522.6,523.3,522.6,523.3,300,-1.0,-1.0,0.9434285011645327
2019/06/12,528.3,528.3,517.3,517.3,4200,-1.0,-1.0,0.9415579133963214
2019/06/13,518.3,526.0,514.0,514.0,1900,-1.0,-1.0,0.942833120296989
2019/06/14,512.0,518.3,512.0,512.0,1600,-1.0,-1.0,0.9892273058477636
2019/06/17,510.3,520.3,510.0,516.3,2900,-1.0,-1.0,1.0131257239879106
2019/06/18,516.3,529.6,507.6,529.6,3700,-1.0,-1.0,1.0373858764880857
2019/06/19,528.3,532.3,520.3,520.3,3200,-1.0,-1.0,1.0097282874433182
2019/06/20,528.0,528.0,513.3,514.3,800,-1.0,-1.0,0.9656093695070826
2019/06/21,513.3,517.0,510.6,510.6,1700,-1.0,-1.0,0.9592553823181056
2019/06/24,513.3,513.3,513.3,513.3,200,-1.0,-1.0,0.9853448569642477
2019/06/25,516.0,516.0,511.0,511.0,500,-1.0,-1.0,0.9871370292698517
2019/06/26,521.0,521.0,516.6,516.6,1000,-1.0,-1.0,0.9961354673378505
2019/06/27,522.0,522.0,522.0,522.0,900,-1.0,-1.0,0.9848131676666091
2019/06/28,523.0,526.6,519.3,525.0,1100,-1.0,-1.0,0.9770539588115387
2019/07/01,526.6,531.3,526.0,530.3,1800,-1.0,-1.0,0.9530634410318044
2019/07/02,530.3,530.3,520.0,528.6,3300,-1.0,-1.0,0.9474225590465637
2019/07/03,517.3,524.6,516.6,521.6,2400,-1.0,-1.0,0.9466553031245728
2019/07/04,525.3,525.3,518.3,524.6,700,-1.0,-1.0,0.9492270119377583
2019/07/05,524.0,524.0,515.3,517.3,2400,-1.0,-1.0,0.9501600217507294
2019/07/08,522.0,522.0,515.0,515.0,1300,-1.0,-1.0,0.9504287794622732
2019/07/09,523.3,523.3,523.3,523.3,100,-1.0,-1.0,0.9536632410928162
2019/07/10,528.6,528.6,525.6,527.6,1400,-1.0,-1.0,0.9580956710981329
2019/07/11,523.3,525.0,523.3,525.0,500,-1.0,-1.0,0.9587767033661891
2019/07/12,528.0,528.0,517.3,520.3,1000,-1.0,-1.0,0.9575050265343459
2019/07/16,520.3,524.0,518.0,520.0,2200,-1.0,-1.0,0.949449219993963
2019/07/17,520.3,525.3,520.3,525.3,800,-1.0,-1.0,0.9539795544570998
2019/07/18,523.0,523.0,523.0,523.0,100,-1.0,-1.0,0.9318098690604486
2019/07/19,520.0,528.0,520.0,521.3,900,-1.0,-1.0,0.9186350169629449
2019/07/22,526.6,526.6,521.6,521.6,1100,-1.0,-1.0,0.9495295497938429
2019/07/23,525.0,525.0,524.6,525.0,500,-1.0,-1.0,0.942822827322926
2019/07/24,522.0,522.0,520.3,521.0,700,-1.0,-1.0,0.9349335261730324
2019/07/25,521.6,526.3,521.3,526.0,800,-1.0,-1.0,0.9474372746913869
2019/07/26,525.6,525.6,525.6,525.6,500,-1.0,-1.0,0.9361247643161383
2019/07/29,525.6,525.6,513.3,514.0,1700,-1.0,-1.0,0.9018296749114671
2019/07/30,524.0,524.0,514.6,515.3,400,-1.0,-1.0,0.904750633078001
2019/07/31,520.0,520.0,514.3,514.3,400,-1.0,-1.0,0.9079903454468458
2019/08/01,514.3,521.0,514.3,521.0,400,-1.0,-1.0,0.9274373230509642
2019/08/02,519.6,519.6,514.0,518.3,700,-1.0,-1.0,0.9533663295135562
2019/08/05,514.6,514.6,506.6,507.0,1400,-1.0,-1.0,0.979611691425126
2019/08/06,493.6,498.0,493.6,496.6,1700,-1.0,-1.0,0.9600870139424965
2019/08/07,503.3,503.3,500.0,502.0,300,-1.0,-1.0,0.9677409835005178
2019/08/08,506.6,508.3,506.6,507.0,500,-1.0,-1.0,0.9709032544783109
2019/08/09,504.6,504.6,496.6,500.0,900,-1.0,-1.0,0.9182490746486013
2019/08/13,477.6,483.6,460.0,479.6,3500,-1.0,-1.0,0.8539257458674407
2019/08/14,479.6,480.0,474.6,474.6,1500,-1.0,-1.0,0.8334973990154959
2019/08/15,462.6,470.0,462.6,466.6,2400,-1.0,-1.0,0.8311833181243432
2019/08/16,462.6,476.0,439.0,447.6,4300,-1.0,-1.0,0.7982142425362846
2019/08/19,457.6,463.0,446.6,448.3,3300,-1.0,-1.0,0.8160783649781624
2019/08/20,468.3,489.0,461.3,489.0,4800,-1.0,-1.0,1.0197283748305919
2019/08/21,479.0,521.6,479.0,486.6,9900,-1.0,-1.0,1.011186788917173
2019/08/22,482.6,485.6,478.3,478.3,600,-1.0,-1.0,1.0084757322418698
2019/08/23,483.0,493.3,475.3,493.3,2200,-1.0,-1.0,1.0714674667365953
2019/08/26,483.3,483.3,470.6,470.6,600,-1.0,-1.0,1.0725411929899635
2019/08/27,470.6,479.6,470.6,479.6,700,-1.0,-1.0,1.0844680309749422
2019/08/28,479.6,484.0,479.6,480.6,1500,-1.0,-1.0,1.085632556201152
2019/08/29,485.0,489.0,476.6,476.6,700,-1.0,-1.0,1.0816941569473837
2019/08/30,479.3,492.0,479.3,492.0,1500,-1.0,-1.0,1.088047128790225
2019/09/02,496.6,513.0,495.0,512.6,3300,-1.0,-1.0,1.1735866008606703
2019/09/03,505.0,505.0,496.3,496.3,5400,-1.0,-1.0,1.1487747178724967
2019/09/04,495.0,508.6,495.0,499.3,700,-1.0,-1.0,1.1591274283170547
2019/09/05,508.0,508.0,498.6,500.0,300,-1.0,-1.0,1.1264677022808711
2019/09/06,500.0,500.0,496.6,496.6,800,-1.0,-1.0,1.069506953280141
2019/09/09,494.3,499.3,491.6,493.3,2000,-1.0,-1.0,1.0969844104073205
2019/09/10,503.0,503.0,493.6,493.6,200,-1.0,-1.0,1.0939036161022753
2019/09/11,500.0,500.0,483.6,492.0,2800,-1.0,-1.0,1.0856751087745657
2019/09/12,492.0,493.3,490.3,491.6,3100,-1.0,-1.0,1.0738701511302207
2019/09/13,496.6,501.3,496.6,501.3,300,-1.0,-1.0,1.084161908969288
2019/09/17,501.3,505.0,501.3,503.3,1200,-1.0,-1.0,1.1805351947372043
2019/09/18,503.3,505.0,503.3,505.0,400,-1.0,-1.0,1.1785793710722394
2019/09/19,509.0,531.0,509.0,529.6,4600,-1.0,-1.0,1.071538211591108
2019/09/20,529.6,534.6,516.6,534.0,6700,-1.0,-1.0,1.1020590520405678
2019/09/24,534.6,538.0,528.6,528.6,3800,-1.0,-1.0,1.1598445933564014
2019/09/25,533.3,538.0,533.3,536.6,3800,-1.0,-1.0,1.1640157321458697
2019/09/26,538.3,543.6,537.0,537.0,4600,-1.0,-1.0,1.1438194591659423
2019/09/27,540.0,540.0,536.3,536.3,400,-1.0,-1.0,1.1602212986324114
2019/09/30,545.0,549.0,530.3,530.3,1700,-1.0,-1.0,0.9917186411421819
2019/10/01,530.0,530.0,530.0,530.0,100,-1.0,-1.0,0.979991069862508
2019/10/02,529.6,532.6,521.6,521.6,1000,-1.0,-1.0,0.9665901412414616
2019/10/03,520.0,543.3,520.0,543.3,2600,-1.0,-1.0,1.070759919483829
2019/10/04,538.3,538.3,525.0,535.3,500,-1.0,-1.0,1.046093365714674
2019/10/07,545.6,545.6,535.6,544.3,1000,-1.0,-1.0,1.0732391863591133
2019/10/08,537.0,544.6,536.0,542.0,4300,-1.0,-1.0,1.0642856000924312
2019/10/09,543.0,543.0,536.0,537.3,700,-1.0,-1.0,1.064076996427126
2019/10/10,537.3,543.0,535.3,538.0,1600,-1.0,-1.0,1.0721203611989045
2019/10/11,537.6,544.6,537.6,544.6,1400,-1.0,-1.0,1.0844464639464657
2019/10/15,544.6,550.0,544.0,548.3,6700,-1.0,-1.0,1.0796544838631599
2019/10/16,550.0,556.3,550.0,550.0,4700,-1.0,-1.0,1.076611442814537
2019/10/17,550.3,550.3,540.0,546.6,1700,-1.0,-1.0,1.0811740847206166
2019/10/18,546.6,551.6,537.0,551.6,1300,-1.0,-1.0,1.0804691620416826
2019/10/21,551.6,556.0,546.3,554.6,1900,-1.0,-1.0,1.0573412153244184
2019/10/23,551.3,552.0,542.0,544.0,700,-1.0,-1.0,1.0453311109281556
2019/10/24,544.3,547.0,544.3,547.0,400,-1.0,-1.0,1.0463736212607002
2019/10/25,550.0,550.0,546.6,549.6,600,-1.0,-1.0,1.0374904529615236
2019/10/28,549.6,549.6,536.3,538.0,19300,-1.0,-1.0,0.975859021348682
2019/10/29,536.0,548.6,536.0,546.6,1600,-1.0,-1.0,0.9882235251087187
2019/10/30,548.0,548.0,541.6,541.6,400,-1.0,-1.0,0.9800392088350447
2019/10/31,543.3,546.3,543.3,546.3,200,-1.0,-1.0,0.9917113237887448
2019/11/01,543.0,546.6,540.0,546.6,500,-1.0,-1.0,1.0110703287529215
2019/11/05,546.6,550.0,546.6,547.0,1000,-1.0,-1.0,0.8892548619993529
2019/11/06,551.3,551.3,547.0,550.0,4200,-1.0,-1.0,0.8924443053689806
2019/11/07,550.0,550.0,540.6,540.6,700,-1.0,-1.0,0.8752001329030097
2019/11/08,542.0,542.0,541.0,541.0,600,-1.0,-1.0,0.8797612625841267
2019/11/11,544.6,548.0,535.0,535.0,2800,-1.0,-1.0,0.8791455068242218
2019/11/12,544.3,545.0,543.3,543.3,1300,-1.0,-1.0,0.8817241176550059
2019/11/13,549.3,549.3,534.0,543.3,4300,-1.0,-1.0,0.8912903179962712
2019/11/14,543.3,553.3,537.3,546.6,6100,-1.0,-1.0,0.9031835022793744
2019/11/15,551.3,552.6,547.6,547.6,1100,-1.0,-1.0,0.9019319223266069
2019/11/18,544.0,547.6,544.0,547.6,1000,-1.0,-1.0,0.8928320643227952
2019/11/19,547.6,552.6,547.6,551.3,800,-1.0,-1.0,0.8983254088493114
2019/11/20,553.3,553.3,545.6,552.6,3400,-1.0,-1.0,0.902047525851901
2019/11/21,550.3,552.6,548.6,552.6,500,-1.0,-1.0,0.9075747141373527
2019/11/22,552.3,552.3,546.3,548.3,600,-1.0,-1.0,0.9014847096648844
2019/11/25,551.0,556.3,548.0,556.3,4300,-1.0,-1.0,0.9810659164412608
2019/11/26,561.3,582.6,561.3,572.0,9200,-1.0,-1.0,1.0146011012806126
2019/11/27,572.0,579.0,560.6,560.6,2800,-1.0,-1.0,0.9503019048532709
2019/11/28,560.6,566.0,560.0,566.0,2700,-1.0,-1.0,0.9437269934765192
2019/11/29,566.0,566.6,561.3,566.6,1300,-1.0,-1.0,0.9572269720809686
2019/12/02,566.6,575.3,566.6,566.6,2200,-1.0,-1.0,0.962458752880692
2019/12/03,564.0,564.0,562.3,563.3,500,-1.0,-1.0,0.9670326426405161
2019/12/04,564.3,566.6,564.3,566.6,400,-1.0,-1.0,0.97048204334815
2019/12/05,566.3,566.3,561.6,561.6,1100,-1.0,-1.0,0.9611227612190067
2019/12/06,560.6,562.6,560.3,560.3,400,-1.0,-1.0,0.9582690093367698
2019/12/09,561.6,571.6,561.6,571.3,5500,-1.0,-1.0,1.0026849670165687
2019/12/10,564.3,571.6,561.6,571.6,3300,-1.0,-1.0,1.004846449686906
2019/12/11,571.6,572.3,571.0,571.3,1600,-1.0,-1.0,1.0078511002690338
2019/12/12,571.3,571.3,563.6,567.6,1400,-1.0,-1.0,1.0067361654218432
2019/12/13,567.6,571.3,565.3,571.3,2300,-1.0,-1.0,0.9892568392541374
2019/12/16,576.6,582.6,575.0,576.3,3900,-1.0,-1.0,0.9984795741305439
2019/12/17,578.0,578.3,573.6,573.6,900,-1.0,-1.0,0.9901951229012117
2019/12/18,573.0,582.3,573.0,574.6,1100,-1.0,-1.0,0.9966514694876867
2019/12/19,581.6,596.3,576.6,596.3,7500,-1.0,-1.0,1.0581729898609633
2019/12/20,596.3,599.6,587.0,593.3,4200,-1.0,-1.0,1.0500302092234854
2019/12/23,603.3,683.3,603.3,666.0,32900,-1.0,-1.0,1.1894310241374464
2019/12/24,746.0,799.3,710.3,799.3,69000,-1.0,-1.0,1.5693660398013818
2019/12/25,799.3,932.6,799.3,886.6,107500,-1.0,-1.0,1.6618041064600033
2019/12/26,832.0,855.6,804.6,820.6,27400,-1.0,-1.0,1.573582094863858
2019/12/27,837.0,840.0,750.6,751.0,37200,-1.0,-1.0,1.39178948537614
2019/12/30,758.6,786.0,758.3,786.0,9100,-1.0,-1.0,1.3621066116142935
2020/01/06,788.6,835.3,777.3,816.0,14400,-1.0,-1.0,1.369581442955801
2020/01/07,820.6,880.6,820.6,872.3,15800,-1.0,-1.0,1.5826407139040366
2020/01/08,876.3,876.3,797.6,799.0,20100,-1.0,-1.0,1.73323124933721
2020/01/09,815.6,843.3,807.3,843.0,6200,-1.0,-1.0,1.748317479480644
2020/01/10,865.6,865.6,850.0,864.0,7600,-1.0,-1.0,1.7208621030167692
2020/01/14,914.0,923.0,885.0,889.6,13100,-1.0,-1.0,1.8554391007972484
2020/01/15,895.6,900.0,884.3,895.0,4100,-1.0,-1.0,1.8436740170976755
2020/01/16,885.0,908.3,868.0,908.3,6500,-1.0,-1.0,1.8802147182519324
2020/01/17,913.3,913.6,895.3,913.3,5800,-1.0,-1.0,1.91990702689407
2020/01/20,963.3,1080.0,961.0,1008.3,54200,-1.0,-1.0,2.0948355832604206
2020/01/21,1096.6,1096.6,1000.0,1046.6,19700,-1.0,-1.0,2.1753371443280396
2020/01/22,1046.6,1078.3,1005.0,1013.3,17100,-1.0,-1.0,2.1264508294954956
2020/01/23,1056.6,1093.3,1041.6,1045.0,14600,-1.0,-1.0,1.5228069966661018
2020/01/24,1050.0,1055.0,931.0,933.3,23100,-1.0,-1.0,0.9228268568688216
2020/01/27,933.3,936.0,836.6,905.3,10800,-1.0,-1.0,1.1572711846080295
2020/01/28,888.6,996.3,874.0,982.6,12000,-1.0,-1.0,1.3161283894692148
2020/01/29,951.3,994.0,874.0,874.0,12900,-1.0,-1.0,1.088679989023879
2020/01/30,907.3,947.0,866.6,899.0,11400,-1.0,-1.0,1.0511947745473698
2020/01/31,933.3,978.6,916.6,961.6,11100,-1.0,-1.0,1.093723344749889
2020/02/03,934.0,993.3,933.3,989.3,8100,-1.0,-1.0,1.1119907004330647
2020/02/04,972.6,985.0,956.0,970.0,6200,-1.0,-1.0,1.0989219658048803
2020/02/05,978.0,979.6,951.0,952.0,4800,-1.0,-1.0,1.0809186681558156
2020/02/06,986.0,986.0,955.6,973.3,5100,-1.0,-1.0,1.0362700902283648
2020/02/07,973.0,973.0,957.3,966.6,2100,-1.0,-1.0,1.0914444682186764
2020/02/10,956.6,962.6,950.0,953.3,3200,-1.0,-1.0,1.0495664204555712
2020/02/12,961.6,961.6,883.3,911.6,7600,-1.0,-1.0,0.9995958354320598
2020/02/13,928.3,928.3,870.0,900.6,4900,-1.0,-1.0,0.9869005705385965
2020/02/14,884.0,916.3,879.3,897.6,6800,-1.0,-1.0,0.9817141452550797
2020/02/17,866.3,866.3,789.6,854.0,16500,-1.0,-1.0,0.6636564382285495
2020/02/18,841.3,841.3,750.6,814.6,23000,-1.0,-1.0,0.6433350279047463
2020/02/19,833.0,926.6,833.0,926.6,7000,-1.0,-1.0,0.7983237538661231
2020/02/20,926.3,1093.3,913.3,1093.3,85600,-1.0,-1.0,0.991738587901473
2020/02/21,1073.3,1326.6,1045.0,1326.6,89500,-1.0,-1.0,1.5285097374222418
2020/02/25,1420.0,1466.6,1246.6,1385.0,66200,-1.0,-1.0,2.1819788882366713
2020/02/26,1395.0,1420.0,1320.0,1336.6,26900,-1.0,-1.0,2.1885949284054287
2020/02/27,1336.6,1336.6,1213.3,1246.6,31000,-1.0,-1.0,2.021264732071354
2020/02/28,1130.0,1308.3,1118.3,1183.3,40200,-1.0,-1.0,2.733068726192807
2020/03/02,1143.3,1348.3,1116.6,1306.6,15100,-1.0,-1.0,3.008106711747767
2020/03/03,1423.3,1423.3,1266.6,1333.3,16400,-1.0,-1.0,3.346224270406267
2020/03/04,1333.3,1333.3,1240.0,1250.0,14700,-1.0,-1.0,3.268881004276033
2020/03/05,1298.3,1313.3,1263.3,1273.3,5100,-1.0,-1.0,3.3010186579813925
2020/03/06,1343.3,1436.6,1233.3,1293.3,88900,-1.0,-1.0,3.584703188319898
2020/03/09,1216.6,1216.6,1060.0,1060.0,31800,-1.0,-1.0,4.531877252780882
2020/03/10,890.0,1033.3,838.3,976.6,34100,214.41140182839283,226.0889764404916,5.037118476867005
2020/03/11,999.3,1133.3,906.6,919.3,31500,203.11052872578418,212.90592299965584,4.380260140449712
2020/03/12,886.0,900.0,818.6,853.3,20800,197.07910649194525,205.52563665415727,5.27204817646272
2020/03/13,793.3,793.3,686.6,686.6,25100,165.25285209767696,170.57099051799526,5.992245148886748
2020/03/16,702.0,756.3,652.3,670.0,30600,170.1162331108502,174.897778928127,7.7672582804299495
2020/03/17,667.6,782.3,662.6,765.3,15900,192.12491023778725,192.37625776200431,9.164196263479946
2020/03/18,815.3,874.3,786.6,801.6,15800,198.273362247125,194.96437665790805,9.573958216921211
2020/03/19,818.3,866.6,740.0,752.0,9400,189.09478476006888,182.38416999940438,9.805841941449609
2020/03/23,768.6,817.3,704.0,781.6,16100,191.37833913014438,188.10416120856857,0.6246701931703486
2020/03/24,798.3,859.6,798.3,851.6,10400,199.33322684556597,204.26070174928844,0.6852660897175861
2020/03/25,868.3,1018.3,868.3,1018.3,16500,214.18172417405518,221.2389791123786,0.7891731650276055
2020/03/26,933.3,996.6,913.3,945.0,9400,209.80141950366388,210.58765777420194,0.7241493435068013
2020/03/27,978.3,978.3,925.6,925.6,5000,199.54842641655983,198.9766913292112,0.7487499189312775
2020/03/30,881.0,970.0,866.0,944.0,12400,207.9556872851535,207.69041391697286,0.7766081641610827
2020/03/31,959.0,960.0,920.0,950.0,6400,202.0169754908081,204.129658683105,0.8166126208077693
2020/04/01,926.0,926.0,821.0,844.0,14600,190.9320523804611,190.68249593394722,0.7680452281591227
2020/04/02,803.0,844.0,779.0,782.0,24000,178.67887700745854,178.5295710781168,0.6323450108506152
2020/04/03,783.0,797.0,750.0,759.0,11400,173.4182336881034,173.85872245532806,0.6808572557238435
2020/04/06,729.0,762.0,680.0,738.0,15600,159.51064834367313,160.2863391418192,0.6740081764660194
2020/04/07,770.0,888.0,770.0,885.0,17000,190.92659853167925,191.4394686903983,0.8842139114243451
2020/04/08,880.0,880.0,808.0,848.0,13100,182.39601285883884,183.5668491573517,0.8375986552327608
2020/04/09,886.0,920.0,871.0,874.0,17700,182.55595340442508,184.42381779824393,0.9662439682700651
2020/04/10,879.0,904.0,863.0,871.0,7600,179.0616136574758,179.21686110783673,1.1107869260340961
2020/04/13,931.0,954.0,861.0,874.0,11100,182.6669620516636,181.69143040649897,1.2211175497386477
2020/04/14,902.0,954.0,876.0,921.0,9600,192.41649724604767,192.94060440442925,1.280935946655085
2020/04/15,920.0,920.0,885.0,888.0,10400,186.49192425344017,186.09365695558702,1.2317366900154938
2020/04/16,883.0,915.0,883.0,915.0,6900,192.86025369462175,191.2374567329228,1.1725329699328348
2020/04/17,916.0,940.0,901.0,905.0,11600,187.58359463322907,188.4462735079902,1.071649749627003
2020/04/20,965.0,984.0,940.0,952.0,27900,198.7731687379822,198.84617500428857,1.269037360530743
2020/04/21,949.0,960.0,890.0,894.0,12500,191.2762575511707,189.90944100775167,1.157175744651386
2020/04/22,867.0,883.0,827.0,840.0,16700,182.60851468878116,180.37599652089494,1.0754628331254503
2020/04/23,850.0,901.0,850.0,870.0,7700,187.19558745813623,185.25932127836447,1.0663032160910373
2020/04/24,856.0,868.0,837.0,859.0,3100,189.0744576788249,186.25626417851802,0.9280753841418395
2020/04/27,838.0,871.0,838.0,860.0,5300,178.37358594526265,177.9288082326943,0.9999297920193562
2020/04/28,863.0,880.0,860.0,867.0,3200,179.93488076987109,179.1418822972431,1.006972238383422
2020/04/30,880.0,900.0,869.0,875.0,8400,177.79577670319438,178.95731442345667,0.9797753203696103
2020/05/01,875.0,900.0,861.0,874.0,10000,182.7914552578397,182.84549959289916,1.0664945498137128
2020/05/07,889.0,920.0,872.0,872.0,13700,171.52944689636553,171.38789621340916,0.9883234943491879
2020/05/08,870.0,889.0,862.0,881.0,8600,171.43102209003135,172.1966500476548,1.022286869184464
2020/05/11,904.0,921.0,900.0,920.0,12400,177.85024754330829,178.12589047316732,0.9777511712782349
2020/05/12,930.0,930.0,900.0,900.0,7900,173.1708190281988,174.01545195723344,0.9569301624193363
2020/05/13,901.0,921.0,900.0,917.0,7900,184.25802567507998,184.54584017981867,0.9650923466942422
2020/05/14,927.0,930.0,910.0,910.0,10100,191.2312061275853,192.18091638015136,0.9499711024243699
2020/05/15,865.0,881.0,764.0,800.0,47200,166.16022252071804,167.50753590592225,0.8211781305281517
2020/05/18,801.0,830.0,801.0,814.0,7700,166.16281132407278,167.34380489005557,0.7843942501119996
2020/05/19,819.0,876.0,819.0,876.0,8200,171.10106360612613,171.45857980153528,0.8433113369100469
2020/05/20,876.0,893.0,841.0,860.0,5300,163.88314228556348,164.04998521121678,0.8272077401758398
2020/05/21,861.0,864.0,835.0,835.0,6300,160.92308746682437,161.54393836521248,0.8569199786174769
2020/05/22,838.0,853.0,835.0,838.0,4600,167.23815669116152,168.3925279753717,0.8900190846481314
2020/05/25,841.0,920.0,841.0,907.0,17000,174.7700341701499,176.23573475883222,1.0049874010811064
2020/05/26,928.0,931.0,896.0,903.0,17500,169.77647787117968,171.6642234362473,0.9834449847857958
2020/05/27,933.0,933.0,907.0,907.0,7200,166.77111490138637,168.6396361359452,0.9752636277600135
2020/05/28,908.0,915.0,885.0,889.0,7900,163.27122324189025,165.9494104571781,0.9506252608948319
2020/05/29,888.0,901.0,888.0,888.0,6700,161.86219929825728,166.24388080969223,0.9643589553119388
2020/06/01,897.0,910.0,890.0,890.0,9100,158.86124792646535,164.0760162129796,0.9384512881699066
2020/06/02,899.0,903.0,890.0,890.0,6500,157.97609730995376,163.17270409336368,0.9269992949951738
2020/06/03,884.0,886.0,860.0,867.0,5700,154.2794992967749,160.67966564795705,0.9152220670989202
2020/06/04,862.0,871.0,840.0,845.0,7300,148.28449488866852,154.0308506060648,0.9066692482089389
2020/06/05,850.0,856.0,846.0,850.0,2500,149.14068320068932,155.1635597125368,0.9024845065803133
2020/06/08,880.0,886.0,875.0,886.0,4800,151.5720115982879,158.30031960467855,0.92237211572918
2020/06/09,890.0,908.0,889.0,897.0,9300,157.40623573740422,164.34804283502928,0.9264048012033047
2020/06/10,902.0,920.0,898.0,913.0,10900,161.26541509228989,168.83595504881094,0.9339035433951588
2020/06/11,924.0,924.0,902.0,902.0,4400,164.23460833441007,170.2491357710514,0.9641976833192012
2020/06/12,812.0,891.0,796.0,890.0,29000,164.56536216800802,171.17535030607763,0.961872732586178
2020/06/15,873.0,888.0,845.0,845.0,8400,160.57116202721127,164.62250150192656,1.2046194038452362
2020/06/16,866.0,895.0,865.0,870.0,10600,152.56657126155773,157.59650368165984,1.2136744413663636
2020/06/17,871.0,897.0,852.0,890.0,8700,162.50924291148337,167.62562894761692,1.2577844083099599
2020/06/18,889.0,889.0,871.0,885.0,1500,165.20786868435465,169.5578491477744,1.1025661636929496
2020/06/19,888.0,907.0,888.0,900.0,6200,166.69564214644294,172.15397485364875,1.1504284156235054
2020/06/22,899.0,902.0,885.0,902.0,6100,166.70902555811313,172.2369779178863,0.9583713977495898
2020/06/23,902.0,1052.0,888.0,1052.0,260700,193.49761959025028,200.2089198981826,1.1984474245699441
2020/06/24,1352.0,1352.0,1352.0,1352.0,18000,244.8974067628991,254.06766531171505,1.2064320671665127
2020/06/25,1652.0,1652.0,1531.0,1652.0,113200,303.37210704305926,314.7365445021299,1.5568029838271704
2020/06/26,1492.0,1492.0,1252.0,1252.0,245500,225.38123311911642,234.51058286593388,0.5016513844757209
2020/06/29,1132.0,1181.0,1064.0,1090.0,86200,203.06694791595734,210.2712710966396,0.43642051888114314
2020/06/30,1131.0,1139.0,1036.0,1054.0,34500,194.6185082834645,203.36903731426855,0.42724426330882154
2020/07/01,1064.0,1118.0,1036.0,1040.0,29600,195.0280134155301,204.6905694459384,0.41886928794745326
2020/07/02,1058.0,1058.0,945.0,955.0,32400,178.39773597747205,187.59175407563603,0.39401564714300213
2020/07/03,950.0,973.0,943.0,965.0,8400,181.86149811540608,191.38241994325463,0.3841451303732324
2020/07/06,978.0,1115.0,978.0,1115.0,30500,205.2567138207951,216.6764493776257,0.48041478984294067
2020/07/07,1086.0,1186.0,1060.0,1119.0,39600,203.9112543697538,214.267923489639,0.49190342649704366
2020/07/08,1139.0,1148.0,1055.0,1055.0,18000,191.89566749712952,201.7713730008833,0.4768277039282517
2020/07/09,1079.0,1079.0,1025.0,1045.0,8500,191.2218766896657,201.78170536150049,0.46736945302135413
2020/07/10,1074.0,1080.0,1027.0,1045.0,5800,195.39527847952405,206.22396541979842,0.4616200637810847
2020/07/13,1055.0,1131.0,1055.0,1109.0,12600,201.57378148370725,212.68895060261372,0.45926057169066103
2020/07/14,1109.0,1125.0,1085.0,1119.0,5700,205.17191714311792,215.68589641199316,0.45681547700389563
2020/07/15,1130.0,1150.0,1116.0,1139.0,8600,202.87767292118053,213.81377041578378,0.45658375496399894
2020/07/16,1139.0,1139.0,1104.0,1105.0,6300,195.28334740298126,205.2880881112832,0.5948661104314011
2020/07/17,1145.0,1145.0,1109.0,1127.0,1600,204.4795993640295,214.83176377520738,0.7544687174051272
2020/07/20,1141.0,1147.0,1106.0,1117.0,4300,201.88767857306652,211.3433009159996,0.7341112196319101
2020/07/21,1115.0,1143.0,1115.0,1132.0,3000,203.7156413583562,213.72270510994525,0.720937428823059
2020/07/22,1139.0,1158.0,1120.0,1131.0,6500,207.139998388387,217.3764926197074,0.720786827200474
2020/07/27,1131.0,1158.0,1091.0,1133.0,5700,209.76315334219322,219.2928047831482,1.017862883417234
2020/07/28,1121.0,1146.0,1102.0,1110.0,4300,206.39499805487355,216.2953274938314,1.014708323068983
2020/07/29,1109.0,1128.0,1100.0,1115.0,4300,208.3240945326572,219.05284668028102,1.0289352158581035
2020/07/30,1130.0,1131.0,1111.0,1130.0,4400,209.14051819135153,220.81851162302132,1.0758774767960828
2020/07/31,1112.0,1134.0,1107.0,1116.0,3900,209.14199941291974,220.70208008121205,1.114732814201201
2020/08/03,1086.0,1126.0,1082.0,1124.0,7200,206.96246890109703,219.25599791330984,1.0551684184513268
2020/08/04,1135.0,1162.0,1130.0,1162.0,4400,213.3805572075285,225.56134437190306,1.044504225276347
2020/08/05,1162.0,1165.0,1106.0,1142.0,2700,207.29931808530128,219.47445855379377,1.0324441182830255
2020/08/06,1172.0,1172.0,1134.0,1137.0,2200,206.0059363617658,216.8490616490567,1.0241447552213372
2020/08/07,1134.0,1160.0,1131.0,1159.0,1900,214.72253288634025,225.37085224407497,1.1265655113756075
2020/08/11,1160.0,1189.0,1138.0,1138.0,6000,213.3467005417864,222.4109792158464,1.0191166980807294
2020/08/12,1133.0,1138.0,1120.0,1120.0,4600,213.37661953759005,220.4034224117033,0.9996221531630899
2020/08/13,1115.0,1118.0,1040.0,1101.0,18200,207.09868705450813,215.5789980367457,0.923947413114633
2020/08/14,1086.0,1117.0,1086.0,1099.0,5600,215.2685018707785,224.64599505983412,0.9143560710275386
2020/08/17,1120.0,1120.0,1108.0,1118.0,1500,222.03019781777522,231.4953444348411,0.9489392422728283
2020/08/18,1122.0,1122.0,1110.0,1122.0,2300,205.81871782412637,214.62280231200688,0.951310894776314
2020/08/19,1122.0,1123.0,1106.0,1106.0,1800,202.7823516121901,210.92200000178866,0.943174310734465
2020/08/20,1108.0,1109.0,1085.0,1094.0,7200,206.20846336831664,214.26111864211484,0.9286699461295438
2020/08/21,1083.0,1127.0,1082.0,1115.0,16800,204.240862407462,211.68269476268904,0.9477558753117107
2020/08/24,1175.0,1175.0,1133.0,1142.0,4900,213.90541101223772,223.17545155084767,0.9900199342835879
2020/08/25,1140.0,1161.0,1140.0,1153.0,7100,211.09445927002923,220.3592091054879,0.9869465014033966
2020/08/26,1181.0,1181.0,1151.0,1161.0,5300,212.4127498073294,221.62684107315428,0.998201088129044
2020/08/27,1175.0,1175.0,1160.0,1172.0,5500,216.79293972177888,226.77626402313678,1.0272450725982418
2020/08/28,1157.0,1157.0,1125.0,1125.0,11000,206.8917256140332,215.40666541336827,1.0194069444707186
2020/08/31,1118.0,1129.0,1101.0,1126.0,4500,195.74631772799918,204.32902111521432,0.973948749107156
2020/09/01,1150.0,1160.0,1143.0,1147.0,6100,206.01049155308755,216.08914576551953,0.9875760368262184
2020/09/02,1188.0,1188.0,1151.0,1159.0,6400,206.18360123919572,215.4541293131314,1.0111943923804845
2020/09/03,1179.0,1181.0,1150.0,1160.0,9400,208.473368383327,218.23564895417053,1.0012662791256832
2020/09/04,1130.0,1179.0,1130.0,1179.0,5800,216.89249345111347,225.7390213865027,1.086126175457736
2020/09/07,1156.0,1170.0,1156.0,1159.0,4000,216.92237071520398,226.3910128120811,1.1090632178328397
2020/09/08,1159.0,1175.0,1159.0,1175.0,5100,218.79766347318522,228.80938746929513,1.110043847383341
2020/09/09,1188.0,1447.0,1159.0,1433.0,31700,273.11651643417963,287.3159767694605,1.7067390610035147
2020/09/10,1410.0,1417.0,1231.0,1301.0,57900,247.83638620604043,259.7989489927596,1.3377117944192025
2020/09/11,1300.0,1325.0,1248.0,1325.0,14700,248.29806629976395,259.9895065575622,1.3446284413044336
2020/09/14,1415.0,1415.0,1361.0,1411.0,16500,261.8101253564566,274.14875280841346,1.3885328419434855
2020/09/15,1417.0,1420.0,1390.0,1400.0,7600,260.925450806662,273.71237887280466,1.3948248127022493
2020/09/16,1419.0,1475.0,1390.0,1440.0,17700,266.74856080285207,278.60571467795387,1.4276686500604372
2020/09/17,1540.0,1570.0,1476.0,1523.0,31100,271.8531574253809,283.5841544805338,1.504472932003156
2020/09/18,1550.0,1600.0,1527.0,1527.0,18300,270.27167550709277,280.7115684026185,1.5141354998798682
2020/09/23,1562.0,1562.0,1410.0,1510.0,16700,265.4146896466727,277.2648967978234,1.4552661580627593
2020/09/24,1515.0,1515.0,1410.0,1427.0,14400,253.7702381231055,265.2176381661762,1.4086641188508249
2020/09/25,1437.0,1460.0,1428.0,1429.0,8700,251.232288465306,261.567210649028,1.400767811307856
2020/09/28,1489.0,1489.0,1437.0,1475.0,6000,257.37342113415247,265.7378783797924,1.1662626451140843
2020/09/29,1480.0,1480.0,1420.0,1453.0,7600,254.8890651066881,265.0406864870345,1.1898109991582153
2020/09/30,1453.0,1472.0,1432.0,1472.0,3100,265.08859119754493,277.139046359103,1.2834486433369412
2020/10/02,1498.0,1590.0,1476.0,1506.0,23900,-1.0,-1.0,-1.0
2020/10/05,1586.0,1850.0,1561.0,1710.0,51500,-1.0,-1.0,-1.0
2020/10/06,1700.0,2050.0,1691.0,1964.0,82500,-1.0,-1.0,-1.0
2020/10/07,1884.0,1917.0,1850.0,1900.0,42500,-1.0,-1.0,-1.0
2020/10/08,1936.0,1940.0,1855.0,1919.0,18000,-1.0,-1.0,-1.0
2020/10/09,1983.0,1983.0,1899.0,1920.0,14200,-1.0,-1.0,-1.0
2020/10/12,1900.0,1920.0,1821.0,1854.0,24000,-1.0,-1.0,-1.0
2020/10/13,1894.0,1894.0,1820.0,1820.0,14200,-1.0,-1.0,-1.0
2020/10/14,1820.0,1842.0,1800.0,1820.0,9300,-1.0,-1.0,-1.0
2020/10/15,1820.0,1820.0,1700.0,1700.0,12800,-1.0,-1.0,-1.0
2020/10/16,1700.0,1700.0,1606.0,1660.0,14500,-1.0,-1.0,-1.0
2020/10/19,1660.0,2023.0,1660.0,1770.0,40300,-1.0,-1.0,-1.0
2020/10/20,1771.0,1901.0,1701.0,1901.0,16300,-1.0,-1.0,-1.0
2020/10/21,1899.0,1930.0,1843.0,1880.0,10200,-1.0,-1.0,-1.0
2020/10/22,1880.0,1889.0,1778.0,1857.0,9700,-1.0,-1.0,-1.0
2020/10/23,1834.0,1834.0,1687.0,1784.0,27800,-1.0,-1.0,-1.0
2020/10/26,1744.0,1830.0,1732.0,1747.0,7500,-1.0,-1.0,-1.0
2020/10/27,1707.0,1804.0,1701.0,1798.0,6400,-1.0,-1.0,-1.0
2020/10/28,1838.0,1838.0,1790.0,1790.0,2100,-1.0,-1.0,-1.0
2020/10/29,1750.0,1765.0,1750.0,1765.0,1900,-1.0,-1.0,-1.0
2020/10/30,1780.0,1788.0,1650.0,1706.0,12900,-1.0,-1.0,-1.0
2020/11/02,1707.0,1715.0,1626.0,1680.0,7400,-1.0,-1.0,1.3323270980992035
2020/11/04,1680.0,1824.0,1680.0,1809.0,6200,-1.0,-1.0,1.3620295324785403
2020/11/05,1794.0,1836.0,1785.0,1836.0,7400,-1.0,-1.0,1.0678140036918466
2020/11/06,1835.0,1836.0,1792.0,1808.0,4400,-1.0,-1.0,1.083917953300752
2020/11/09,1839.0,1839.0,1717.0,1758.0,9800,-1.0,-1.0,1.0745150384169397
2020/11/10,1758.0,1785.0,1660.0,1705.0,11500,-1.0,-1.0,1.0521153885519932
2020/11/11,1665.0,1830.0,1665.0,1791.0,15200,-1.0,-1.0,1.0851763798148555
2020/11/12,1790.0,1790.0,1715.0,1735.0,9300,-1.0,-1.0,1.0868277336623262
2020/11/13,1749.0,1867.0,1741.0,1815.0,10200,-1.0,-1.0,1.1196797656779651
2020/11/16,1415.0,1415.0,1415.0,1415.0,32300,-1.0,-1.0,1.0212905993741674
2020/11/17,1265.0,1400.0,1265.0,1360.0,69500,-1.0,-1.0,0.9897914150679861
2020/11/18,1360.0,1400.0,1330.0,1399.0,17200,-1.0,-1.0,1.0129339518264677
2020/11/19,1414.0,1675.0,1411.0,1528.0,23100,-1.0,-1.0,1.0664252587029355
2020/11/20,1532.0,1573.0,1520.0,1557.0,10900,-1.0,-1.0,1.0970490421980965
2020/11/24,1677.0,1677.0,1543.0,1543.0,5400,-1.0,-1.0,1.0990119454332778
2020/11/25,1522.0,1561.0,1500.0,1555.0,7100,-1.0,-1.0,1.1014973980508878
2020/11/26,1629.0,1629.0,1560.0,1560.0,4400,-1.0,-1.0,1.0772432369533027
2020/11/27,1577.0,1577.0,1538.0,1556.0,4100,-1.0,-1.0,1.0661426378949281
2020/11/30,1548.0,1548.0,1525.0,1534.0,1300,-1.0,-1.0,1.1235980590928443
2020/12/01,1522.0,1558.0,1522.0,1537.0,2100,-1.0,-1.0,1.1222812834422335
2020/12/02,1550.0,1580.0,1550.0,1575.0,3400,-1.0,-1.0,1.1344175318254814
2020/12/03,1580.0,1600.0,1579.0,1579.0,2400,-1.0,-1.0,1.0790743945667325
2020/12/04,1579.0,1579.0,1531.0,1534.0,1800,-1.0,-1.0,1.0708155679480542
2020/12/07,1534.0,1550.0,1450.0,1455.0,7600,-1.0,-1.0,1.120549980245662
2020/12/08,1455.0,1542.0,1455.0,1497.0,3200,-1.0,-1.0,1.154960727716807
2020/12/09,1501.0,1501.0,1480.0,1483.0,1100,-1.0,-1.0,1.136624426810665
2020/12/10,1553.0,1553.0,1445.0,1445.0,1500,-1.0,-1.0,1.1376683218849315
2020/12/11,1431.0,1461.0,1360.0,1397.0,12200,-1.0,-1.0,1.0551455531587617
2020/12/14,1367.0,1397.0,1360.0,1360.0,12000,-1.0,-1.0,1.0330868120743264
2020/12/15,1367.0,1367.0,1219.0,1228.0,29000,-1.0,-1.0,0.8933170580259328
2020/12/16,1228.0,1229.0,1051.0,1165.0,44600,-1.0,-1.0,0.820114608789917
2020/12/17,1160.0,1168.0,1130.0,1141.0,7300,-1.0,-1.0,0.8388314162086805
2020/12/18,1130.0,1146.0,1117.0,1136.0,7800,-1.0,-1.0,0.8098444454404032
2020/12/21,1115.0,1215.0,1114.0,1180.0,16400,-1.0,-1.0,0.6580325006687315
2020/12/22,1168.0,1195.0,1150.0,1166.0,7300,-1.0,-1.0,0.6621586180568879
2020/12/23,1166.0,1184.0,1133.0,1169.0,6500,-1.0,-1.0,0.6587918684180024
2020/12/24,1181.0,1181.0,1153.0,1163.0,2200,-1.0,-1.0,0.6554470850594988
2020/12/25,1180.0,1201.0,1180.0,1184.0,5300,-1.0,-1.0,0.6444906547764951
2020/12/28,1200.0,1230.0,1127.0,1129.0,9000,-1.0,-1.0,0.5895769254282243
2020/12/29,1121.0,1222.0,1100.0,1148.0,5400,-1.0,-1.0,0.5908463040920369
2020/12/30,1163.0,1269.0,1160.0,1183.0,8400,-1.0,-1.0,0.628067299593168
2021/01/04,1153.0,1171.0,1134.0,1140.0,6200,-1.0,-1.0,0.6376650217390262
2021/01/05,1140.0,1159.0,1125.0,1159.0,2400,-1.0,-1.0,0.6476934301455494
2021/01/06,1159.0,1175.0,1154.0,1173.0,600,-1.0,-1.0,0.6560451022585521
2021/01/07,1175.0,1206.0,1174.0,1206.0,7500,-1.0,-1.0,0.645849115688267
2021/01/08,1193.0,1205.0,1172.0,1205.0,3800,-1.0,-1.0,0.6391626509189494
2021/01/12,1205.0,1205.0,1140.0,1175.0,3200,-1.0,-1.0,0.6867156765266216
2021/01/13,1181.0,1213.0,1181.0,1205.0,3700,-1.0,-1.0,0.6933626032544052
2021/01/14,1195.0,1202.0,1156.0,1161.0,3200,-1.0,-1.0,0.8128217082076357
2021/01/15,1158.0,1158.0,1117.0,1140.0,5800,-1.0,-1.0,0.9304710777973625
2021/01/18,1129.0,1133.0,1106.0,1111.0,4900,-1.0,-1.0,0.8972112336410979
2021/01/19,1106.0,1117.0,1010.0,1024.0,23500,-1.0,-1.0,0.7588642808134628
2021/01/20,1054.0,1054.0,1000.0,1010.0,11800,-1.0,-1.0,0.7544297026751856
2021/01/21,999.0,1049.0,997.0,1026.0,7600,-1.0,-1.0,0.7456759524875193
2021/01/22,1018.0,1020.0,994.0,1001.0,10300,-1.0,-1.0,0.7372425957040876
2021/01/25,1031.0,1046.0,1005.0,1030.0,4600,-1.0,-1.0,0.8614827105220335
2021/01/26,1032.0,1032.0,1014.0,1015.0,2300,-1.0,-1.0,0.8631267676149097
2021/01/27,1015.0,1030.0,1015.0,1015.0,4400,-1.0,-1.0,0.8585796871964188
2021/01/28,998.0,1010.0,998.0,1003.0,4900,-1.0,-1.0,0.8643151010613566
2021/01/29,1004.0,1015.0,1002.0,1006.0,2800,-1.0,-1.0,0.773865275389909
2021/02/01,1006.0,1032.0,1001.0,1032.0,4300,-1.0,-1.0,0.7280729163730494
2021/02/02,1032.0,1058.0,1032.0,1045.0,4800,-1.0,-1.0,0.7278986119723407
2021/02/03,1063.0,1065.0,1046.0,1065.0,3700,-1.0,-1.0,0.727548492729376
2021/02/04,1065.0,1065.0,1045.0,1052.0,2100,-1.0,-1.0,0.7429698467811577
2021/02/05,1059.0,1115.0,1057.0,1115.0,7200,-1.0,-1.0,0.7963397271095798
2021/02/08,1104.0,1195.0,1101.0,1189.0,11500,-1.0,-1.0,0.9011326284480506
2021/02/09,1199.0,1199.0,1106.0,1170.0,17200,-1.0,-1.0,0.883464925684384
2021/02/10,1169.0,1193.0,1151.0,1192.0,4100,-1.0,-1.0,0.892510934565838
2021/02/12,1200.0,1210.0,1191.0,1193.0,4500,-1.0,-1.0,0.8805826127907399
2021/02/15,1043.0,1100.0,1031.0,1031.0,16800,-1.0,-1.0,0.7325601813868815
2021/02/16,1031.0,1044.0,1005.0,1010.0,6500,-1.0,-1.0,0.7194380300889118
2021/02/17,1006.0,1040.0,1006.0,1020.0,7300,-1.0,-1.0,0.7245472455347205
2021/02/18,1025.0,1039.0,1018.0,1018.0,1900,-1.0,-1.0,0.8837636192924276
2021/02/19,1010.0,1019.0,1000.0,1000.0,5600,-1.0,-1.0,0.8728338097838596
2021/02/22,1060.0,1060.0,1020.0,1044.0,1400,-1.0,-1.0,0.8663924668167243
2021/02/24,1043.0,1043.0,1026.0,1043.0,1900,-1.0,-1.0,0.8753638678179012
2021/02/25,1013.0,1024.0,996.0,1015.0,3100,-1.0,-1.0,0.8372099472652843
2021/02/26,1009.0,1016.0,982.0,1016.0,1200,-1.0,-1.0,0.8478565941223524
2021/03/01,996.0,1028.0,996.0,1025.0,1200,-1.0,-1.0,0.8326046484018579
2021/03/02,1005.0,1005.0,1001.0,1002.0,900,-1.0,-1.0,0.8344199909855865
2021/03/03,1002.0,1012.0,1000.0,1004.0,3100,-1.0,-1.0,0.8338481177322263
2021/03/04,998.0,1019.0,998.0,1019.0,300,-1.0,-1.0,0.8480422916285324
2021/03/05,1002.0,1007.0,991.0,1001.0,3300,-1.0,-1.0,0.8275766811676057
2021/03/08,1023.0,1023.0,1000.0,1002.0,1800,-1.0,-1.0,0.7049383645294985
2021/03/09,1002.0,1023.0,1002.0,1015.0,2000,-1.0,-1.0,0.7009420457303142
2021/03/10,1015.0,1016.0,1010.0,1010.0,300,-1.0,-1.0,0.6983705873502478
2021/03/11,1011.0,1011.0,1003.0,1009.0,1900,-1.0,-1.0,0.6629776980088379
2021/03/12,1010.0,1010.0,1001.0,1009.0,1600,-1.0,-1.0,0.5465427077574267
2021/03/15,1002.0,1006.0,998.0,1006.0,4200,-1.0,-1.0,0.9884347896454101
2021/03/16,999.0,1005.0,999.0,1002.0,1600,-1.0,-1.0,0.981047104565386
2021/03/17,1000.0,1006.0,998.0,998.0,2600,-1.0,-1.0,0.9781253539273177
2021/03/18,1005.0,1006.0,1005.0,1006.0,1100,-1.0,-1.0,1.0030230768874044
2021/03/19,1006.0,1011.0,1003.0,1010.0,5100,-1.0,-1.0,0.9792428256643652
2021/03/22,1020.0,1030.0,1001.0,1001.0,5600,-1.0,-1.0,0.9096027415296163
2021/03/23,1013.0,1013.0,990.0,1000.0,3800,-1.0,-1.0,0.9169119862769716
2021/03/24,1008.0,1008.0,984.0,999.0,2700,-1.0,-1.0,0.9337972941260473
2021/03/25,1002.0,1002.0,986.0,990.0,700,-1.0,-1.0,0.8917794428132757
2021/03/26,985.0,999.0,961.0,999.0,3100,-1.0,-1.0,0.9074841611120574
2021/03/29,999.0,999.0,966.0,975.0,7600,-1.0,-1.0,0.9412916343453336
2021/03/30,975.0,980.0,950.0,960.0,4400,-1.0,-1.0,0.9254673742082175
2021/03/31,960.0,974.0,949.0,950.0,2800,-1.0,-1.0,0.9282824774894866
2021/04/01,948.0,964.0,927.0,964.0,7400,-1.0,-1.0,0.9472893900897195
2021/04/02,951.0,972.0,951.0,955.0,1500,-1.0,-1.0,0.9343083429942663
2021/04/05,960.0,970.0,946.0,966.0,4800,-1.0,-1.0,0.9388264123155092
2021/04/06,970.0,970.0,934.0,953.0,4800,-1.0,-1.0,0.9428937689743169
2021/04/07,943.0,973.0,940.0,973.0,3900,-1.0,-1.0,0.9617547802306088
2021/04/08,965.0,974.0,961.0,973.0,6100,-1.0,-1.0,0.9750682777043033
2021/04/09,963.0,987.0,963.0,971.0,2600,-1.0,-1.0,0.972696979403484
2021/04/12,956.0,982.0,956.0,964.0,2300,-1.0,-1.0,0.9923565538685378
2021/04/13,951.0,956.0,951.0,956.0,1700,-1.0,-1.0,0.989332404054734
2021/04/14,950.0,958.0,940.0,940.0,1900,-1.0,-1.0,0.9700344661063453
2021/04/15,935.0,951.0,919.0,919.0,2400,-1.0,-1.0,0.9398695603266615
2021/04/16,949.0,949.0,933.0,937.0,1400,-1.0,-1.0,0.9557231128969311
2021/04/19,937.0,945.0,937.0,943.0,1700,-1.0,-1.0,0.9616150719222788
2021/04/20,947.0,947.0,941.0,942.0,1100,-1.0,-1.0,0.9811856752726255
2021/04/21,928.0,930.0,928.0,930.0,800,-1.0,-1.0,1.0051086999416277
2021/04/22,928.0,929.0,917.0,920.0,1800,-1.0,-1.0,0.9737431193459776
2021/04/23,900.0,911.0,850.0,874.0,10000,-1.0,-1.0,0.8324846736183054
2021/04/26,889.0,896.0,854.0,886.0,4700,-1.0,-1.0,0.9111513970446868
2021/04/27,891.0,900.0,882.0,889.0,2300,-1.0,-1.0,0.9195781957862144
2021/04/28,890.0,891.0,859.0,875.0,2800,-1.0,-1.0,0.9036923195849312
2021/04/30,854.0,897.0,854.0,874.0,1900,-1.0,-1.0,0.9233670821492868
2021/05/06,885.0,912.0,881.0,909.0,19100,-1.0,-1.0,0.9226820218106205
2021/05/07,924.0,931.0,912.0,931.0,1000,-1.0,-1.0,0.9621893292394712
2021/05/10,938.0,938.0,917.0,923.0,2200,-1.0,-1.0,0.9485027561989393
2021/05/11,932.0,932.0,906.0,921.0,3100,-1.0,-1.0,0.9198063861601758
2021/05/12,912.0,912.0,881.0,898.0,1000,-1.0,-1.0,0.873350232332853
2021/05/13,883.0,910.0,867.0,910.0,7300,-1.0,-1.0,0.9089479802783379
2021/05/14,927.0,1041.0,927.0,1021.0,16300,-1.0,-1.0,1.169020535996241
2021/05/17,1321.0,1321.0,1140.0,1140.0,61900,-1.0,-1.0,1.319983558865473
2021/05/18,1100.0,1136.0,1100.0,1120.0,20200,-1.0,-1.0,1.2943178660615084
2021/05/19,1106.0,1106.0,1054.0,1089.0,10400,-1.0,-1.0,1.2802581431077482
2021/05/20,1096.0,1096.0,1054.0,1068.0,5300,-1.0,-1.0,1.2447653159581638
2021/05/21,1058.0,1094.0,1058.0,1071.0,3800,-1.0,-1.0,1.2297775760292493
2021/05/24,1050.0,1058.0,1019.0,1042.0,6200,-1.0,-1.0,1.3365929147449298
2021/05/25,1042.0,1066.0,1040.0,1040.0,2600,-1.0,-1.0,1.3467503767946802
2021/05/26,1015.0,1018.0,1000.0,1006.0,3100,-1.0,-1.0,1.3267019774260853
2021/05/27,1006.0,1006.0,1000.0,1002.0,600,-1.0,-1.0,1.315101816228492
2021/05/28,1021.0,1021.0,976.0,993.0,2500,-1.0,-1.0,1.302763269404783
2021/05/31,993.0,1031.0,993.0,1028.0,2000,-1.0,-1.0,1.3259520504823326
2021/06/01,1000.0,1005.0,1000.0,1005.0,300,-1.0,-1.0,1.310582855670953
2021/06/02,999.0,1022.0,999.0,1018.0,2300,-1.0,-1.0,1.3069411310907015
2021/06/03,1008.0,1019.0,1008.0,1019.0,200,-1.0,-1.0,1.2902745830810836
2021/06/04,1019.0,1025.0,1013.0,1024.0,1000,-1.0,-1.0,1.2926764316605828
2021/06/07,1021.0,1021.0,1010.0,1010.0,900,-1.0,-1.0,1.2881437304945509
2021/06/08,1007.0,1020.0,1007.0,1020.0,800,-1.0,-1.0,1.2944725833365562
2021/06/09,1018.0,1018.0,1001.0,1001.0,1200,-1.0,-1.0,1.29360059113067
2021/06/10,1000.0,1000.0,993.0,1000.0,1900,-1.0,-1.0,1.2633132782299616
2021/06/11,1000.0,1000.0,960.0,980.0,3000,-1.0,-1.0,1.2069775726353995
2021/06/14,980.0,980.0,962.0,968.0,3400,-1.0,-1.0,0.8948903878382098
2021/06/15,968.0,999.0,968.0,999.0,1400,-1.0,-1.0,0.9013973143527524
2021/06/16,1007.0,1009.0,983.0,989.0,2000,-1.0,-1.0,0.895794414613421
2021/06/17,990.0,998.0,978.0,998.0,1800,-1.0,-1.0,0.8798874858075003
2021/06/18,983.0,998.0,976.0,977.0,2100,-1.0,-1.0,0.9023063613265416
2021/06/21,992.0,992.0,978.0,984.0,1000,-1.0,-1.0,0.9621310125465834
2021/06/22,979.0,999.0,979.0,979.0,1000,-1.0,-1.0,0.9264219417706415
2021/06/23,978.0,980.0,971.0,976.0,1600,-1.0,-1.0,0.9309978097268766
2021/06/24,980.0,980.0,948.0,961.0,2600,-1.0,-1.0,0.9076200262531094
2021/06/25,984.0,984.0,950.0,955.0,6000,-1.0,-1.0,0.9125193776089128
2021/06/28,966.0,966.0,953.0,964.0,1700,-1.0,-1.0,0.8945065437273761
2021/06/29,964.0,966.0,959.0,966.0,1700,-1.0,-1.0,0.9043620069393099
2021/06/30,966.0,966.0,945.0,956.0,2600,-1.0,-1.0,0.8992527461662174
2021/07/01,945.0,946.0,945.0,945.0,700,-1.0,-1.0,0.9077174621060017
2021/07/02,947.0,950.0,947.0,950.0,200,-1.0,-1.0,0.9046105595329516
2021/07/05,944.0,950.0,942.0,950.0,500,-1.0,-1.0,0.9327818562818838
2021/07/06,967.0,967.0,955.0,963.0,700,-1.0,-1.0,0.9373996168425045
2021/07/08,963.0,963.0,963.0,963.0,400,-1.0,-1.0,-1.0
2021/07/09,945.0,945.0,920.0,938.0,2100,-1.0,-1.0,-1.0
2021/07/12,933.0,952.0,933.0,952.0,300,-1.0,-1.0,-1.0
2021/07/13,961.0,961.0,930.0,951.0,1200,-1.0,-1.0,-1.0
2021/07/14,951.0,963.0,951.0,963.0,700,-1.0,-1.0,-1.0
2021/07/15,952.0,952.0,933.0,933.0,900,-1.0,-1.0,-1.0
2021/07/16,933.0,954.0,933.0,954.0,800,-1.0,-1.0,-1.0
2021/07/19,954.0,954.0,935.0,935.0,7700,-1.0,-1.0,-1.0
2021/07/20,950.0,950.0,905.0,920.0,1700,-1.0,-1.0,-1.0
2021/07/21,920.0,966.0,920.0,966.0,3000,-1.0,-1.0,-1.0
2021/07/26,966.0,966.0,943.0,943.0,1800,-1.0,-1.0,-1.0
2021/07/27,946.0,956.0,946.0,956.0,300,-1.0,-1.0,-1.0
2021/07/28,960.0,967.0,956.0,956.0,1200,-1.0,-1.0,-1.0
2021/07/29,960.0,961.0,955.0,955.0,1100,-1.0,-1.0,-1.0
2021/07/30,965.0,965.0,950.0,950.0,2300,-1.0,-1.0,-1.0
2021/08/02,950.0,958.0,950.0,952.0,2600,-1.0,-1.0,-1.0
2021/08/03,979.0,979.0,960.0,964.0,2700,-1.0,-1.0,-1.0
2021/08/04,956.0,962.0,956.0,962.0,700,-1.0,-1.0,-1.0
2021/08/05,970.0,970.0,953.0,968.0,6700,-1.0,-1.0,-1.0
2021/08/06,970.0,981.0,970.0,970.0,2000,-1.0,-1.0,-1.0
2021/08/10,989.0,1002.0,973.0,973.0,1800,-1.0,-1.0,1.0283755706406337
2021/08/11,1000.0,1032.0,977.0,1032.0,4200,-1.0,-1.0,1.1455189177541882
2021/08/12,1032.0,1161.0,1032.0,1130.0,15200,-1.0,-1.0,1.2289791040308018
2021/08/13,1106.0,1106.0,958.0,986.0,9900,-1.0,-1.0,0.7272250594607432
2021/08/16,979.0,979.0,920.0,935.0,3000,-1.0,-1.0,0.6855132367331712
2021/08/17,935.0,950.0,902.0,902.0,3700,-1.0,-1.0,0.6754069984338974
2021/08/18,887.0,914.0,872.0,875.0,2700,-1.0,-1.0,0.6600783453022496
2021/08/19,905.0,915.0,905.0,910.0,300,-1.0,-1.0,0.6734443888516722
2021/08/20,910.0,910.0,884.0,884.0,900,-1.0,-1.0,0.6423405777939764
2021/08/23,903.0,903.0,900.0,901.0,400,-1.0,-1.0,0.6619380951603658
2021/08/24,884.0,900.0,884.0,900.0,400,-1.0,-1.0,0.65336424627904
2021/08/25,910.0,914.0,899.0,910.0,1000,-1.0,-1.0,0.6534442253287175
2021/08/26,910.0,910.0,910.0,910.0,200,-1.0,-1.0,0.6518502454807226
2021/08/30,918.0,925.0,908.0,910.0,1000,-1.0,-1.0,-1.0
2021/08/31,936.0,936.0,901.0,901.0,800,-1.0,-1.0,-1.0
2021/09/01,891.0,906.0,891.0,906.0,300,-1.0,-1.0,-1.0
2021/09/02,906.0,906.0,906.0,906.0,100,-1.0,-1.0,-1.0
2021/09/03,891.0,917.0,891.0,917.0,1400,-1.0,-1.0,-1.0
2021/09/06,920.0,920.0,920.0,920.0,500,-1.0,-1.0,-1.0
2021/09/07,920.0,926.0,920.0,926.0,200,-1.0,-1.0,-1.0
2021/09/08,911.0,920.0,911.0,915.0,300,-1.0,-1.0,-1.0
2021/09/09,924.0,924.0,908.0,908.0,500,-1.0,-1.0,-1.0
2021/09/10,923.0,923.0,923.0,923.0,500,-1.0,-1.0,-1.0
2021/09/13,908.0,922.0,906.0,907.0,1000,-1.0,-1.0,-1.0
2021/09/14,906.0,913.0,902.0,902.0,1600,-1.0,-1.0,-1.0
2021/09/15,902.0,902.0,900.0,900.0,200,-1.0,-1.0,-1.0
2021/09/16,901.0,914.0,895.0,914.0,3200,-1.0,-1.0,-1.0
2021/09/17,913.0,914.0,900.0,900.0,900,-1.0,-1.0,-1.0
2021/09/21,908.0,912.0,890.0,909.0,5000,-1.0,-1.0,-1.0
2021/09/22,903.0,916.0,901.0,905.0,1000,-1.0,-1.0,-1.0
2021/09/24,893.0,905.0,893.0,905.0,1000,-1.0,-1.0,-1.0
2021/09/27,920.0,922.0,914.0,922.0,1000,-1.0,-1.0,0.927662533795878
2021/09/28,947.0,974.0,936.0,952.0,5100,-1.0,-1.0,0.9602531347241368
2021/09/29,952.0,952.0,921.0,940.0,2100,-1.0,-1.0,0.9719681400442012
2021/09/30,969.0,969.0,921.0,921.0,1500,-1.0,-1.0,0.9614699793708372
2021/10/01,925.0,925.0,921.0,921.0,200,-1.0,-1.0,0.9891667176347365
2021/10/04,906.0,906.0,902.0,902.0,300,-1.0,-1.0,1.016181578849239
2021/10/05,901.0,927.0,901.0,927.0,4900,-1.0,-1.0,1.0448034969330076
2021/10/06,929.0,932.0,920.0,920.0,600,-1.0,-1.0,1.044603391193721
2021/10/07,907.0,909.0,907.0,907.0,400,-1.0,-1.0,1.0543570055604614
2021/10/08,922.0,922.0,922.0,922.0,100,-1.0,-1.0,1.0551088642883282
2021/10/11,915.0,923.0,909.0,922.0,500,-1.0,-1.0,1.0675913617899548
2021/10/12,907.0,907.0,900.0,906.0,1200,-1.0,-1.0,1.0679089292589894
2021/10/13,895.0,907.0,895.0,907.0,700,-1.0,-1.0,1.0735361290816805
2021/10/14,908.0,908.0,898.0,899.0,600,-1.0,-1.0,1.0752422799075863
2021/10/15,897.0,900.0,897.0,900.0,300,-1.0,-1.0,1.0446390215233976
2021/10/18,901.0,925.0,901.0,925.0,1200,-1.0,-1.0,1.0627774032535606
2021/10/19,915.0,917.0,915.0,917.0,300,-1.0,-1.0,1.0578600336120523
2021/10/20,920.0,922.0,907.0,922.0,900,-1.0,-1.0,1.0626321483107488
2021/10/21,917.0,917.0,901.0,901.0,500,-1.0,-1.0,1.0634335526812373
2021/10/22,902.0,902.0,902.0,902.0,100,-1.0,-1.0,1.05472683885675
2021/10/25,917.0,920.0,902.0,920.0,14700,-1.0,-1.0,1.094843418555091
2021/10/26,920.0,932.0,917.0,917.0,700,-1.0,-1.0,1.0800577188774034
2021/10/27,930.0,930.0,915.0,925.0,600,-1.0,-1.0,1.0910856109667513
2021/10/28,935.0,935.0,935.0,935.0,600,-1.0,-1.0,1.0435149190230681
2021/10/29,935.0,935.0,919.0,926.0,900,-1.0,-1.0,1.0302796291113
2021/11/01,926.0,947.0,915.0,940.0,1200,-1.0,-1.0,1.0652610837941108
2021/11/02,928.0,938.0,928.0,936.0,4700,-1.0,-1.0,1.0700462825218628
2021/11/04,938.0,938.0,930.0,938.0,2400,-1.0,-1.0,1.0141803013380817
2021/11/05,944.0,947.0,944.0,947.0,1000,-1.0,-1.0,1.0234270393605742
2021/11/08,941.0,983.0,938.0,983.0,3000,-1.0,-1.0,1.0885476214556922
2021/11/09,998.0,998.0,958.0,973.0,1300,-1.0,-1.0,1.0872636720711257
2021/11/10,943.0,996.0,943.0,994.0,900,-1.0,-1.0,1.1125297671414722
2021/11/11,993.0,993.0,965.0,988.0,1500,-1.0,-1.0,1.072853657651332
2021/11/12,985.0,985.0,947.0,950.0,2600,-1.0,-1.0,1.0297367418532437
2021/11/15,980.0,980.0,948.0,965.0,3100,-1.0,-1.0,1.0495196326767675
2021/11/16,965.0,965.0,949.0,949.0,1500,-1.0,-1.0,1.042294702975603
2021/11/17,934.0,934.0,877.0,931.0,10700,-1.0,-1.0,1.0218441904227653
2021/11/18,922.0,922.0,900.0,914.0,3000,-1.0,-1.0,1.020926413337917
2021/11/19,915.0,918.0,900.0,918.0,1600,-1.0,-1.0,1.0178208289517698
2021/11/22,925.0,930.0,925.0,930.0,1200,-1.0,-1.0,0.9994631306912929
2021/11/24,929.0,929.0,905.0,905.0,1600,-1.0,-1.0,1.0084489197219808
2021/11/25,919.0,919.0,904.0,904.0,400,-1.0,-1.0,1.018554362690078
2021/11/26,899.0,899.0,881.0,889.0,2400,-1.0,-1.0,1.033778444075178
2021/11/29,874.0,885.0,827.0,885.0,1600,-1.0,-1.0,1.0570641982297213
2021/11/30,870.0,909.0,870.0,902.0,1900,-1.0,-1.0,1.0796106642993613
2021/12/01,877.0,877.0,847.0,873.0,1600,-1.0,-1.0,1.0528970991207882
2021/12/02,858.0,858.0,850.0,858.0,400,-1.0,-1.0,1.0490231535608712
2021/12/03,858.0,890.0,858.0,890.0,1600,-1.0,-1.0,1.0709098201198661
2021/12/06,875.0,911.0,850.0,900.0,215400,-1.0,-1.0,1.009741830712241
2021/12/07,885.0,928.0,885.0,928.0,3500,-1.0,-1.0,1.0073912470227626
2021/12/08,919.0,919.0,905.0,912.0,400,-1.0,-1.0,0.9896823625543618
2021/12/09,911.0,911.0,884.0,895.0,700,-1.0,-1.0,0.9719918237356449
2021/12/10,924.0,924.0,903.0,912.0,2700,-1.0,-1.0,0.9400650452144934
2021/12/13,902.0,902.0,887.0,887.0,300,-1.0,-1.0,0.9644527426145841
2021/12/14,861.0,865.0,843.0,865.0,12300,-1.0,-1.0,0.9454791108173355
2021/12/15,880.0,898.0,880.0,895.0,1900,-1.0,-1.0,0.964586072041457
2021/12/16,875.0,882.0,867.0,867.0,1600,-1.0,-1.0,0.94174049219124
2021/12/17,842.0,863.0,819.0,842.0,6800,-1.0,-1.0,0.9598321874211992
2021/12/20,821.0,821.0,787.0,812.0,7200,-1.0,-1.0,0.9567970942517111
2021/12/21,810.0,810.0,802.0,803.0,1200,-1.0,-1.0,0.9424292052387736
2021/12/22,773.0,792.0,750.0,792.0,213900,-1.0,-1.0,0.9112184255271041
2021/12/23,777.0,801.0,777.0,797.0,2400,-1.0,-1.0,0.9070415385996675
2021/12/24,782.0,791.0,774.0,790.0,2000,-1.0,-1.0,0.8956714205729911
2021/12/27,790.0,795.0,779.0,779.0,1100,-1.0,-1.0,0.8730909025101625
2021/12/28,809.0,809.0,772.0,772.0,3600,-1.0,-1.0,0.8449893484102396
2021/12/29,799.0,799.0,730.0,739.0,3900,-1.0,-1.0,0.7655363876733745
2021/12/30,739.0,755.0,737.0,753.0,2300,-1.0,-1.0,0.7589386855703919
2022/01/04,760.0,762.0,755.0,760.0,8100,-1.0,-1.0,0.7969638811144607
2022/01/05,773.0,783.0,768.0,783.0,6300,-1.0,-1.0,0.8097416526828218
2022/01/06,796.0,796.0,760.0,760.0,500,-1.0,-1.0,0.7937351528420376
2022/01/07,753.0,775.0,753.0,760.0,700,-1.0,-1.0,0.8235694572303386
2022/01/11,745.0,748.0,735.0,745.0,1000,-1.0,-1.0,0.8278503204408676
2022/01/12,743.0,743.0,743.0,743.0,100,-1.0,-1.0,0.8237340116927235
2022/01/13,773.0,773.0,746.0,746.0,1500,-1.0,-1.0,0.8368042603054319
2022/01/14,761.0,761.0,731.0,761.0,900,-1.0,-1.0,0.8402865587412633
2022/01/17,761.0,765.0,750.0,750.0,400,-1.0,-1.0,0.861801683560872
2022/01/18,753.0,753.0,743.0,743.0,500,-1.0,-1.0,0.8582045861726914
2022/01/19,736.0,854.0,736.0,854.0,8400,-1.0,-1.0,1.0729183817082781
2022/01/20,861.0,861.0,804.0,829.0,4400,-1.0,-1.0,1.0650205189697866
2022/01/21,800.0,810.0,770.0,810.0,1600,-1.0,-1.0,1.0804849310419367
2022/01/24,815.0,830.0,815.0,830.0,900,-1.0,-1.0,1.0910298791132669
2022/01/25,785.0,816.0,770.0,816.0,500,-1.0,-1.0,1.104166811406932
2022/01/26,786.0,786.0,786.0,786.0,100,-1.0,-1.0,1.1056856481998083
2022/01/27,751.0,760.0,751.0,760.0,500,-1.0,-1.0,1.1792463509288167
2022/01/28,736.0,810.0,735.0,750.0,2300,-1.0,-1.0,1.2293447223374137
2022/02/01,775.0,776.0,775.0,776.0,200,-1.0,-1.0,-1.0
2022/02/02,746.0,777.0,746.0,777.0,1700,-1.0,-1.0,-1.0
2022/02/03,772.0,772.0,757.0,757.0,400,-1.0,-1.0,-1.0
2022/02/07,742.0,742.0,714.0,714.0,1200,-1.0,-1.0,-1.0
2022/02/08,717.0,717.0,694.0,694.0,600,-1.0,-1.0,-1.0
2022/02/09,689.0,704.0,686.0,688.0,700,-1.0,-1.0,-1.0
2022/02/10,723.0,723.0,702.0,702.0,1100,-1.0,-1.0,-1.0
2022/02/14,710.0,724.0,710.0,724.0,600,-1.0,-1.0,-1.0
2022/02/15,700.0,700.0,610.0,634.0,17100,-1.0,-1.0,-1.0
2022/02/16,654.0,654.0,602.0,623.0,9900,-1.0,-1.0,-1.0
2022/02/17,616.0,616.0,562.0,585.0,13500,-1.0,-1.0,-1.0
2022/02/18,565.0,619.0,537.0,619.0,14000,-1.0,-1.0,-1.0
2022/02/21,618.0,618.0,593.0,600.0,15500,-1.0,-1.0,-1.0
2022/02/22,595.0,624.0,591.0,624.0,6200,-1.0,-1.0,-1.0
2022/02/24,614.0,614.0,590.0,590.0,2100,-1.0,-1.0,-1.0
2022/02/25,596.0,606.0,568.0,578.0,2100,-1.0,-1.0,-1.0
2022/02/28,576.0,608.0,576.0,608.0,6100,-1.0,-1.0,-1.0
2022/03/01,608.0,624.0,601.0,624.0,2700,-1.0,-1.0,-1.0
2022/03/02,621.0,630.0,620.0,630.0,36800,-1.0,-1.0,-1.0
2022/03/03,644.0,690.0,633.0,689.0,4800,-1.0,-1.0,-1.0
2022/03/04,689.0,713.0,689.0,713.0,2400,-1.0,-1.0,-1.0
2022/03/07,715.0,780.0,715.0,742.0,1600,-1.0,-1.0,1.1087367249199775
2022/03/08,742.0,743.0,700.0,700.0,7500,-1.0,-1.0,1.1044182663704503
2022/03/10,665.0,665.0,640.0,642.0,600,-1.0,-1.0,-1.0
2022/03/11,642.0,651.0,642.0,651.0,300,-1.0,-1.0,-1.0
2022/03/14,624.0,624.0,614.0,614.0,700,-1.0,-1.0,-1.0
2022/03/15,654.0,665.0,645.0,645.0,700,-1.0,-1.0,-1.0
2022/03/16,645.0,655.0,645.0,655.0,600,-1.0,-1.0,-1.0
2022/03/18,655.0,675.0,655.0,675.0,300,-1.0,-1.0,-1.0
2022/03/22,685.0,685.0,645.0,650.0,3200,-1.0,-1.0,-1.0
2022/03/23,650.0,661.0,650.0,661.0,800,-1.0,-1.0,-1.0
2022/03/24,663.0,663.0,653.0,653.0,200,-1.0,-1.0,-1.0
2022/03/25,653.0,653.0,643.0,643.0,1400,-1.0,-1.0,-1.0
2022/03/28,633.0,648.0,633.0,648.0,900,-1.0,-1.0,-1.0
2022/03/29,648.0,650.0,648.0,650.0,200,-1.0,-1.0,-1.0
2022/03/30,632.0,632.0,632.0,632.0,200,-1.0,-1.0,-1.0
2022/03/31,631.0,633.0,631.0,631.0,600,-1.0,-1.0,-1.0
2022/04/01,631.0,635.0,631.0,635.0,400,-1.0,-1.0,-1.0
2022/04/04,650.0,651.0,650.0,651.0,300,-1.0,-1.0,-1.0
2022/04/05,691.0,710.0,679.0,700.0,3700,-1.0,-1.0,-1.0
2022/04/06,715.0,715.0,666.0,674.0,1200,-1.0,-1.0,-1.0
2022/04/07,654.0,700.0,653.0,700.0,800,-1.0,-1.0,-1.0
2022/04/12,701.0,712.0,701.0,712.0,500,-1.0,-1.0,-1.0
2022/04/13,709.0,711.0,676.0,676.0,800,-1.0,-1.0,-1.0
2022/04/15,650.0,650.0,650.0,650.0,600,-1.0,-1.0,-1.0
2022/04/18,690.0,750.0,690.0,750.0,2800,-1.0,-1.0,-1.0
2022/04/19,900.0,900.0,885.0,900.0,26200,-1.0,-1.0,-1.0
2022/04/20,915.0,934.0,824.0,850.0,107800,-1.0,-1.0,-1.0
2022/04/21,820.0,835.0,776.0,782.0,15500,-1.0,-1.0,-1.0
2022/04/22,737.0,762.0,737.0,753.0,6000,-1.0,-1.0,-1.0
2022/04/25,768.0,768.0,674.0,674.0,4700,-1.0,-1.0,-1.0
2022/04/26,666.0,725.0,666.0,725.0,3000,-1.0,-1.0,-1.0
2022/04/27,725.0,738.0,689.0,709.0,1100,-1.0,-1.0,-1.0
2022/04/28,694.0,694.0,684.0,684.0,400,-1.0,-1.0,-1.0
2022/05/02,674.0,684.0,674.0,684.0,900,-1.0,-1.0,-1.0
2022/05/06,694.0,712.0,684.0,684.0,2400,-1.0,-1.0,-1.0
2022/05/09,684.0,716.0,682.0,684.0,1100,-1.0,-1.0,-1.0
2022/05/10,684.0,684.0,664.0,671.0,600,-1.0,-1.0,-1.0
2022/05/11,661.0,671.0,661.0,666.0,300,-1.0,-1.0,-1.0
2022/05/12,656.0,669.0,652.0,659.0,800,-1.0,-1.0,-1.0
2022/05/13,652.0,675.0,652.0,674.0,500,-1.0,-1.0,-1.0
2022/05/16,655.0,737.0,655.0,700.0,4200,-1.0,-1.0,0.8559002373312328
2022/05/17,700.0,704.0,699.0,699.0,1900,-1.0,-1.0,0.8520105243982807
2022/05/18,679.0,679.0,672.0,672.0,400,-1.0,-1.0,0.8428794355912563
2022/05/19,672.0,672.0,672.0,672.0,100,-1.0,-1.0,0.8329130534275964
2022/05/20,692.0,692.0,692.0,692.0,200,-1.0,-1.0,0.8905141203087382
2022/05/24,670.0,673.0,653.0,655.0,1100,-1.0,-1.0,-1.0
2022/05/26,655.0,655.0,655.0,655.0,100,-1.0,-1.0,-1.0
2022/05/27,655.0,658.0,655.0,658.0,200,-1.0,-1.0,-1.0
2022/05/30,653.0,658.0,652.0,652.0,400,-1.0,-1.0,-1.0
2022/05/31,657.0,657.0,640.0,640.0,700,-1.0,-1.0,-1.0
2022/06/01,670.0,670.0,655.0,665.0,900,-1.0,-1.0,-1.0
2022/06/02,645.0,668.0,645.0,668.0,400,-1.0,-1.0,-1.0
2022/06/03,676.0,676.0,676.0,676.0,200,-1.0,-1.0,-1.0
2022/06/06,690.0,715.0,670.0,671.0,1000,-1.0,-1.0,-1.0
2022/06/07,665.0,665.0,650.0,657.0,1600,-1.0,-1.0,-1.0
2022/06/08,658.0,684.0,658.0,661.0,6800,-1.0,-1.0,-1.0
2022/06/09,661.0,670.0,655.0,655.0,900,-1.0,-1.0,-1.0
2022/06/10,685.0,690.0,659.0,660.0,2400,-1.0,-1.0,-1.0
2022/06/13,660.0,661.0,657.0,657.0,800,-1.0,-1.0,-1.0
2022/06/14,667.0,667.0,622.0,631.0,2600,-1.0,-1.0,-1.0
2022/06/15,620.0,627.0,611.0,611.0,800,-1.0,-1.0,-1.0
2022/06/16,611.0,617.0,590.0,609.0,7000,-1.0,-1.0,-1.0
2022/06/17,619.0,619.0,605.0,605.0,300,-1.0,-1.0,-1.0
2022/06/20,644.0,644.0,606.0,608.0,800,-1.0,-1.0,-1.0
2022/06/21,607.0,616.0,604.0,609.0,1300,-1.0,-1.0,-1.0
2022/06/27,620.0,620.0,615.0,615.0,300,-1.0,-1.0,-1.0
2022/06/28,620.0,620.0,610.0,610.0,300,-1.0,-1.0,-1.0
2022/06/29,610.0,659.0,610.0,659.0,11800,-1.0,-1.0,-1.0
2022/06/30,679.0,679.0,624.0,624.0,700,-1.0,-1.0,-1.0
2022/07/01,623.0,623.0,604.0,604.0,900,-1.0,-1.0,-1.0
2022/07/04,604.0,610.0,604.0,610.0,300,-1.0,-1.0,-1.0
2022/07/05,620.0,621.0,619.0,621.0,800,-1.0,-1.0,-1.0
2022/07/07,631.0,631.0,631.0,631.0,100,-1.0,-1.0,-1.0
2022/07/08,625.0,625.0,625.0,625.0,400,-1.0,-1.0,-1.0
2022/07/13,612.0,620.0,612.0,620.0,300,-1.0,-1.0,-1.0
2022/07/14,617.0,625.0,615.0,615.0,1500,-1.0,-1.0,-1.0
2022/07/15,606.0,606.0,606.0,606.0,300,-1.0,-1.0,-1.0
2022/07/19,616.0,616.0,616.0,616.0,100,-1.0,-1.0,-1.0
2022/07/20,646.0,646.0,627.0,631.0,800,-1.0,-1.0,-1.0
2022/07/21,620.0,621.0,610.0,610.0,11700,-1.0,-1.0,-1.0
2022/07/22,610.0,630.0,610.0,630.0,700,-1.0,-1.0,-1.0
2022/07/25,630.0,638.0,620.0,638.0,10600,-1.0,-1.0,-1.0
2022/07/26,630.0,630.0,623.0,623.0,200,-1.0,-1.0,-1.0
2022/07/27,615.0,621.0,615.0,621.0,200,-1.0,-1.0,-1.0
2022/07/28,629.0,629.0,629.0,629.0,100,-1.0,-1.0,-1.0
2022/07/29,616.0,622.0,616.0,620.0,900,-1.0,-1.0,-1.0
2022/08/01,610.0,610.0,610.0,610.0,100,-1.0,-1.0,-1.0
2022/08/02,612.0,612.0,608.0,608.0,10200,-1.0,-1.0,-1.0
2022/08/04,608.0,608.0,608.0,608.0,500,-1.0,-1.0,-1.0
2022/08/05,608.0,608.0,608.0,608.0,100,-1.0,-1.0,-1.0
2022/08/08,608.0,608.0,608.0,608.0,100,-1.0,-1.0,-1.0
2022/08/09,608.0,617.0,608.0,617.0,400,-1.0,-1.0,-1.0
2022/08/10,608.0,608.0,608.0,608.0,200,-1.0,-1.0,-1.0
2022/08/15,608.0,667.0,608.0,647.0,6900,-1.0,-1.0,-1.0
2022/08/18,619.0,660.0,619.0,660.0,900,-1.0,-1.0,-1.0
2022/08/19,660.0,660.0,645.0,645.0,1900,-1.0,-1.0,-1.0
2022/08/22,645.0,655.0,635.0,651.0,1600,-1.0,-1.0,-1.0
2022/08/23,651.0,651.0,651.0,651.0,400,-1.0,-1.0,-1.0
2022/08/25,716.0,719.0,665.0,670.0,10600,-1.0,-1.0,-1.0
2022/08/26,700.0,719.0,678.0,685.0,6000,-1.0,-1.0,-1.0
2022/08/29,699.0,699.0,676.0,696.0,400,-1.0,-1.0,-1.0
2022/08/30,697.0,697.0,696.0,696.0,300,-1.0,-1.0,-1.0
2022/09/01,670.0,670.0,670.0,670.0,800,-1.0,-1.0,-1.0
2022/09/02,639.0,639.0,629.0,639.0,700,-1.0,-1.0,-1.0
2022/09/05,648.0,648.0,648.0,648.0,300,-1.0,-1.0,-1.0
2022/09/06,645.0,655.0,635.0,655.0,500,-1.0,-1.0,-1.0
2022/09/08,655.0,655.0,634.0,649.0,900,-1.0,-1.0,-1.0
2022/09/09,649.0,657.0,647.0,647.0,500,-1.0,-1.0,-1.0
2022/09/12,647.0,649.0,647.0,649.0,500,-1.0,-1.0,-1.0
2022/09/13,650.0,650.0,650.0,650.0,1000,-1.0,-1.0,-1.0
2022/09/14,640.0,640.0,640.0,640.0,100,-1.0,-1.0,-1.0
2022/09/16,680.0,680.0,679.0,679.0,200,-1.0,-1.0,-1.0
2022/09/20,689.0,689.0,685.0,685.0,300,-1.0,-1.0,-1.0
2022/09/21,687.0,687.0,687.0,687.0,100,-1.0,-1.0,-1.0
2022/09/26,647.0,657.0,647.0,657.0,200,-1.0,-1.0,-1.0
2022/09/28,641.0,641.0,640.0,640.0,500,-1.0,-1.0,-1.0
2022/09/29,640.0,640.0,640.0,640.0,210800,-1.0,-1.0,-1.0
2022/09/30,690.0,690.0,658.0,658.0,1000,-1.0,-1.0,-1.0
2022/10/03,648.0,683.0,643.0,669.0,1000,-1.0,-1.0,-1.0
2022/10/04,669.0,669.0,669.0,669.0,4200,-1.0,-1.0,-1.0
2022/10/07,666.0,666.0,666.0,666.0,800,-1.0,-1.0,-1.0
2022/10/13,666.0,666.0,656.0,656.0,200,-1.0,-1.0,-1.0
2022/10/14,646.0,646.0,640.0,640.0,800,-1.0,-1.0,-1.0
2022/10/17,640.0,640.0,630.0,630.0,200,-1.0,-1.0,-1.0
2022/10/18,644.0,644.0,644.0,644.0,100,-1.0,-1.0,-1.0
2022/10/19,634.0,634.0,631.0,631.0,700,-1.0,-1.0,-1.0
2022/10/20,651.0,651.0,651.0,651.0,200,-1.0,-1.0,-1.0
2022/10/21,655.0,655.0,655.0,655.0,100,-1.0,-1.0,-1.0
2022/10/24,635.0,639.0,629.0,639.0,1800,-1.0,-1.0,-1.0
2022/10/25,640.0,640.0,640.0,640.0,200,-1.0,-1.0,-1.0
2022/10/31,670.0,670.0,624.0,624.0,3400,-1.0,-1.0,-1.0
2022/11/01,615.0,624.0,615.0,620.0,700,-1.0,-1.0,-1.0
2022/11/02,620.0,629.0,620.0,629.0,300,-1.0,-1.0,-1.0
2022/11/07,611.0,613.0,611.0,611.0,400,-1.0,-1.0,-1.0
2022/11/08,612.0,612.0,612.0,612.0,100,-1.0,-1.0,-1.0
2022/11/09,622.0,622.0,604.0,604.0,700,-1.0,-1.0,-1.0
2022/11/11,614.0,614.0,609.0,609.0,300,-1.0,-1.0,-1.0
2022/11/14,615.0,630.0,609.0,621.0,1300,-1.0,-1.0,-1.0
2022/11/15,605.0,631.0,605.0,617.0,4400,-1.0,-1.0,-1.0
2022/11/16,616.0,617.0,610.0,610.0,1500,-1.0,-1.0,-1.0
2022/11/17,610.0,611.0,604.0,604.0,1500,-1.0,-1.0,-1.0
2022/11/18,611.0,613.0,611.0,613.0,500,-1.0,-1.0,-1.0
2022/11/21,616.0,616.0,611.0,611.0,300,-1.0,-1.0,-1.0
2022/11/22,614.0,614.0,606.0,606.0,700,-1.0,-1.0,-1.0
2022/11/24,616.0,616.0,609.0,615.0,700,-1.0,-1.0,-1.0
2022/11/25,608.0,614.0,608.0,614.0,500,-1.0,-1.0,-1.0
2022/11/28,615.0,618.0,615.0,618.0,600,-1.0,-1.0,-1.0
2022/11/29,611.0,611.0,611.0,611.0,700,-1.0,-1.0,-1.0
2022/11/30,611.0,637.0,611.0,637.0,300,-1.0,-1.0,-1.0
2022/12/01,635.0,635.0,624.0,624.0,1000,-1.0,-1.0,-1.0
2022/12/02,616.0,616.0,615.0,615.0,700,-1.0,-1.0,-1.0
2022/12/05,609.0,612.0,609.0,612.0,6400,-1.0,-1.0,-1.0
2022/12/06,612.0,615.0,612.0,615.0,500,-1.0,-1.0,-1.0
2022/12/07,606.0,643.0,606.0,640.0,2600,-1.0,-1.0,-1.0
2022/12/08,644.0,644.0,643.0,643.0,600,-1.0,-1.0,-1.0
2022/12/09,645.0,660.0,645.0,660.0,1100,-1.0,-1.0,-1.0
2022/12/12,660.0,666.0,660.0,666.0,1000,-1.0,-1.0,1.0855689240913815
2022/12/13,646.0,656.0,646.0,656.0,300,-1.0,-1.0,1.075204362839909
2022/12/14,646.0,646.0,646.0,646.0,100,-1.0,-1.0,1.0673480790456602
2022/12/15,659.0,660.0,643.0,643.0,500,-1.0,-1.0,1.078041565480496
2022/12/16,640.0,644.0,639.0,644.0,300,-1.0,-1.0,1.0992881752199068
2022/12/19,654.0,685.0,638.0,655.0,14800,-1.0,-1.0,1.1173270084670666
2022/12/20,650.0,680.0,637.0,637.0,3600,-1.0,-1.0,1.2159324516071859
2022/12/21,637.0,649.0,637.0,649.0,800,-1.0,-1.0,1.2346246317374414
2022/12/22,649.0,650.0,639.0,640.0,10500,-1.0,-1.0,1.2326586191976632
2022/12/23,638.0,638.0,636.0,636.0,700,-1.0,-1.0,1.2424421092067741
2022/12/26,626.0,642.0,626.0,632.0,1200,-1.0,-1.0,1.2202764773950259
2022/12/27,632.0,632.0,622.0,623.0,800,-1.0,-1.0,1.2047537301173503
2022/12/28,623.0,623.0,608.0,608.0,700,-1.0,-1.0,1.1801760837351025
2022/12/29,638.0,638.0,638.0,638.0,400,-1.0,-1.0,1.1792805569017564
2022/12/30,632.0,632.0,632.0,632.0,200,-1.0,-1.0,1.1024934991010094
2023/01/05,682.0,682.0,640.0,640.0,300,-1.0,-1.0,-1.0
2023/01/06,640.0,651.0,640.0,651.0,400,-1.0,-1.0,-1.0
2023/01/10,731.0,751.0,670.0,670.0,70200,-1.0,-1.0,-1.0
2023/01/11,660.0,665.0,640.0,645.0,9200,-1.0,-1.0,-1.0
2023/01/12,650.0,650.0,629.0,629.0,3100,-1.0,-1.0,-1.0
2023/01/13,635.0,635.0,617.0,619.0,7100,-1.0,-1.0,-1.0
2023/01/16,619.0,634.0,619.0,632.0,1600,-1.0,-1.0,-1.0
2023/01/17,633.0,633.0,631.0,631.0,200,-1.0,-1.0,-1.0
2023/01/18,641.0,642.0,635.0,637.0,1600,-1.0,-1.0,-1.0
2023/01/19,636.0,636.0,636.0,636.0,100,-1.0,-1.0,-1.0
2023/01/20,649.0,655.0,648.0,652.0,1800,-1.0,-1.0,-1.0
2023/01/23,658.0,658.0,658.0,658.0,100,-1.0,-1.0,-1.0
2023/01/24,658.0,658.0,658.0,658.0,100,-1.0,-1.0,-1.0
2023/01/25,658.0,660.0,658.0,658.0,500,-1.0,-1.0,-1.0
2023/01/26,666.0,666.0,666.0,666.0,100,-1.0,-1.0,-1.0
2023/01/27,675.0,675.0,654.0,668.0,1200,-1.0,-1.0,-1.0
2023/01/30,668.0,668.0,656.0,661.0,700,-1.0,-1.0,-1.0
2023/01/31,650.0,658.0,650.0,650.0,2100,-1.0,-1.0,-1.0
2023/02/01,650.0,664.0,650.0,660.0,1500,-1.0,-1.0,-1.0
2023/02/02,652.0,661.0,651.0,661.0,1400,-1.0,-1.0,-1.0
2023/02/03,660.0,661.0,651.0,651.0,3500,-1.0,-1.0,-1.0
2023/02/06,661.0,675.0,651.0,651.0,2200,-1.0,-1.0,0.915464756551462
2023/02/07,661.0,666.0,661.0,665.0,2600,-1.0,-1.0,0.9167021380210767
2023/02/08,699.0,700.0,681.0,682.0,7500,-1.0,-1.0,0.9284647824594779
2023/02/09,682.0,683.0,677.0,677.0,3600,-1.0,-1.0,0.9268741706380076
2023/02/10,680.0,680.0,680.0,680.0,200,-1.0,-1.0,0.9647404327382989
2023/02/13,680.0,680.0,661.0,661.0,1000,-1.0,-1.0,0.9689030677147203
2023/02/14,681.0,696.0,670.0,696.0,4000,-1.0,-1.0,1.0593345272606018
2023/02/15,796.0,796.0,796.0,796.0,5600,-1.0,-1.0,1.0589547291914168
2023/02/16,946.0,946.0,946.0,946.0,8200,-1.0,-1.0,1.0625616275517924
2023/02/17,1336.0,1451.0,1106.0,1208.0,1268900,-1.0,-1.0,1.7661589718738921
2023/02/20,1118.0,1138.0,1015.0,1082.0,191100,-1.0,-1.0,1.3248411490736711
2023/02/21,1059.0,1150.0,1016.0,1131.0,111500,-1.0,-1.0,1.3486337523961578
2023/02/22,1161.0,1199.0,1075.0,1126.0,79100,-1.0,-1.0,1.3617925160277462
2023/02/24,1096.0,1097.0,1036.0,1097.0,31600,-1.0,-1.0,1.3712513060537324
2023/02/27,1083.0,1300.0,1046.0,1265.0,74700,-1.0,-1.0,1.5070277797817369
2023/02/28,1205.0,1363.0,1160.0,1306.0,63700,-1.0,-1.0,1.5182896891368443
2023/03/01,1247.0,1338.0,1206.0,1335.0,33800,-1.0,-1.0,1.522825398176705
2023/03/02,1300.0,1317.0,1261.0,1312.0,15200,-1.0,-1.0,1.5049282590588624
2023/03/03,1342.0,1342.0,1291.0,1305.0,8500,-1.0,-1.0,1.5065235321643606
2023/03/06,1270.0,1339.0,1270.0,1325.0,10200,-1.0,-1.0,1.5305906878466704
2023/03/07,1327.0,1330.0,1294.0,1297.0,7000,-1.0,-1.0,1.5181140217992601
2023/03/08,1295.0,1295.0,1214.0,1255.0,12500,-1.0,-1.0,1.5015011156993507
2023/03/09,1255.0,1255.0,1166.0,1172.0,12800,-1.0,-1.0,1.4691421711709534
2023/03/10,1171.0,1188.0,1155.0,1156.0,4200,-1.0,-1.0,1.5612684017330047
2023/03/13,1148.0,1185.0,1107.0,1123.0,4800,-1.0,-1.0,1.695691323524457
2023/03/14,1123.0,1356.0,1123.0,1224.0,37800,-1.0,-1.0,2.207847358985853
2023/03/15,1254.0,1264.0,1167.0,1225.0,14500,-1.0,-1.0,2.206230901820895
2023/03/16,1166.0,1183.0,1140.0,1161.0,3000,-1.0,-1.0,2.317349540828159
2023/03/17,1251.0,1251.0,1179.0,1224.0,4200,-1.0,-1.0,2.325816007014249
2023/03/20,1180.0,1274.0,1177.0,1177.0,3500,-1.0,-1.0,1.6839372999350575
2023/03/22,1339.0,1360.0,1270.0,1360.0,28900,-1.0,-1.0,1.8412868703143295
2023/03/23,1350.0,1368.0,1312.0,1338.0,13500,-1.0,-1.0,1.6976582725558276
2023/03/24,1357.0,1630.0,1350.0,1530.0,113300,-1.0,-1.0,2.1251662225022923
2023/03/27,1545.0,1784.0,1413.0,1770.0,119100,-1.0,-1.0,2.016542793309326
2023/03/28,1790.0,1830.0,1650.0,1795.0,65300,-1.0,-1.0,2.0360878094769688
2023/03/29,1792.0,1792.0,1684.0,1714.0,30900,-1.0,-1.0,2.0314603800608904
2023/03/30,1674.0,1780.0,1590.0,1613.0,29400,-1.0,-1.0,1.9164329941114369
2023/03/31,1610.0,1698.0,1570.0,1615.0,18200,-1.0,-1.0,1.8952090711174698
2023/04/03,1653.0,1884.0,1653.0,1796.0,52100,-1.0,-1.0,2.2733386986938995
2023/04/04,1800.0,1850.0,1751.0,1780.0,26300,-1.0,-1.0,2.2750212559780127
2023/04/05,1780.0,1839.0,1752.0,1779.0,13000,-1.0,-1.0,2.3369918989105454
2023/04/06,1804.0,1849.0,1754.0,1776.0,18100,-1.0,-1.0,2.363078227210045
2023/04/07,1781.0,1785.0,1603.0,1620.0,19100,-1.0,-1.0,2.0623427361553435
2023/04/10,1660.0,1736.0,1647.0,1702.0,14900,-1.0,-1.0,2.3128588463745117
2023/04/11,1662.0,1760.0,1660.0,1660.0,3300,-1.0,-1.0,2.254319652601043
2023/04/12,1651.0,1692.0,1619.0,1686.0,6000,-1.0,-1.0,2.277826811212938
2023/04/13,1646.0,1709.0,1631.0,1638.0,7600,-1.0,-1.0,2.0149411097634875
2023/04/14,1620.0,1679.0,1620.0,1640.0,3200,-1.0,-1.0,1.9263221204214276
2023/04/17,1623.0,1694.0,1623.0,1694.0,2600,-1.0,-1.0,1.8118008130115248
2023/04/18,1654.0,1715.0,1653.0,1709.0,3400,-1.0,-1.0,1.7921504036339926
2023/04/19,1738.0,1840.0,1733.0,1775.0,12000,-1.0,-1.0,1.8679195510862219
2023/04/20,1753.0,1770.0,1661.0,1710.0,10900,-1.0,-1.0,1.5902124850578512
2023/04/21,1700.0,1700.0,1633.0,1693.0,6700,-1.0,-1.0,1.5811009077230918
2023/04/24,1690.0,1690.0,1631.0,1631.0,3600,-1.0,-1.0,0.9234603105430065
2023/04/25,1631.0,1647.0,1525.0,1537.0,11700,-1.0,-1.0,0.8870810407770494
2023/04/26,1500.0,1580.0,1420.0,1513.0,13200,-1.0,-1.0,0.8837671280875086
2023/04/27,1525.0,1575.0,1465.0,1575.0,5500,-1.0,-1.0,0.8196238169363929
2023/04/28,1575.0,1610.0,1508.0,1569.0,7700,-1.0,-1.0,0.8227979248292365
2023/05/01,1575.0,1575.0,1494.0,1539.0,6200,-1.0,-1.0,0.7405903379813389
2023/05/02,1518.0,1595.0,1518.0,1589.0,4800,-1.0,-1.0,0.7543259337295848
2023/05/08,1589.0,1657.0,1570.0,1635.0,4600,-1.0,-1.0,0.9166482691084756
2023/05/09,1699.0,1703.0,1633.0,1688.0,7100,-1.0,-1.0,0.9112313448268619
2023/05/10,1687.0,1688.0,1637.0,1638.0,2700,-1.0,-1.0,0.9049061723518005
2023/05/11,1650.0,1650.0,1619.0,1619.0,9500,-1.0,-1.0,0.9307101839647266
2023/05/12,1613.0,1662.0,1481.0,1553.0,24500,-1.0,-1.0,0.874442986003984
2023/05/15,1553.0,1685.0,1520.0,1603.0,22200,-1.0,-1.0,0.922739384949667
2023/05/16,1453.0,1633.0,1453.0,1495.0,17200,-1.0,-1.0,0.79576997602676
2023/05/17,1490.0,1518.0,1478.0,1497.0,2700,-1.0,-1.0,0.7944111643851762
2023/05/18,1500.0,1500.0,1446.0,1452.0,4100,-1.0,-1.0,0.7851499712160585
2023/05/19,1438.0,1451.0,1340.0,1404.0,15000,-1.0,-1.0,0.7354969394274495
2023/05/22,1434.0,1434.0,1347.0,1353.0,17500,-1.0,-1.0,0.7472882227818649
2023/05/23,1362.0,1362.0,1224.0,1273.0,17300,-1.0,-1.0,0.6598319545250455
2023/05/24,1279.0,1455.0,1279.0,1341.0,14600,-1.0,-1.0,0.7491287545506414
2023/05/25,1363.0,1420.0,1355.0,1395.0,5600,-1.0,-1.0,0.813981524133546
2023/05/26,1423.0,1423.0,1331.0,1402.0,5800,-1.0,-1.0,0.8247507094935235
2023/05/29,1416.0,1416.0,1354.0,1407.0,5300,-1.0,-1.0,0.8362334921942949
2023/05/30,1416.0,1467.0,1407.0,1422.0,5800,-1.0,-1.0,0.8397619499828962
2023/05/31,1435.0,1448.0,1355.0,1393.0,3600,-1.0,-1.0,0.8366778818413627
2023/06/01,1393.0,1398.0,1365.0,1365.0,1200,-1.0,-1.0,0.811192559971975
2023/06/02,1377.0,1380.0,1329.0,1365.0,4600,-1.0,-1.0,0.7719341458926089
2023/06/05,1395.0,1459.0,1376.0,1420.0,8700,-1.0,-1.0,0.782166828119888
2023/06/06,1467.0,1467.0,1449.0,1460.0,1400,-1.0,-1.0,0.7538198709710558
2023/06/07,1460.0,1463.0,1414.0,1445.0,3500,-1.0,-1.0,0.7133866606188832
2023/06/08,1444.0,1444.0,1405.0,1416.0,1000,-1.0,-1.0,0.7041364710246327
2023/06/09,1431.0,1460.0,1428.0,1451.0,3400,-1.0,-1.0,0.7102315787707918
2023/06/12,1481.0,1573.0,1480.0,1544.0,8300,-1.0,-1.0,0.7763366386330232
2023/06/13,1599.0,1747.0,1592.0,1742.0,16100,-1.0,-1.0,0.8902299245081151
2023/06/14,1782.0,1782.0,1610.0,1646.0,12700,-1.0,-1.0,0.8259925773842487
2023/06/15,1699.0,1699.0,1623.0,1659.0,3700,-1.0,-1.0,1.141059819403636
2023/06/16,1697.0,1701.0,1659.0,1660.0,4400,-1.0,-1.0,1.1470935938654976
2023/06/19,1700.0,1816.0,1630.0,1779.0,21500,-1.0,-1.0,1.3554026712333864
2023/06/20,1806.0,1806.0,1699.0,1720.0,10700,-1.0,-1.0,1.3253863112711135
2023/06/21,1757.0,1757.0,1700.0,1710.0,1900,-1.0,-1.0,1.3114711332776359
2023/06/22,1683.0,1698.0,1663.0,1680.0,3600,-1.0,-1.0,1.3475274291654527
2023/06/23,1663.0,1663.0,1520.0,1622.0,20900,-1.0,-1.0,1.2708720091149777
2023/06/26,1631.0,1631.0,1576.0,1606.0,10600,-1.0,-1.0,1.243990323535711
2023/06/27,1584.0,1598.0,1565.0,1598.0,1700,-1.0,-1.0,1.238945513199977
2023/06/28,1633.0,1633.0,1554.0,1602.0,5600,-1.0,-1.0,1.2184845210037578
2023/06/29,1619.0,1619.0,1532.0,1587.0,6000,-1.0,-1.0,1.195351750937988
2023/06/30,1619.0,1619.0,1598.0,1600.0,2500,-1.0,-1.0,1.2024454813695185
2023/07/03,1605.0,1794.0,1605.0,1789.0,9900,-1.0,-1.0,1.5313860708821168
2023/07/04,1800.0,1802.0,1720.0,1802.0,8400,-1.0,-1.0,1.5905251078576756
2023/07/05,1835.0,1949.0,1810.0,1904.0,20400,-1.0,-1.0,1.6860714688642253
2023/07/06,1955.0,1974.0,1850.0,1900.0,8100,-1.0,-1.0,1.6876402510695134
2023/07/07,1820.0,1888.0,1805.0,1827.0,6200,-1.0,-1.0,1.6558512209824348
2023/07/10,1834.0,1835.0,1762.0,1826.0,5900,-1.0,-1.0,1.475410089593791
2023/07/11,1826.0,1902.0,1826.0,1831.0,6500,-1.0,-1.0,1.4795051971760125
2023/07/12,1792.0,1851.0,1729.0,1730.0,9800,-1.0,-1.0,1.4325108199659744
2023/07/13,1723.0,1741.0,1620.0,1726.0,9500,-1.0,-1.0,1.2330039308858276
2023/07/14,1723.0,1787.0,1723.0,1767.0,1900,-1.0,-1.0,1.3656846423591475
2023/07/18,1800.0,1950.0,1800.0,1883.0,10500,-1.0,-1.0,1.362040053442409
2023/07/19,1923.0,1949.0,1862.0,1929.0,6800,-1.0,-1.0,1.393618481528488
2023/07/20,1935.0,2085.0,1910.0,1985.0,17200,-1.0,-1.0,1.5411630157055665
2023/07/21,1958.0,1991.0,1939.0,1969.0,4500,-1.0,-1.0,1.5264628253222963
2023/07/24,1941.0,1986.0,1818.0,1840.0,10800,-1.0,-1.0,1.224304872165576
2023/07/25,1880.0,1902.0,1842.0,1875.0,4000,-1.0,-1.0,1.2561427901540156
2023/07/26,1835.0,1875.0,1822.0,1875.0,1100,-1.0,-1.0,1.2575234292062583
2023/07/27,1876.0,1878.0,1838.0,1872.0,2100,-1.0,-1.0,1.236339508477599
2023/07/28,1872.0,1872.0,1812.0,1847.0,2900,-1.0,-1.0,1.3007896934669219
2023/07/31,1885.0,1885.0,1831.0,1834.0,7300,-1.0,-1.0,1.0048951494726033
2023/08/01,1781.0,1831.0,1777.0,1787.0,4300,-1.0,-1.0,0.9844552960966566
2023/08/02,1859.0,1867.0,1813.0,1813.0,2500,-1.0,-1.0,1.0032299864483039
2023/08/03,1800.0,1800.0,1725.0,1770.0,5000,-1.0,-1.0,0.9790993529938504
2023/08/04,1762.0,1762.0,1689.0,1747.0,4100,-1.0,-1.0,0.9136479104956579
2023/08/07,1700.0,1741.0,1684.0,1737.0,5800,-1.0,-1.0,0.900530066338714
2023/08/08,1743.0,1743.0,1666.0,1674.0,7000,-1.0,-1.0,0.8570764928810743
2023/08/09,1634.0,1674.0,1634.0,1640.0,6200,-1.0,-1.0,0.8412171566331256
2023/08/10,1680.0,1731.0,1550.0,1613.0,15300,-1.0,-1.0,0.8340547402536326
2023/08/14,1597.0,1611.0,1500.0,1545.0,10200,-1.0,-1.0,0.7925575118862019
2023/08/15,1529.0,1577.0,1490.0,1514.0,12400,-1.0,-1.0,0.7400123180025766
2023/08/16,1498.0,1498.0,1447.0,1462.0,4900,-1.0,-1.0,0.7281518458665398
2023/08/17,1440.0,1490.0,1382.0,1490.0,7700,-1.0,-1.0,0.7468283761546568
2023/08/18,1488.0,1650.0,1488.0,1605.0,12600,-1.0,-1.0,0.8616893005181577
2023/08/21,1645.0,1645.0,1571.0,1609.0,4100,-1.0,-1.0,0.9658419490763702
2023/08/22,1613.0,1613.0,1575.0,1610.0,3300,-1.0,-1.0,0.9564067218517098
2023/08/23,1582.0,1609.0,1575.0,1609.0,1600,-1.0,-1.0,0.9526452071795269
2023/08/24,1609.0,1609.0,1495.0,1557.0,3500,-1.0,-1.0,0.8699159618939655
2023/08/25,1595.0,1595.0,1517.0,1548.0,1300,-1.0,-1.0,0.8684315095274091
2023/08/28,1521.0,1549.0,1521.0,1549.0,1300,-1.0,-1.0,0.8956850194486611
2023/08/29,1541.0,1570.0,1520.0,1520.0,4000,-1.0,-1.0,0.8799150443233515
2023/08/30,1523.0,1532.0,1520.0,1532.0,1200,-1.0,-1.0,0.8815139125152148
2023/08/31,1526.0,1571.0,1526.0,1561.0,1100,-1.0,-1.0,0.8983000928182416
2023/09/01,1570.0,1670.0,1570.0,1670.0,6300,-1.0,-1.0,0.9180585827511804
2023/09/04,1710.0,1735.0,1651.0,1721.0,7300,-1.0,-1.0,0.9446152349749901
2023/09/05,1777.0,1780.0,1751.0,1766.0,6100,-1.0,-1.0,0.949902213409561
2023/09/06,1780.0,1819.0,1766.0,1781.0,2600,-1.0,-1.0,0.9491636765880499
2023/09/07,1782.0,1813.0,1749.0,1794.0,4500,-1.0,-1.0,0.9910638636452097
2023/09/08,1793.0,1793.0,1770.0,1770.0,2200,-1.0,-1.0,1.0075015181780809
2023/09/11,1758.0,1789.0,1701.0,1701.0,3800,-1.0,-1.0,1.0181534509685635
2023/09/12,1681.0,1717.0,1604.0,1717.0,6800,-1.0,-1.0,1.0177772327599315
2023/09/13,1748.0,1878.0,1748.0,1800.0,16600,-1.0,-1.0,1.0862667661726781
2023/09/14,1825.0,1829.0,1736.0,1783.0,6600,-1.0,-1.0,1.0871385388926098
2023/09/15,1780.0,1821.0,1780.0,1821.0,4500,-1.0,-1.0,1.0738657303079038
2023/09/19,1821.0,1821.0,1800.0,1802.0,3000,-1.0,-1.0,0.9753160920702826
2023/09/20,1803.0,1820.0,1750.0,1750.0,3800,-1.0,-1.0,0.9792280434126864
2023/09/21,1750.0,1750.0,1715.0,1715.0,2200,-1.0,-1.0,0.9965148268813686
2023/09/22,1710.0,1714.0,1685.0,1701.0,2600,-1.0,-1.0,1.007964956900038
2023/09/25,1701.0,1740.0,1701.0,1739.0,1900,-1.0,-1.0,1.088447184123738
2023/09/26,1734.0,1734.0,1723.0,1731.0,2100,-1.0,-1.0,1.0888957761957248
2023/09/27,1732.0,1744.0,1711.0,1740.0,1900,-1.0,-1.0,1.098344219844183
2023/09/28,1700.0,1740.0,1700.0,1712.0,1700,-1.0,-1.0,1.1432032510673324
2023/09/29,1704.0,1718.0,1704.0,1718.0,700,-1.0,-1.0,1.1627669898574882
2023/10/02,1721.0,1721.0,1651.0,1689.0,5300,-1.0,-1.0,1.1031859220229852
2023/10/03,1689.0,1689.0,1600.0,1620.0,3500,-1.0,-1.0,1.0937371076468652
2023/10/04,1590.0,1599.0,1522.0,1548.0,7500,-1.0,-1.0,1.090494685521713
2023/10/05,1600.0,1620.0,1580.0,1590.0,2800,-1.0,-1.0,1.0682399061260943
2023/10/06,1573.0,1580.0,1552.0,1554.0,5100,-1.0,-1.0,1.0552430514538738
2023/10/10,1594.0,1594.0,1570.0,1588.0,1400,-1.0,-1.0,1.0640058471030533
2023/10/11,1632.0,1632.0,1598.0,1598.0,1200,-1.0,-1.0,1.0724857982341567
2023/10/12,1600.0,1704.0,1600.0,1701.0,3300,-1.0,-1.0,1.1287822236061102
2023/10/13,1661.0,1679.0,1631.0,1633.0,2900,-1.0,-1.0,1.0127025815273663
2023/10/16,1593.0,1649.0,1575.0,1639.0,6000,-1.0,-1.0,1.051705540679927
2023/10/17,1670.0,1693.0,1634.0,1655.0,3600,-1.0,-1.0,1.049608817834744
2023/10/18,1655.0,1655.0,1625.0,1638.0,1800,-1.0,-1.0,1.0427259044639519
2023/10/19,1598.0,1628.0,1597.0,1628.0,600,-1.0,-1.0,1.0537726351177685
2023/10/20,1588.0,1633.0,1585.0,1585.0,2200,-1.0,-1.0,1.0532544328204287
2023/10/23,1613.0,1613.0,1581.0,1591.0,1000,-1.0,-1.0,1.0469153800863502
2023/10/24,1592.0,1598.0,1501.0,1584.0,5500,-1.0,-1.0,1.040442624532291
2023/10/25,1584.0,1619.0,1584.0,1585.0,1700,-1.0,-1.0,1.0341307263542612
2023/10/26,1600.0,1600.0,1545.0,1590.0,1300,-1.0,-1.0,1.0465138503035802
2023/10/27,1628.0,1628.0,1590.0,1621.0,400,-1.0,-1.0,1.0433715496204439
2023/10/30,1614.0,1622.0,1585.0,1591.0,4100,-1.0,-1.0,1.0264611759293485
2023/10/31,1551.0,1599.0,1551.0,1599.0,800,-1.0,-1.0,1.0195412604569518
2023/11/01,1599.0,1599.0,1566.0,1590.0,7500,-1.0,-1.0,0.9921061241420644
2023/11/02,1594.0,1594.0,1556.0,1570.0,1000,-1.0,-1.0,1.0012576673633988
2023/11/06,1570.0,1570.0,1550.0,1570.0,2000,-1.0,-1.0,1.0348076563714845
2023/11/07,1563.0,1563.0,1541.0,1548.0,1700,-1.0,-1.0,1.0413584264538207
2023/11/08,1548.0,1576.0,1545.0,1545.0,3200,-1.0,-1.0,1.0584490928944383
2023/11/09,1545.0,1545.0,1512.0,1539.0,1600,-1.0,-1.0,1.0462814060844112
2023/11/10,1537.0,1537.0,1510.0,1535.0,2000,-1.0,-1.0,1.03595208701807
2023/11/13,1553.0,1553.0,1423.0,1470.0,16400,-1.0,-1.0,0.8572880858066327
2023/11/14,1410.0,1430.0,1305.0,1343.0,35500,-1.0,-1.0,0.5683128553969643
2023/11/15,1640.0,1640.0,1456.0,1506.0,39300,-1.0,-1.0,0.8699392287705389
2023/11/16,1477.0,1518.0,1476.0,1480.0,5400,-1.0,-1.0,0.8677854856327627
2023/11/17,1460.0,1642.0,1449.0,1576.0,15600,-1.0,-1.0,0.9718943142871298
2023/11/20,1576.0,1640.0,1554.0,1609.0,5600,-1.0,-1.0,0.9722581273815855
2023/11/21,1571.0,1625.0,1571.0,1605.0,4500,-1.0,-1.0,0.9720600473311805
2023/11/22,1625.0,1685.0,1625.0,1682.0,7700,-1.0,-1.0,0.9870377045632741
2023/11/24,1709.0,1753.0,1705.0,1745.0,14400,-1.0,-1.0,1.0229908810801027
2023/11/27,1777.0,1780.0,1710.0,1745.0,7600,-1.0,-1.0,1.0172919775027576
2023/11/28,1735.0,1735.0,1668.0,1673.0,5500,-1.0,-1.0,0.9955948563271495
2023/11/29,1666.0,1684.0,1588.0,1613.0,5900,-1.0,-1.0,0.9701729282737079
2023/11/30,1605.0,1605.0,1595.0,1603.0,400,-1.0,-1.0,0.9748042326655155
2023/12/01,1581.0,1605.0,1540.0,1551.0,3300,-1.0,-1.0,0.9578356939851314
2023/12/04,1551.0,1670.0,1551.0,1655.0,3100,-1.0,-1.0,1.0500267750560004
2023/12/05,1615.0,1644.0,1600.0,1634.0,1500,-1.0,-1.0,1.0549729695341952
2023/12/06,1632.0,1638.0,1611.0,1638.0,1500,-1.0,-1.0,1.0342169280549707
2023/12/07,1641.0,1641.0,1601.0,1601.0,2900,-1.0,-1.0,1.026274078757135
2023/12/08,1634.0,1634.0,1600.0,1611.0,1700,-1.0,-1.0,1.0307369605931505
2023/12/11,1642.0,1642.0,1555.0,1569.0,3300,-1.0,-1.0,1.061349620945155
2023/12/12,1569.0,1570.0,1560.0,1560.0,1700,-1.0,-1.0,1.0626215966078068
2023/12/13,1595.0,1595.0,1566.0,1569.0,900,-1.0,-1.0,1.0633696396037016
2023/12/14,1594.0,1594.0,1560.0,1591.0,1500,-1.0,-1.0,1.3819652602837071
2023/12/15,1570.0,1600.0,1570.0,1591.0,1900,-1.0,-1.0,1.0828882951731278
2023/12/18,1610.0,1610.0,1580.0,1580.0,4700,-1.0,-1.0,0.987198395797838
2023/12/19,1600.0,1625.0,1581.0,1624.0,30900,-1.0,-1.0,0.990481782066624
2023/12/20,1645.0,1649.0,1583.0,1632.0,5200,-1.0,-1.0,0.9887030107632789
2023/12/21,1625.0,1625.0,1600.0,1600.0,2100,-1.0,-1.0,0.9856724573599409
2023/12/22,1625.0,1625.0,1593.0,1595.0,1700,-1.0,-1.0,0.953318830298408
2023/12/25,1623.0,1623.0,1570.0,1590.0,6800,-1.0,-1.0,0.9064716372567273
2023/12/26,1590.0,1600.0,1581.0,1600.0,1000,-1.0,-1.0,0.9062267116433337
2023/12/27,1600.0,1620.0,1591.0,1596.0,3500,-1.0,-1.0,0.8951172245638488
2023/12/28,1590.0,1590.0,1467.0,1543.0,14300,-1.0,-1.0,0.8551361612409998
2023/12/29,1521.0,1571.0,1512.0,1541.0,6900,-1.0,-1.0,0.8912675598865142
2024/01/04,1543.0,1560.0,1518.0,1550.0,3900,187.8581026541168,190.27497961148327,0.8055440459176613
2024/01/05,1517.0,1550.0,1517.0,1530.0,4300,182.89170420621065,184.1819314807768,0.8061798569010099
2024/01/09,1531.0,1587.0,1530.0,1580.0,4000,182.82472207890413,183.8103037889803,0.8753074386418606
2024/01/10,1579.0,1598.0,1574.0,1580.0,2800,188.09295706603268,190.5241843416744,0.8613416147055939
2024/01/11,1600.0,1654.0,1600.0,1640.0,5800,196.75674797526293,200.38193274242025,0.876158948702619
2024/01/12,1640.0,1650.0,1612.0,1650.0,4000,195.69864571791712,203.38262195415192,0.869011357960379
2024/01/15,1628.0,1644.0,1625.0,1644.0,2900,187.09573667778875,194.35925430472994,0.8540273535235775
2024/01/16,1644.0,1645.0,1628.0,1628.0,3700,189.33232849355574,196.06851945585407,0.8612910098299926
2024/01/17,1628.0,1628.0,1601.0,1602.0,4200,189.91439309137846,194.92953331746202,0.8500778277819656
2024/01/18,1603.0,1606.0,1603.0,1605.0,1000,187.885638225077,193.98295073537258,0.8494986038831858
2024/01/19,1606.0,1608.0,1571.0,1601.0,6600,181.30376654520617,188.50255413318607,0.8448405615833955
2024/01/22,1635.0,1664.0,1635.0,1663.0,4900,186.06513399712367,193.195349247398,0.8643396032261554
2024/01/23,1664.0,1681.0,1646.0,1649.0,3100,187.34523552031646,194.4987130429322,0.8615871312623116
2024/01/24,1681.0,1682.0,1650.0,1682.0,1700,193.30603992046028,200.1842933952101,0.8761806119722276
2024/01/25,1697.0,1760.0,1697.0,1760.0,10900,199.55025964165435,206.49168236769756,0.9213488457921113
2024/01/26,1760.0,1760.0,1700.0,1721.0,2800,197.3283168046689,204.5130722280145,0.9292247801383059
2024/01/29,1769.0,1902.0,1741.0,1884.0,15100,217.03596095356716,223.37752675817438,1.197187157869834
2024/01/30,1948.0,1950.0,1819.0,1885.0,11600,219.7330633457797,226.6894215510524,1.1843002480668314
2024/01/31,1878.0,1900.0,1873.0,1873.0,2900,213.8720503089613,219.39358244750107,1.1769470659555257
2024/02/01,1975.0,2250.0,1975.0,2208.0,63400,254.1791569018206,259.0504012046707,1.5904596998589957
2024/02/02,2254.0,2280.0,2100.0,2219.0,21200,259.33058424141956,264.43616806520134,1.5699974730725557
2024/02/05,2264.0,2264.0,2168.0,2180.0,5600,255.09479068248342,259.2316987447535,1.4701907249088002
2024/02/06,2170.0,2195.0,2115.0,2184.0,4600,251.44704770322264,256.52862687387005,1.4955159216247391
2024/02/07,2264.0,2458.0,2238.0,2272.0,21500,254.61729084541514,259.1954588954917,1.5056385352928925
2024/02/08,2244.0,2299.0,2181.0,2262.0,12500,250.01882600200514,258.80850078256174,1.4983044039880873
2024/02/09,2252.0,2390.0,2252.0,2301.0,8500,253.76764339046653,262.8552551331576,1.5236090138782041
2024/02/13,2343.0,2491.0,2343.0,2454.0,14800,256.3576984740517,269.03827410230707,1.5603182407065344
2024/02/14,2454.0,2700.0,2454.0,2639.0,30700,241.82923127087543,254.97302712650978,1.6503153623210223
2024/02/15,2798.0,2798.0,2320.0,2616.0,74700,200.7176818256513,213.50269492095157,1.4728838585533504
2024/02/16,2584.0,2584.0,2420.0,2439.0,30500,144.33381740793524,153.22664881859953,1.4186374833879218
2024/02/19,2440.0,2500.0,2405.0,2449.0,18300,161.98390431937278,171.4650520247825,1.3582820919563043
2024/02/20,2440.0,2698.0,2440.0,2698.0,26300,170.8313370522464,181.01811901947383,1.4527934778117384
2024/02/21,2656.0,2776.0,2612.0,2749.0,16500,172.94395318547856,183.54761849872727,1.4902073882569726
2024/02/22,2752.0,2980.0,2752.0,2900.0,27500,185.62081627798725,197.55934741745367,1.5408627930251748
2024/02/26,3195.0,3400.0,3150.0,3400.0,33500,187.8707550055198,200.3309571872376,1.660750442587096
2024/02/27,3735.0,3740.0,3210.0,3530.0,108900,189.05141783770728,201.1475154650765,1.6801384209454664
2024/02/28,3580.0,4230.0,3545.0,4230.0,206600,222.3707934719762,236.64515413603283,2.144460521637441
2024/02/29,4230.0,4500.0,3855.0,3995.0,153100,213.78954851063452,226.9812290454956,1.9673025796100614
2024/03/01,4035.0,4065.0,3655.0,4025.0,94900,215.82229985968388,229.89376838820198,2.030593220074065
2024/03/04,4025.0,4025.0,3730.0,3750.0,55500,199.25150715438576,212.97319358662946,1.5769275928146695
2024/03/05,3570.0,3900.0,3510.0,3700.0,75200,201.40489748066918,214.48310380317585,1.5733859968738522
2024/03/06,3740.0,3920.0,3695.0,3905.0,41300,220.76304589682013,233.7320232413231,1.6050087236862582
2024/03/07,3915.0,4025.0,3585.0,3640.0,51300,224.49680275938113,236.61213604140264,1.6405628961620562
2024/03/08,3570.0,3725.0,3430.0,3465.0,45300,212.55007570262921,223.31919222399986,1.6435197214630495
2024/03/11,3325.0,3495.0,3250.0,3395.0,30500,216.74965005438884,226.83476120168731,1.9876316479770806
2024/03/12,3265.0,3655.0,3260.0,3635.0,23900,208.3722165055126,217.65998872189712,2.1415157975635197
2024/03/13,3775.0,3775.0,3440.0,3570.0,22900,205.07170274172927,215.68163662911348,2.242646906679578
2024/03/14,3500.0,3535.0,3400.0,3505.0,12100,210.12410257480752,219.718531402219,2.141917115666923
2024/03/15,3500.0,3510.0,3390.0,3425.0,9400,197.59789705311158,205.28883355798553,1.8796831224230377
2024/03/18,3530.0,3735.0,3465.0,3735.0,33300,215.16442080938535,224.91964130783043,2.2278493989944352
2024/03/19,3735.0,3875.0,3650.0,3835.0,31800,193.61207739465283,201.20808056153078,2.2222355746185714
2024/03/21,4200.0,4200.0,3875.0,3970.0,61100,199.32824506387422,207.69519177647956,2.058339779539839
2024/03/22,4030.0,4035.0,3765.0,3770.0,30300,165.03125189325408,171.26320440471272,1.9052387580410792
2024/03/25,3800.0,4030.0,3750.0,3770.0,37600,144.81122126242832,150.4373627101396,1.523506381216347
2024/03/26,3770.0,4000.0,3695.0,4000.0,28900,151.7945443652346,157.60038593330805,1.6569850968519362
2024/03/27,4020.0,4325.0,3940.0,4305.0,64600,171.81090421118918,179.045486008788,1.8242543640088313
2024/03/28,4350.0,4480.0,4125.0,4345.0,47000,186.31700435275204,194.21716495462468,1.7143434995539573
2024/03/29,4365.0,4810.0,4290.0,4695.0,71000,201.93485015738358,210.37254692477646,1.1529983628453828
2024/04/01,4950.0,5090.0,4410.0,4625.0,92700,182.37075246747844,190.93873442622234,1.7109980756723755
2024/04/02,4605.0,4800.0,4175.0,4205.0,80900,167.73816552147863,176.03884413028013,1.3856650675305342
2024/04/03,4010.0,4270.0,3935.0,3945.0,60100,156.33477101629126,162.54292325450083,1.2732070161170213
2024/04/04,4085.0,4245.0,4025.0,4135.0,41900,160.8210564329337,167.14425626211914,1.3532675588550005
2024/04/05,3925.0,3950.0,3435.0,3435.0,171300,149.6432331044321,154.20076595084532,0.8143043137284648
2024/04/08,3435.0,3580.0,3155.0,3540.0,110400,146.07303380668074,150.67868110208587,0.9773185955644181
2024/04/09,3645.0,3670.0,3305.0,3330.0,55600,140.83617022922058,145.0507714619633,0.8498638027273018
2024/04/10,3305.0,3425.0,3255.0,3285.0,38700,138.23595410272145,142.56578415315738,0.8276674540567326
2024/04/11,3200.0,3425.0,3195.0,3325.0,26400,144.90981590570303,148.3795279891694,0.7974557045214243
2024/04/12,3390.0,3390.0,3180.0,3300.0,37900,145.06394628383194,147.19523331251074,0.7863739005779867
2024/04/15,3255.0,3320.0,3080.0,3095.0,28900,132.7907941676733,134.51069216269752,0.700653008366757
2024/04/16,3005.0,3110.0,3000.0,3070.0,27700,133.8193869456576,135.93060542650227,0.7326382100061544
2024/04/17,3030.0,3300.0,3030.0,3255.0,36700,138.18932998546595,140.4973280344442,0.7727593563318671
2024/04/18,3300.0,3535.0,3215.0,3495.0,65800,153.8143708193927,155.70493723898753,0.8220223274183497
2024/04/19,3485.0,3495.0,3135.0,3335.0,71600,151.79598166851522,152.64003513741804,0.6964881609658907
2024/04/22,3205.0,3330.0,3150.0,3225.0,22500,151.01624389198693,151.30600972451614,0.7424854429408468
2024/04/23,3280.0,3375.0,3175.0,3205.0,20900,158.92416391226377,159.71444414784162,0.7456991914313765
2024/04/24,3215.0,3270.0,3175.0,3255.0,12200,158.95420045141086,160.62563334111312,0.7707440069065001
2024/04/25,3195.0,3210.0,3085.0,3085.0,11500,148.13491287315387,149.46851114575912,0.703774662122531
2024/04/26,3075.0,3200.0,3050.0,3200.0,18700,155.1430929693668,156.19928633883166,0.6422292692125565
2024/04/30,3195.0,3230.0,3110.0,3180.0,15700,151.9375002233251,151.4187007207488,0.5223254659921086
2024/05/01,3145.0,3275.0,3080.0,3210.0,15200,148.50108384811386,148.98557534908747,0.5264414560881661
2024/05/02,3255.0,3410.0,3245.0,3310.0,20900,153.27938761738423,153.67585492119778,0.6634807601676683
2024/05/07,3450.0,3450.0,3335.0,3425.0,16900,152.78578741752676,154.97624356284547,0.9612078185991001
2024/05/08,3355.0,3455.0,3230.0,3260.0,23200,151.7180590138633,153.39191520729608,0.9283523601076332
2024/05/09,3320.0,3360.0,3250.0,3290.0,8700,155.4577410292242,156.00325478292922,1.0030000923656994
2024/05/10,3300.0,3330.0,3185.0,3305.0,11800,163.59886455775342,163.5288155144328,1.0114649802134696
2024/05/13,3305.0,3345.0,3190.0,3340.0,17300,161.68181116354648,161.76056545617212,1.090695990604989
2024/05/14,3340.0,3340.0,3220.0,3320.0,15800,172.78468083750792,172.97661067261942,1.0814375429192107
2024/05/15,3350.0,3350.0,3160.0,3180.0,33200,166.53653148358333,165.96547031254954,1.0358613062716349
2024/05/16,3110.0,3800.0,3075.0,3575.0,125100,193.4126894088306,194.07527406269057,1.1472969954550842
2024/05/17,3525.0,3930.0,3500.0,3905.0,79100,220.9184181714615,218.9812417834687,1.163657690414912
2024/05/20,3870.0,4000.0,3800.0,4000.0,43800,235.23321221677432,232.3960623590444,1.19300153501837
2024/05/21,4000.0,4125.0,3940.0,4005.0,30300,250.07516043662332,246.41226823231966,1.1980939421222043
2024/05/22,3990.0,4075.0,3650.0,3735.0,52200,221.29696725269312,219.00442752562483,1.126450370446895
2024/05/23,3710.0,3815.0,3605.0,3625.0,28500,204.6859022705429,202.4471579067897,1.0947007006335254
2024/05/24,3600.0,3705.0,3440.0,3490.0,27300,199.14035683075707,194.76987226362806,1.0597604940365137
2024/05/27,3505.0,3605.0,3485.0,3570.0,16400,203.72555231852135,198.17544602498398,1.1132305663160122
2024/05/28,3570.0,3680.0,3525.0,3675.0,15400,208.3730680785657,201.562675030806,1.1450868258473874
2024/05/29,3680.0,3695.0,3210.0,3320.0,40300,190.9296152946561,185.21994266540958,1.044615406426142
2024/05/30,3255.0,3270.0,3050.0,3130.0,36900,187.6895936867358,180.77942085791923,0.990403637380389
2024/05/31,3130.0,3170.0,3025.0,3160.0,19300,189.61581865123023,182.25459699369512,0.9691237772934843
2024/06/03,3180.0,3200.0,3040.0,3155.0,29000,183.90573462693774,176.26428946471532,0.9040980619618444
2024/06/04,3155.0,3205.0,3115.0,3180.0,6000,182.30450351319837,174.73853243200378,0.9147240753990816
2024/06/05,3155.0,3380.0,3135.0,3355.0,23800,192.50967051163198,186.39649711991092,0.9788491736150712
2024/06/06,3355.0,3355.0,3185.0,3200.0,16900,184.75248088675767,179.62021205635256,0.9305757542393329
2024/06/07,3165.0,3280.0,3105.0,3180.0,12500,182.79447984869174,176.9418819288236,0.9582525561889714
2024/06/10,3160.0,3300.0,3160.0,3215.0,10300,172.99950238141392,167.53654217565668,0.942368489447794
2024/06/11,3215.0,3255.0,3190.0,3215.0,3000,155.7145272618011,150.52760948432538,0.944299516783201
2024/06/12,3230.0,3230.0,3080.0,3095.0,10500,162.03823213589288,156.5222272893846,0.9157680778391845
2024/06/13,3155.0,3195.0,3085.0,3190.0,18700,166.28777994107645,161.46794196998627,0.9605514392972261
2024/06/14,3120.0,3265.0,3115.0,3115.0,5700,162.9534436785444,157.16244379764044,0.973949751069924
2024/06/17,3160.0,3160.0,3060.0,3060.0,9500,150.64487564528156,145.9185152102964,0.7842750952774248
2024/06/18,3065.0,3090.0,2862.0,3005.0,17000,151.58610511512083,146.92382247189724,0.7657120106342238
2024/06/19,3010.0,3095.0,2941.0,2943.0,14900,149.81447877260308,144.75463967397698,0.7463738089304561
2024/06/20,2919.0,2949.0,2820.0,2928.0,17800,150.06834493986196,146.85058478582027,0.7402544261647742
2024/06/21,2928.0,3060.0,2925.0,3045.0,7700,159.44768297982614,156.03994276044313,0.8190520653313046
2024/06/24,3065.0,3085.0,2975.0,2975.0,6900,156.09522074920355,152.79243710077705,0.8412920271951955
2024/06/25,3025.0,3095.0,3000.0,3040.0,5700,158.0169127395068,153.8223665362929,0.8451220681716695
2024/06/26,3090.0,3120.0,3040.0,3075.0,2900,160.62455762830638,157.4093987253801,0.8501004568865855
2024/06/27,3075.0,3090.0,3035.0,3090.0,1900,164.48058486034404,160.03720361090657,0.8332319146651401
2024/06/28,3100.0,3100.0,3020.0,3020.0,3700,158.2603299187434,153.74737954819716,0.8876198122215553
2024/07/01,3090.0,3090.0,2961.0,2998.0,8300,142.72571421928885,137.7060827873621,0.941419282559473
2024/07/02,3050.0,3140.0,3030.0,3060.0,9700,141.62360991815416,137.1017971760536,0.9500099754388177
2024/07/03,3090.0,3095.0,3050.0,3095.0,3100,133.54332772828488,130.5109672865242,0.9556705680822751
2024/07/04,3120.0,3175.0,3050.0,3090.0,13600,130.27261047287874,127.76572322276022,0.9344892500539167
2024/07/05,3100.0,3100.0,3000.0,3015.0,4200,130.64232270912143,129.0190069305201,0.8562960227486528
2024/07/08,3000.0,3030.0,2971.0,2971.0,6200,128.4294244772077,127.28433461232764,0.8966752871616886
2024/07/09,2971.0,3025.0,2971.0,3015.0,3700,127.53128352965304,127.17958019179731,0.90117447610189
2024/07/10,3015.0,3015.0,2965.0,2981.0,18000,131.58176069768302,131.57843047648728,0.8868313393729853
2024/07/11,3030.0,3030.0,2934.0,3015.0,17600,134.11920846920674,133.76093163293388,0.8890094190716862
2024/07/12,3005.0,3070.0,2925.0,2998.0,7800,133.42092876632773,131.24598079063173,0.9224375261701993
2024/07/16,2990.0,3115.0,2986.0,3065.0,5300,128.14272084194363,126.2208668275019,0.9311144021503711
2024/07/17,3090.0,3120.0,3035.0,3115.0,7400,129.2563537203275,126.2393025689725,0.9428273062672222
2024/07/18,3080.0,3140.0,3060.0,3085.0,3300,125.84085561294994,122.49023706987113,0.971913340882201
2024/07/19,3080.0,3090.0,2965.0,3035.0,6400,124.28554214005241,121.88546708913009,0.9836092930499964
2024/07/22,2965.0,3015.0,2920.0,2976.0,8500,133.564524356676,130.4870574548168,0.9694366009446076
2024/07/23,3010.0,3020.0,2983.0,2983.0,2500,131.3208628192028,128.32286488387928,0.9697071628513052
2024/07/24,2983.0,2990.0,2931.0,2951.0,2500,131.31351896721208,128.64750701724282,0.9731355135283186
2024/07/25,2950.0,2950.0,2807.0,2826.0,17800,131.11603808405832,127.85821606452596,0.9561947194203465
2024/07/26,2830.0,2896.0,2830.0,2858.0,17300,134.57464874678877,131.29757786362387,0.9650341633031001
2024/07/29,2858.0,2966.0,2835.0,2965.0,3900,139.40976126616803,136.06146917373434,1.0121471751320017
2024/07/30,2952.0,2952.0,2859.0,2923.0,2200,142.13204012601068,138.80176132140394,0.9997008104212615
2024/07/31,2939.0,2939.0,2881.0,2885.0,2800,133.10700577016743,131.08145040647506,0.9726467181098744
2024/08/01,2870.0,2870.0,2555.0,2693.0,36200,128.33478916103144,127.64865940799548,0.9298448813249832
2024/08/02,2493.0,2557.0,2382.0,2385.0,48000,122.3888286987447,122.37228669251795,0.8722002726807877
2024/08/05,1885.0,1998.0,1885.0,1885.0,64900,111.26683933047428,111.28710814339186,0.8169196091745989
2024/08/06,2105.0,2135.0,1956.0,2091.0,13300,116.63176376433945,117.59909697580038,0.8291124278688965
2024/08/07,2130.0,2591.0,2130.0,2591.0,12500,144.9970505314195,144.87255947890628,1.004669713554722
2024/08/08,2391.0,2530.0,2390.0,2520.0,11400,145.65636429689016,146.19117263331057,0.9831259674330144
2024/08/09,2545.0,2700.0,2451.0,2700.0,9600,159.9629612689969,160.51308175505628,1.0610752351707393
2024/08/13,2550.0,2646.0,2453.0,2565.0,10200,150.74508256150762,151.9537413490744,0.9518837336231811
2024/08/14,2595.0,2598.0,2483.0,2527.0,9300,150.66913093287013,151.35204039867386,0.9274846406913428
2024/08/15,2558.0,2625.0,2540.0,2597.0,3600,150.08896053318603,150.99404908367342,0.9462681975129835
2024/08/16,2603.0,2603.0,2541.0,2578.0,3300,132.72103846358127,134.15976635397777,0.900713853658969
2024/08/19,2552.0,2552.0,2460.0,2550.0,4000,133.80098164685927,134.50224069156218,0.9173246257664397
2024/08/20,2562.0,2563.0,2499.0,2563.0,4300,133.23598900670868,135.06037906958787,0.9118508629824054
2024/08/21,2513.0,2549.0,2500.0,2549.0,10500,133.61973753558775,135.36673698979257,0.908802958207815
2024/08/22,2499.0,2549.0,2481.0,2510.0,1400,136.21568231178384,137.98582900707714,0.8924582391230425
2024/08/23,2508.0,2508.0,2352.0,2401.0,6000,127.85417419467491,130.9359088582702,0.8464738518602497
2024/08/26,2405.0,2627.0,2405.0,2610.0,8400,142.23240698945727,145.60264461668723,0.9127696217374232
2024/08/27,2640.0,2678.0,2591.0,2639.0,3400,110.32261896814705,110.79233554077985,0.9162361654395279
2024/08/28,2589.0,2589.0,2505.0,2561.0,1300,113.48768776805035,113.9262376863449,0.885416515965564
2024/08/29,2511.0,2561.0,2483.0,2561.0,1100,107.97249016993439,108.6094487671481,0.8961404431313094
2024/08/30,2511.0,2550.0,2498.0,2549.0,2000,109.96365250874643,110.48313075285726,0.9101233806804403
2024/09/02,2549.0,2549.0,2410.0,2450.0,4100,109.21955623913115,110.11590916548374,1.0658007739468225
2024/09/03,2440.0,2480.0,2433.0,2474.0,4600,106.49483812884174,106.60633631643447,1.0694371688504898
2024/09/04,2371.0,2514.0,2371.0,2400.0,6600,110.82123247527076,111.04611390788548,1.0767569450481507
2024/09/05,2400.0,2469.0,2350.0,2371.0,2200,106.33998935472252,106.6275686536021,1.053193843566495
2024/09/06,2450.0,2450.0,2323.0,2427.0,5700,106.51360247963113,106.79797499603383,0.8976803529480418
2024/09/09,2380.0,2380.0,2314.0,2315.0,1400,109.05995946458557,109.41149236720688,0.8933748820246536
2024/09/10,2330.0,2330.0,2330.0,2330.0,100,108.01909812461187,108.10113364436319,0.9002767375399303
2024/09/11,2330.0,2340.0,2280.0,2296.0,4100,103.61507286670397,104.40940375164499,0.9032196213731043
2024/09/12,2296.0,2409.0,2270.0,2308.0,107400,104.10430263820035,104.67256674488438,0.8862862996986739
2024/09/13,2311.0,2389.0,2311.0,2387.0,9500,105.13911213765708,106.17375173278432,0.9485514008391075
2024/09/17,2437.0,2496.0,2412.0,2420.0,2000,107.08662975965902,107.91083736277338,0.980723404020262
2024/09/18,2448.0,2510.0,2402.0,2495.0,3700,106.60344168468166,107.6881680815984,1.0073300285316034
2024/09/19,2470.0,2494.0,2415.0,2485.0,3800,105.50564296318908,106.1572533034418,0.989451988790861
2024/09/20,2485.0,2485.0,2431.0,2480.0,900,106.5348605195726,107.1438816173928,0.9812188903052055
2024/09/24,2494.0,2494.0,2417.0,2417.0,1500,108.6578898574917,109.35349634515538,0.9276849426266583
2024/09/25,2350.0,2352.0,2334.0,2350.0,2500,106.4697825879163,107.58637693854874,0.9040893028930421
2024/09/26,2350.0,2388.0,2238.0,2241.0,4200,105.07181052762499,106.45454758577024,0.8366025553573078
2024/09/27,2262.0,2350.0,2250.0,2261.0,3700,108.35436400528681,109.75496388841607,0.8671333100518698
2024/09/30,2221.0,2270.0,2218.0,2240.0,2300,107.81680711078243,109.54735960368893,0.9384909926690919
2024/10/01,2245.0,2264.0,2181.0,2228.0,5000,115.1713542782978,117.28673669440613,0.9179078367535032
2024/10/02,2178.0,2215.0,2153.0,2178.0,10800,109.94464424540146,111.90991761089177,0.9104434763845053
2024/10/03,2201.0,2207.0,2180.0,2183.0,2400,108.35850578650886,110.53140675711782,0.8986715448543495
2024/10/04,2200.0,2250.0,2183.0,2212.0,3400,108.8390498970051,110.90702175589765,0.9009416793179096
2024/10/07,2226.0,2226.0,2201.0,2201.0,1800,110.24832310712279,111.64365368362726,0.8953429850698184
2024/10/08,2151.0,2155.0,2150.0,2150.0,2500,110.5988569472688,112.00720251330355,0.8876355723378074
2024/10/09,2155.0,2192.0,2154.0,2154.0,1600,106.73566389520309,107.53600399780768,0.8866295459295243
2024/10/10,2174.0,2174.0,2061.0,2061.0,4200,103.1092393621131,104.04484597734077,0.8401599893401194
2024/10/11,2061.0,2137.0,2061.0,2137.0,2500,105.15988785636314,106.52881906301931,0.870378722224382
2024/10/15,2087.0,2138.0,2086.0,2092.0,3600,106.96764833308923,108.21020861772413,0.811199811671585
2024/10/16,2138.0,2150.0,2101.0,2114.0,3600,105.46402587912632,106.59902493924574,0.8297568822863389
2024/10/17,2127.0,2159.0,2116.0,2127.0,3600,107.29537079166634,108.42144750629532,0.8357384738427501
2024/10/18,2127.0,2138.0,2061.0,2103.0,3000,108.73749262713177,109.5962140664546,0.8041390682502237
2024/10/21,2095.0,2095.0,2037.0,2037.0,20700,107.8846169419465,109.24485546130477,0.8354906406546699
2024/10/22,2038.0,2039.0,1913.0,1993.0,24100,109.1205254387264,110.49962035705339,0.8262117185698846
2024/10/23,1979.0,1979.0,1910.0,1935.0,3900,107.51857892940052,109.60951999500857,0.8065813887643394
2024/10/24,1895.0,1920.0,1895.0,1910.0,2300,104.57059406727014,106.26117062863516,0.7965803357208519
2024/10/25,1889.0,1900.0,1889.0,1900.0,700,108.58889726171418,110.29493369052751,0.8184474956493138
2024/10/28,1900.0,1937.0,1850.0,1937.0,6500,106.99483972562672,108.86324577083907,0.8608798945252912
2024/10/29,1937.0,1940.0,1921.0,1940.0,600,110.34785729981425,111.8415340489532,0.8544205620071013
2024/10/30,1945.0,2001.0,1945.0,2001.0,700,111.58638690751108,113.61820545981982,0.8742131773207709
2024/10/31,2000.0,2015.0,1955.0,2015.0,1700,115.27189590531329,117.09981031218572,0.9028115522943546
2024/11/01,2013.0,2050.0,1955.0,1997.0,3500,114.79586725924892,116.72546138210063,0.9195662073992701
2024/11/05,1997.0,2000.0,1975.0,1975.0,800,110.0083010541318,112.00420931436284,0.9226230893053853
2024/11/06,1984.0,2050.0,1984.0,2040.0,2500,111.55517613987146,112.76309449776596,0.9348609465766115
2024/11/07,2040.0,2100.0,2040.0,2099.0,5100,112.94598110357616,113.78515133089203,0.9606441121523216
2024/11/08,2130.0,2450.0,2130.0,2410.0,9400,107.54259103783149,108.15899269445755,1.1046047186168004
2024/11/11,2405.0,2909.0,2405.0,2775.0,30100,115.2927261967796,116.1107158582756,1.318681792357935
2024/11/12,2781.0,2781.0,2551.0,2611.0,7000,111.43522055753039,112.35735442380837,1.239916144758316
2024/11/13,2686.0,2859.0,2675.0,2825.0,11700,115.03699067018181,115.31563771347359,1.357935998908749
2024/11/14,2491.0,2491.0,2325.0,2325.0,24700,109.09869981688533,109.27919585263169,1.1205722471298034
2024/11/15,2100.0,2132.0,2026.0,2084.0,55900,105.6241199216459,105.61561052853932,0.9781816746660285
2024/11/18,2084.0,2220.0,2084.0,2120.0,28100,107.77122157519722,107.93217291381328,1.036164493296285
2024/11/19,2151.0,2180.0,2120.0,2130.0,27100,105.29539827437091,105.4821417275016,1.034033681360102
2024/11/20,2128.0,2130.0,2060.0,2101.0,28700,103.09737182498984,103.3407160278426,1.0243930157748429
2024/11/21,2078.0,2100.0,2057.0,2078.0,3200,105.00555795799177,105.12395823401414,1.0304692715594896
2024/11/22,2031.0,2047.0,2025.0,2047.0,4500,103.75583351242875,103.69183520637337,1.0345111097944604
2024/11/25,2050.0,2089.0,2021.0,2089.0,2600,100.5067038683426,101.34548145578661,1.055509261276535
2024/11/26,2094.0,2094.0,2021.0,2047.0,2500,103.84204940415384,104.1953627819994,1.0443056520203469
2024/11/27,2044.0,2058.0,2024.0,2036.0,2900,104.58881449946159,105.2393540444548,1.0481285838775507
2024/11/28,2047.0,2094.0,2041.0,2075.0,2400,105.98000433875632,106.4155310335149,1.0674940506278212
2024/11/29,2025.0,2058.0,2002.0,2058.0,5400,104.75580237539555,105.74020837920938,1.0373138128497208
2024/12/02,2087.0,2089.0,2044.0,2045.0,1500,100.01416091668618,100.08162383724705,1.0161966863449752
2024/12/03,2048.0,2085.0,2048.0,2075.0,4800,102.6741365016166,102.92300714535912,1.0165527206423381
2024/12/04,2076.0,2142.0,2075.0,2137.0,3800,107.08316334878674,107.33162910156564,1.0518852695104186
2024/12/05,2137.0,2326.0,2137.0,2253.0,55100,105.36270847143115,106.36557658035659,1.1083201647585899
2024/12/06,2309.0,2433.0,2261.0,2433.0,58800,107.11960653504643,108.38403077419245,1.1877054289716258
2024/12/09,2513.0,2513.0,2230.0,2310.0,45600,113.15629854706295,113.84277777635,0.8339910210368343
2024/12/10,2286.0,2286.0,2150.0,2155.0,5200,108.03798095236832,109.37923687382481,0.7760865085176295
2024/12/11,2168.0,2201.0,2168.0,2196.0,4000,115.57771068295006,117.0629895493764,0.7885794873150973
2024/12/12,2233.0,2233.0,2150.0,2150.0,3600,108.05603884016571,109.49090233265753,0.8140825367273851
2024/12/13,2124.0,2200.0,2124.0,2200.0,2300,109.45689614939849,110.89320563400227,0.7679468263566895
2024/12/16,2220.0,2220.0,2150.0,2150.0,3200,108.0464446693947,109.5767510704586,0.9969035665519587
2024/12/17,2128.0,2210.0,2128.0,2151.0,3600,109.28942513672703,109.87667604648188,1.0010705379039044
2024/12/18,2151.0,2151.0,2127.0,2127.0,4400,110.91457037833352,111.22818860479849,0.9929327088399266
2024/12/19,2119.0,2121.0,2080.0,2080.0,2600,106.2661131887299,106.43198784497883,0.9751584558725012
2024/12/20,2466.0,2580.0,2333.0,2417.0,113900,109.17701816656003,109.62872574682284,1.14882924998574
2024/12/23,2342.0,2379.0,2304.0,2322.0,15600,107.90356612880701,108.45391390491673,1.1069954767737153
2024/12/24,2328.0,2328.0,2288.0,2317.0,3500,111.1689659525745,111.38769054356617,1.1044011519572505
2024/12/25,2325.0,2325.0,2266.0,2274.0,5400,109.06256119518136,109.36556850350796,1.0812884142158266
2024/12/26,2272.0,2354.0,2272.0,2335.0,6400,111.76922197973175,112.37174156179594,1.1088531562721993
2024/12/27,2342.0,2420.0,2342.0,2381.0,3100,111.69030740210485,112.18748244979275,1.1125401905923524
2024/12/30,2457.0,2457.0,2425.0,2450.0,5100,112.56015061341597,113.71338104104316,1.1678446900556678
2025/01/06,2451.0,2499.0,2451.0,2499.0,5400,115.02434743605197,115.83109304857386,1.0732543144532787
2025/01/07,2520.0,2614.0,2520.0,2605.0,7200,113.61636975973249,115.23039738792862,1.1066575400218555
2025/01/08,2620.0,2911.0,2620.0,2812.0,22500,115.87395875300467,116.81108593913686,1.2017414037226313
2025/01/09,2831.0,2960.0,2629.0,2701.0,20100,117.16562214264371,118.3218487778561,1.2558793170367868
2025/01/10,2667.0,2798.0,2566.0,2756.0,9600,117.4648609644292,118.05613248787179,1.2712809637205387
2025/01/14,2752.0,2752.0,2611.0,2666.0,8200,121.40683705270965,122.07099253042198,1.2657699677176446
2025/01/15,2666.0,2816.0,2666.0,2773.0,4900,122.55719245306233,123.39766690782535,1.31254487647577
2025/01/16,2814.0,2850.0,2767.0,2785.0,6900,125.5934275666572,126.38568244686216,1.3139584923363663
2025/01/17,2785.0,2785.0,2734.0,2781.0,13600,123.80936523993165,124.79380734934342,1.3272136848259446
2025/01/20,2801.0,2801.0,2660.0,2695.0,3800,118.29791723247173,119.13637003033784,1.1672597615935245
2025/01/21,2645.0,2725.0,2630.0,2663.0,4700,118.90737907079104,118.94128136138595,1.1524520219586656
2025/01/22,2670.0,2843.0,2664.0,2843.0,26000,122.08979548938319,122.83432812810506,1.2197011370724313
2025/01/23,2813.0,2851.0,2782.0,2816.0,4400,110.98231970118687,111.44621533905834,1.2045525813009412
2025/01/24,2783.0,2885.0,2756.0,2885.0,5800,111.64947396610441,111.94945219069638,1.2607666806158164
2025/01/27,2898.0,2898.0,2801.0,2801.0,8200,109.04961520841033,109.37934327632838,1.1543950720346214
2025/01/28,2780.0,2839.0,2730.0,2772.0,5400,104.59035837880145,104.48856674357158,1.1429279470212395
2025/01/29,2822.0,2822.0,2760.0,2773.0,3600,107.32069035847434,107.15636174900747,1.135641344428994
2025/01/30,2776.0,2776.0,2707.0,2713.0,2700,105.27151867323556,104.95063607603828,1.0756634941273453
2025/01/31,2663.0,2751.0,2663.0,2711.0,1600,102.7054682804658,102.54938819408672,1.0722764904373883
2025/02/03,2661.0,2700.0,2650.0,2669.0,3900,105.54847428319768,105.47939901489767,1.0821569126255475
2025/02/04,2619.0,2713.0,2580.0,2632.0,5100,104.75647703341913,104.61819609300932,1.0602837434489496
2025/02/05,2601.0,2601.0,2480.0,2550.0,5900,104.26772820013645,104.18705403765978,1.0244854695878658
2025/02/06,2590.0,2640.0,2540.0,2591.0,2500,104.3629433858773,103.95709469355619,1.0070467959954135
2025/02/07,2596.0,2729.0,2596.0,2644.0,700,102.73123586194221,102.34662830164591,0.9515127505135457
