date,open,high,low,close,volume,rs_nikkei,rs_topix,rs
2014/03/25,2133.3,2166.6,2103.3,2126.6,355200,-1.0,-1.0,-1.0
2014/03/26,2160.0,2183.3,2140.0,2166.6,266100,-1.0,-1.0,-1.0
2014/03/27,2100.0,2123.3,2090.0,2120.0,237400,-1.0,-1.0,-1.0
2014/03/28,2116.6,2156.6,2103.3,2153.3,171800,-1.0,-1.0,-1.0
2014/03/31,2163.3,2166.6,2123.3,2140.0,209600,-1.0,-1.0,-1.0
2014/04/01,2140.0,2163.3,2130.0,2150.0,144500,-1.0,-1.0,-1.0
2014/04/02,2223.3,2296.6,2223.3,2276.6,477000,-1.0,-1.0,-1.0
2014/04/03,2306.6,2340.0,2286.6,2306.6,399700,-1.0,-1.0,-1.0
2014/04/04,2290.0,2300.0,2243.3,2253.3,303600,-1.0,-1.0,-1.0
2014/04/07,2226.6,2226.6,2193.3,2210.0,194100,-1.0,-1.0,-1.0
2014/04/08,2200.0,2243.3,2190.0,2193.3,299000,-1.0,-1.0,-1.0
2014/04/09,2163.3,2196.6,2160.0,2176.6,245000,-1.0,-1.0,-1.0
2014/04/10,2223.3,2226.6,2150.0,2163.3,136100,-1.0,-1.0,-1.0
2014/04/11,2126.6,2136.6,2083.3,2126.6,166000,-1.0,-1.0,-1.0
2014/04/14,2123.3,2136.6,2113.3,2116.6,71900,-1.0,-1.0,-1.0
2014/04/15,2136.6,2146.6,2120.0,2120.0,80700,-1.0,-1.0,-1.0
2014/04/16,2126.6,2143.3,2116.6,2136.6,173000,-1.0,-1.0,-1.0
2014/04/17,2133.3,2146.6,2076.6,2100.0,316200,-1.0,-1.0,-1.0
2014/04/18,2110.0,2116.6,2083.3,2106.6,245800,-1.0,-1.0,-1.0
2014/04/21,2106.6,2136.6,2090.0,2110.0,188200,-1.0,-1.0,-1.0
2014/04/22,2110.0,2116.6,2090.0,2093.3,142200,-1.0,-1.0,-1.0
2014/04/23,2116.6,2146.6,2113.3,2143.3,214900,-1.0,-1.0,-1.0
2014/04/24,2160.0,2163.3,2093.3,2103.3,195000,-1.0,-1.0,-1.0
2014/04/25,2106.6,2143.3,2100.0,2123.3,184500,-1.0,-1.0,-1.0
2014/04/28,2103.3,2116.6,2070.0,2083.3,174700,-1.0,-1.0,-1.0
2014/04/30,2103.3,2113.3,2066.6,2070.0,127800,-1.0,-1.0,-1.0
2014/05/01,2100.0,2116.6,2080.0,2113.3,105800,-1.0,-1.0,-1.0
2014/05/02,2123.3,2123.3,2073.3,2093.3,130700,-1.0,-1.0,-1.0
2014/05/07,2063.3,2066.6,2033.3,2056.6,213700,-1.0,-1.0,0.9194580301558469
2014/05/08,2056.6,2073.3,2036.6,2050.0,123400,-1.0,-1.0,0.9001132908007833
2014/05/09,2043.3,2070.0,2043.3,2066.6,110700,-1.0,-1.0,0.8865184841006447
2014/05/12,2073.3,2073.3,2020.0,2026.6,217400,-1.0,-1.0,0.8723832962205049
2014/05/13,2073.3,2073.3,2023.3,2040.0,293300,-1.0,-1.0,0.8693757184369177
2014/05/14,2033.3,2036.6,2016.6,2026.6,168000,-1.0,-1.0,0.8644525445370789
2014/05/15,2006.6,2023.3,1996.6,2023.3,168700,-1.0,-1.0,0.8684204032837878
2014/05/16,2006.6,2066.6,2003.3,2060.0,257400,-1.0,-1.0,0.9425103087644816
2014/05/19,2080.0,2080.0,2050.0,2056.6,216600,-1.0,-1.0,0.9781883396454242
2014/05/20,2070.0,2080.0,2040.0,2040.0,138000,-1.0,-1.0,0.9635041027837311
2014/05/21,2023.3,2033.3,2013.3,2013.3,197400,-1.0,-1.0,0.9575732596249991
2014/05/22,2040.0,2070.0,2033.3,2066.6,134100,-1.0,-1.0,0.9531977008810527
2014/05/23,2080.0,2086.6,2070.0,2073.3,83600,-1.0,-1.0,0.923126857132028
2014/05/26,2076.6,2086.6,2056.6,2083.3,184000,-1.0,-1.0,0.9601175826805473
2014/05/27,2086.6,2123.3,2083.3,2113.3,159800,-1.0,-1.0,0.9764785247875037
2014/05/28,2113.3,2133.3,2110.0,2120.0,128200,-1.0,-1.0,0.9773600514556474
2014/05/29,2106.6,2140.0,2106.6,2130.0,220700,-1.0,-1.0,0.9908512534421898
2014/05/30,2143.3,2193.3,2143.3,2173.3,345700,-1.0,-1.0,1.031977433441366
2014/06/02,2193.3,2246.6,2183.3,2243.3,274600,-1.0,-1.0,1.0659664451923403
2014/06/03,2263.3,2273.3,2236.6,2260.0,209000,-1.0,-1.0,1.0854504091342871
2014/06/04,2260.0,2260.0,2233.3,2246.6,110100,-1.0,-1.0,1.0745877335928098
2014/06/05,2246.6,2290.0,2236.6,2266.6,274000,-1.0,-1.0,1.0880915721030684
2014/06/06,2266.6,2290.0,2263.3,2276.6,136100,-1.0,-1.0,1.0932826064080168
2014/06/09,2280.0,2306.6,2280.0,2286.6,96500,-1.0,-1.0,1.076935947935133
2014/06/10,2286.6,2293.3,2256.6,2263.3,110200,-1.0,-1.0,1.0852042732529799
2014/06/11,2273.3,2283.3,2260.0,2283.3,90600,-1.0,-1.0,1.0770766798988427
2014/06/12,2260.0,2290.0,2253.3,2273.3,145900,-1.0,-1.0,1.0892754100245647
2014/06/13,2280.0,2293.3,2263.3,2280.0,171500,-1.0,-1.0,1.1148416743206995
2014/06/16,2260.0,2320.0,2246.6,2306.6,249800,-1.0,-1.0,1.0786440852739692
2014/06/17,2330.0,2360.0,2326.6,2356.6,280300,-1.0,-1.0,1.112884564765644
2014/06/18,2363.3,2396.6,2343.3,2386.6,195300,-1.0,-1.0,1.1164063297896274
2014/06/19,2400.0,2403.3,2376.6,2390.0,277600,-1.0,-1.0,1.1353680295489217
2014/06/20,2403.3,2403.3,2356.6,2370.0,164100,-1.0,-1.0,1.131226148006968
2014/06/23,2360.0,2386.6,2360.0,2370.0,90800,-1.0,-1.0,1.1386342894348882
2014/06/24,2353.3,2406.6,2346.6,2400.0,114400,-1.0,-1.0,1.1488522938105616
2014/06/25,2376.6,2390.0,2340.0,2350.0,113000,-1.0,-1.0,1.1127839586685477
2014/06/26,2326.6,2330.0,2290.0,2300.0,193100,-1.0,-1.0,1.0522259582908615
2014/06/27,2290.0,2290.0,2216.6,2270.0,265200,-1.0,-1.0,1.0429683916397485
2014/06/30,2263.3,2300.0,2243.3,2266.6,211300,-1.0,-1.0,0.9671323276773853
2014/07/01,2263.3,2330.0,2260.0,2310.0,168300,-1.0,-1.0,0.9771208827261069
2014/07/02,2340.0,2340.0,2263.3,2286.6,422500,-1.0,-1.0,0.9388220454780704
2014/07/03,2300.0,2306.6,2283.3,2303.3,159500,-1.0,-1.0,0.937747833994313
2014/07/04,2300.0,2306.6,2253.3,2263.3,340900,-1.0,-1.0,0.9049171583747984
2014/07/07,2250.0,2283.3,2213.3,2266.6,323200,-1.0,-1.0,0.8960518570626876
2014/07/08,2263.3,2266.6,2230.0,2240.0,201000,-1.0,-1.0,0.8919637190337136
2014/07/09,2206.6,2253.3,2206.6,2250.0,232100,-1.0,-1.0,0.9002787789446938
2014/07/10,2283.3,2283.3,2243.3,2243.3,236300,-1.0,-1.0,0.9055508303086416
2014/07/11,2223.3,2230.0,2186.6,2206.6,294600,-1.0,-1.0,0.8928574392834014
2014/07/14,2216.6,2233.3,2206.6,2226.6,100300,-1.0,-1.0,0.8768152275494278
2014/07/15,2250.0,2253.3,2226.6,2240.0,181800,-1.0,-1.0,0.8777181553083393
2014/07/16,2230.0,2303.3,2226.6,2283.3,335600,-1.0,-1.0,0.9253090057832183
2014/07/17,2383.3,2386.6,2326.6,2336.6,542500,-1.0,-1.0,0.933792852591953
2014/07/18,2323.3,2343.3,2310.0,2333.3,255700,-1.0,-1.0,0.9362066884449953
2014/07/22,2360.0,2363.3,2336.6,2353.3,241900,-1.0,-1.0,0.9628454828859779
2014/07/23,2366.6,2386.6,2360.0,2363.3,231600,-1.0,-1.0,0.9674916742653107
2014/07/24,2280.0,2293.3,2256.6,2283.3,579100,-1.0,-1.0,0.9361592000282092
2014/07/25,2303.3,2323.3,2290.0,2300.0,245300,-1.0,-1.0,0.9577646556931547
2014/07/28,2316.6,2316.6,2286.6,2296.6,158900,-1.0,-1.0,0.9932286418925852
2014/07/29,2300.0,2303.3,2270.0,2276.6,159500,-1.0,-1.0,0.9784997765095725
2014/07/30,2290.0,2296.6,2270.0,2273.3,134600,-1.0,-1.0,0.9757751421312788
2014/07/31,2286.6,2290.0,2230.0,2233.3,270500,-1.0,-1.0,0.9586972346623805
2014/08/01,2226.6,2253.3,2223.3,2236.6,173400,-1.0,-1.0,0.9945330582775348
2014/08/04,2240.0,2260.0,2230.0,2243.3,73800,-1.0,-1.0,1.0209293856084682
2014/08/05,2263.3,2263.3,2206.6,2210.0,160300,-1.0,-1.0,1.022944338790846
2014/08/06,2190.0,2216.6,2190.0,2210.0,118600,-1.0,-1.0,1.0330589202524019
2014/08/07,2210.0,2256.6,2206.6,2253.3,140400,-1.0,-1.0,1.0484994148529672
2014/08/08,2166.6,2183.3,2083.3,2123.3,584500,-1.0,-1.0,1.0033242719819724
2014/08/11,2143.3,2173.3,2130.0,2170.0,294200,-1.0,-1.0,1.012284626424201
2014/08/12,2183.3,2196.6,2170.0,2180.0,113500,-1.0,-1.0,1.0121191621081154
2014/08/13,2166.6,2173.3,2153.3,2170.0,124300,-1.0,-1.0,1.0064541701648146
2014/08/14,2190.0,2213.3,2180.0,2190.0,133100,-1.0,-1.0,1.012640505671843
2014/08/15,2190.0,2190.0,2170.0,2183.3,166100,-1.0,-1.0,0.9631477501902573
2014/08/18,2186.6,2223.3,2186.6,2193.3,165000,-1.0,-1.0,0.9233924123878025
2014/08/19,2200.0,2206.6,2183.3,2190.0,115600,-1.0,-1.0,0.9144859792032098
2014/08/20,2193.3,2196.6,2183.3,2186.6,79700,-1.0,-1.0,0.9156388703753061
2014/08/21,2190.0,2210.0,2190.0,2200.0,151700,-1.0,-1.0,0.912283300119005
2014/08/22,2203.3,2213.3,2190.0,2200.0,119300,-1.0,-1.0,0.9112870418857639
2014/08/25,2186.6,2210.0,2183.3,2193.3,133300,-1.0,-1.0,0.9338449285432076
2014/08/26,2193.3,2210.0,2183.3,2206.6,129700,-1.0,-1.0,0.9436381210276128
2014/08/27,2220.0,2236.6,2216.6,2226.6,110600,-1.0,-1.0,0.9473972359060667
2014/08/28,2220.0,2230.0,2210.0,2216.6,122300,-1.0,-1.0,0.9666916860399425
2014/08/29,2220.0,2226.6,2206.6,2216.6,102900,-1.0,-1.0,0.9731187538285272
2014/09/01,2220.0,2226.6,2206.6,2220.0,74000,-1.0,-1.0,0.976452672683956
2014/09/02,2216.6,2233.3,2210.0,2233.3,111500,-1.0,-1.0,0.9673474697793387
2014/09/03,2256.6,2280.0,2250.0,2266.6,163600,-1.0,-1.0,0.9797899008455729
2014/09/04,2266.6,2273.3,2250.0,2256.6,98300,-1.0,-1.0,0.9838685853834764
2014/09/05,2263.3,2283.3,2263.3,2276.6,154200,-1.0,-1.0,0.9804156751354287
2014/09/08,2280.0,2293.3,2266.6,2283.3,100700,-1.0,-1.0,1.0518510354504673
2014/09/09,2290.0,2306.6,2280.0,2306.6,185300,-1.0,-1.0,1.0751358796459989
2014/09/10,2300.0,2330.0,2293.3,2326.6,221500,-1.0,-1.0,1.0811229658814923
2014/09/11,2350.0,2370.0,2350.0,2360.0,310200,-1.0,-1.0,1.1290709941976975
2014/09/12,2373.3,2380.0,2346.6,2356.6,186200,-1.0,-1.0,1.1277964032811347
2014/09/16,2356.6,2373.3,2326.6,2353.3,220300,-1.0,-1.0,1.066512532883246
2014/09/17,2343.3,2373.3,2340.0,2366.6,369800,-1.0,-1.0,1.0800400476457424
2014/09/18,2373.3,2390.0,2360.0,2380.0,222800,-1.0,-1.0,1.1026598750321348
2014/09/19,2376.6,2433.3,2370.0,2420.0,311500,-1.0,-1.0,1.0800705774929942
2014/09/22,2430.0,2456.6,2406.6,2456.6,211500,-1.0,-1.0,1.1141937733243967
2014/09/24,2433.3,2483.3,2416.6,2470.0,226500,-1.0,-1.0,1.106749166934197
2014/09/25,2483.3,2500.0,2470.0,2500.0,176000,-1.0,-1.0,1.0863400697578525
2014/09/26,2480.0,2486.6,2456.6,2480.0,121100,-1.0,-1.0,1.0894289288622516
2014/09/29,2480.0,2506.6,2470.0,2493.3,191200,-1.0,-1.0,1.097469088802161
2014/09/30,2490.0,2500.0,2463.3,2483.3,194300,-1.0,-1.0,1.1332124330160287
2014/10/01,2493.3,2500.0,2460.0,2466.6,253100,-1.0,-1.0,1.13322290513876
2014/10/02,2443.3,2470.0,2420.0,2440.0,295000,-1.0,-1.0,1.2109721225117458
2014/10/03,2393.3,2450.0,2393.3,2446.6,247700,-1.0,-1.0,1.1741766440517263
2014/10/06,2456.6,2460.0,2436.6,2443.3,230200,-1.0,-1.0,1.1553998797159815
2014/10/07,2433.3,2456.6,2426.6,2440.0,162000,-1.0,-1.0,1.1611365010672774
2014/10/08,2393.3,2416.6,2373.3,2400.0,153100,-1.0,-1.0,1.1460993460504583
2014/10/09,2400.0,2400.0,2340.0,2343.3,220700,-1.0,-1.0,1.121570521916418
2014/10/10,2306.6,2350.0,2306.6,2340.0,166500,-1.0,-1.0,1.1283822661655634
2014/10/14,2303.3,2326.6,2276.6,2290.0,259200,-1.0,-1.0,1.1030168620018923
2014/10/15,2290.0,2306.6,2266.6,2303.3,138200,-1.0,-1.0,1.1030374840244492
2014/10/16,2256.6,2280.0,2253.3,2270.0,191400,-1.0,-1.0,1.1100299760209227
2014/10/17,2283.3,2310.0,2250.0,2250.0,247300,-1.0,-1.0,1.102031829092182
2014/10/20,2316.6,2340.0,2306.6,2330.0,223400,-1.0,-1.0,0.9963289793686776
2014/10/21,2340.0,2346.6,2283.3,2293.3,188400,-1.0,-1.0,0.9894917584243649
2014/10/22,2326.6,2346.6,2300.0,2336.6,182300,-1.0,-1.0,0.9954821673176089
2014/10/23,2363.3,2406.6,2353.3,2360.0,337400,-1.0,-1.0,0.9888217086585203
2014/10/24,2386.6,2400.0,2360.0,2393.3,189600,-1.0,-1.0,1.0041793590119734
2014/10/27,2413.3,2450.0,2393.3,2450.0,215200,-1.0,-1.0,1.0447008959946225
2014/10/28,2426.6,2433.3,2366.6,2380.0,251800,-1.0,-1.0,0.9371703571681916
2014/10/29,2400.0,2416.6,2386.6,2396.6,128700,-1.0,-1.0,0.9349142423960924
2014/10/30,2400.0,2426.6,2393.3,2420.0,121800,-1.0,-1.0,0.9435261906547666
2014/10/31,2450.0,2490.0,2430.0,2490.0,254900,-1.0,-1.0,0.89140613383829
2014/11/04,2520.0,2606.6,2513.3,2590.0,428000,-1.0,-1.0,0.9328646547071274
2014/11/05,2576.6,2586.6,2523.3,2540.0,307400,-1.0,-1.0,0.8753190990785393
2014/11/06,2560.0,2570.0,2510.0,2526.6,153300,-1.0,-1.0,0.870191809584847
2014/11/07,2666.6,2826.6,2653.3,2816.6,1077000,-1.0,-1.0,1.7460801374672656
2014/11/10,2830.0,2876.6,2820.0,2863.3,550900,-1.0,-1.0,1.8293939442253064
2014/11/11,2856.6,2910.0,2843.3,2893.3,311300,-1.0,-1.0,1.837041571746829
2014/11/12,2923.3,2963.3,2910.0,2920.0,264900,-1.0,-1.0,1.8453652645699885
2014/11/13,2896.6,2940.0,2883.3,2933.3,186400,-1.0,-1.0,1.8340729232146191
2014/11/14,2960.0,2966.6,2906.6,2950.0,241500,-1.0,-1.0,1.8310243892947076
2014/11/17,2936.6,2940.0,2866.6,2896.6,247200,-1.0,-1.0,1.9114958020118848
2014/11/18,2910.0,3010.0,2896.6,3003.3,281800,-1.0,-1.0,2.0173917332891187
2014/11/19,3026.6,3063.3,3003.3,3040.0,261000,-1.0,-1.0,2.0527914470274045
2014/11/20,3053.3,3063.3,3040.0,3053.3,174700,-1.0,-1.0,2.0000615751858533
2014/11/21,3050.0,3050.0,2970.0,2993.3,291300,-1.0,-1.0,1.9126206808342276
2014/11/25,3040.0,3076.6,3026.6,3066.6,296600,-1.0,-1.0,1.8995761724107665
2014/11/26,3083.3,3110.0,3006.6,3020.0,352500,-1.0,-1.0,1.7912038242498731
2014/11/27,3013.3,3100.0,2986.6,3080.0,320200,-1.0,-1.0,2.0059166392323102
2014/11/28,3076.6,3153.3,3066.6,3143.3,247200,-1.0,-1.0,2.066542896482124
2014/12/01,3143.3,3156.6,3106.6,3140.0,297100,-1.0,-1.0,1.7487937726741207
2014/12/02,3133.3,3213.3,3126.6,3210.0,324400,-1.0,-1.0,1.786128628146688
2014/12/03,3210.0,3216.6,3116.6,3160.0,557100,-1.0,-1.0,1.7405954970484638
2014/12/04,3193.3,3206.6,3160.0,3183.3,238200,-1.0,-1.0,1.7581834009730914
2014/12/05,3150.0,3206.6,3133.3,3196.6,362100,-1.0,-1.0,1.650707532890032
2014/12/08,3220.0,3236.6,3190.0,3223.3,153300,-1.0,-1.0,1.1115278394942316
2014/12/09,3226.6,3276.6,3213.3,3256.6,356100,-1.0,-1.0,1.14404357579187
2014/12/10,3256.6,3260.0,3083.3,3103.3,387900,-1.0,-1.0,1.0622666374500138
2014/12/11,3010.0,3136.6,3006.6,3123.3,381600,-1.0,-1.0,1.0746092357663886
2014/12/12,3120.0,3190.0,3100.0,3160.0,272600,-1.0,-1.0,1.0799635620568153
2014/12/15,3170.0,3250.0,3140.0,3196.6,315200,-1.0,-1.0,1.1053035435600327
2014/12/16,3146.6,3156.6,3093.3,3133.3,217200,-1.0,-1.0,1.1086717220263167
2014/12/17,3120.0,3203.3,3120.0,3153.3,246400,-1.0,-1.0,1.1166453227962017
2014/12/18,3210.0,3213.3,3160.0,3166.6,176200,-1.0,-1.0,1.0479331002304588
2014/12/19,3246.6,3270.0,3223.3,3250.0,248900,-1.0,-1.0,1.0295124443860677
2014/12/22,3266.6,3270.0,3226.6,3250.0,150100,-1.0,-1.0,1.0262834163379877
2014/12/24,3250.0,3270.0,3240.0,3246.6,171200,-1.0,-1.0,1.016540551131453
2014/12/25,3246.6,3303.3,3240.0,3260.0,198600,-1.0,-1.0,1.0284350505524815
2014/12/26,3293.3,3396.6,3260.0,3376.6,246200,-1.0,-1.0,1.1276930327249162
2014/12/29,3396.6,3420.0,3293.3,3326.6,247900,-1.0,-1.0,1.0891621827840827
2014/12/30,3326.6,3326.6,3226.6,3236.6,164300,-1.0,-1.0,1.076288867395516
2015/01/05,3236.6,3356.6,3233.3,3330.0,252700,-1.0,-1.0,1.1071543261298296
2015/01/06,3246.6,3333.3,3216.6,3290.0,422300,-1.0,-1.0,1.1250356042324865
2015/01/07,3250.0,3283.3,3203.3,3263.3,252700,-1.0,-1.0,1.1187025716764543
2015/01/08,3410.0,3550.0,3383.3,3533.3,450100,-1.0,-1.0,1.2339531794740881
2015/01/09,3640.0,3650.0,3543.3,3573.3,386700,-1.0,-1.0,1.2747654901353793
2015/01/13,3523.3,3533.3,3456.6,3510.0,268100,-1.0,-1.0,1.2200344766094535
2015/01/14,3433.3,3486.6,3306.6,3376.6,504800,-1.0,-1.0,1.1457597540548539
2015/01/15,3400.0,3486.6,3350.0,3473.3,376300,-1.0,-1.0,1.149558087570659
2015/01/16,3376.6,3573.3,3370.0,3570.0,477200,-1.0,-1.0,1.1738868386519863
2015/01/19,3583.3,3643.3,3513.3,3620.0,304800,-1.0,-1.0,1.2521319105456172
2015/01/20,3583.3,3603.3,3550.0,3583.3,450000,-1.0,-1.0,1.2235325059595652
2015/01/21,3583.3,3646.6,3576.6,3600.0,173700,-1.0,-1.0,1.2296759416388134
2015/01/22,3600.0,3636.6,3543.3,3563.3,132700,-1.0,-1.0,1.238946644800803
2015/01/23,3610.0,3620.0,3520.0,3543.3,301500,-1.0,-1.0,1.2263463898577027
2015/01/26,3530.0,3620.0,3513.3,3616.6,129300,-1.0,-1.0,1.1577107424254902
2015/01/27,3626.6,3636.6,3586.6,3606.6,136500,-1.0,-1.0,1.1283400544788256
2015/01/28,3593.3,3660.0,3570.0,3643.3,180600,-1.0,-1.0,1.131513883477988
2015/01/29,3626.6,3693.3,3626.6,3650.0,162700,-1.0,-1.0,1.139822402041853
2015/01/30,3680.0,3723.3,3620.0,3623.3,213500,-1.0,-1.0,1.1074965288226495
2015/02/02,3556.6,3593.3,3523.3,3563.3,171200,-1.0,-1.0,1.1012696982752517
2015/02/03,3563.3,3573.3,3366.6,3413.3,346100,-1.0,-1.0,1.0855242141484145
2015/02/04,3460.0,3496.6,3396.6,3476.6,235600,-1.0,-1.0,1.0792951241874347
2015/02/05,3380.0,3433.3,3353.3,3353.3,336000,-1.0,-1.0,1.037211421363913
2015/02/06,3403.3,3416.6,3313.3,3360.0,346300,-1.0,-1.0,1.0433346287118272
2015/02/09,3550.0,3550.0,3366.6,3440.0,339400,-1.0,-1.0,0.9741983812538466
2015/02/10,3443.3,3443.3,3330.0,3350.0,316500,-1.0,-1.0,0.9284155986947298
2015/02/12,3383.3,3460.0,3370.0,3453.3,225200,-1.0,-1.0,0.9434892200281612
2015/02/13,3493.3,3523.3,3453.3,3500.0,287400,-1.0,-1.0,0.9976085193165123
2015/02/16,3503.3,3530.0,3350.0,3380.0,242600,-1.0,-1.0,0.8368785858838921
2015/02/17,3380.0,3450.0,3350.0,3443.3,135200,-1.0,-1.0,0.8556657716215473
2015/02/18,3446.6,3493.3,3446.6,3490.0,136400,-1.0,-1.0,0.8534091786252296
2015/02/19,3490.0,3536.6,3456.6,3470.0,187900,-1.0,-1.0,0.8594696603889067
2015/02/20,3423.3,3466.6,3400.0,3433.3,228300,-1.0,-1.0,0.8420650746609981
2015/02/23,3433.3,3506.6,3423.3,3506.6,198200,-1.0,-1.0,0.8638761742449234
2015/02/24,3500.0,3530.0,3423.3,3466.6,218200,-1.0,-1.0,0.8487441005988562
2015/02/25,3540.0,3683.3,3526.6,3650.0,436700,-1.0,-1.0,0.9515316001478087
2015/02/26,3653.3,3693.3,3600.0,3683.3,202100,-1.0,-1.0,0.9662487853252659
2015/02/27,3693.3,3700.0,3640.0,3666.6,161700,-1.0,-1.0,0.9593673296434934
2015/03/02,3660.0,3720.0,3613.3,3693.3,200100,-1.0,-1.0,0.9667794295335738
2015/03/03,3716.6,3873.3,3683.3,3843.3,347200,-1.0,-1.0,1.0215906605731326
2015/03/04,3790.0,3790.0,3710.0,3723.3,222800,-1.0,-1.0,1.0102781058416814
2015/03/05,3690.0,3790.0,3686.6,3780.0,246300,-1.0,-1.0,1.0483271680389852
2015/03/06,3803.3,3903.3,3803.3,3900.0,323500,-1.0,-1.0,1.0269774427486436
2015/03/09,3863.3,3866.6,3816.6,3820.0,156400,-1.0,-1.0,0.998426831791575
2015/03/10,3833.3,3856.6,3733.3,3736.6,318900,-1.0,-1.0,1.0182120287553333
2015/03/11,3726.6,3790.0,3706.6,3766.6,107500,-1.0,-1.0,1.0228977373627801
2015/03/12,3866.6,3960.0,3830.0,3950.0,358700,-1.0,-1.0,1.1062455009318222
2015/03/13,4116.6,4166.6,3993.3,4143.3,556900,-1.0,-1.0,1.1277222447997763
2015/03/16,4136.6,4320.0,4116.6,4203.3,456700,-1.0,-1.0,1.210308453631987
2015/03/17,4200.0,4303.3,4160.0,4206.6,424300,-1.0,-1.0,1.2060797663886542
2015/03/18,4210.0,4220.0,4136.6,4183.3,172300,-1.0,-1.0,1.188492772894328
2015/03/19,4143.3,4163.3,4070.0,4103.3,228400,-1.0,-1.0,1.2053820676171807
2015/03/20,4100.0,4106.6,4043.3,4100.0,213300,-1.0,-1.0,1.2000155387104696
2015/03/23,4173.3,4300.0,4136.6,4273.3,344400,-1.0,-1.0,1.2722411139146135
2015/03/24,4283.3,4286.6,4156.6,4173.3,372800,-1.0,-1.0,1.2500239434561617
2015/03/25,4173.3,4273.3,4173.3,4263.3,250400,-1.0,-1.0,1.2629260720853601
2015/03/26,4250.0,4293.3,4173.3,4250.0,441300,-1.0,-1.0,1.3040028808896165
2015/03/27,4130.0,4166.6,3976.6,4050.0,371700,-1.0,-1.0,1.2598908020678832
2015/03/30,4056.6,4106.6,4006.6,4093.3,190300,-1.0,-1.0,1.2744052090929185
2015/03/31,4146.6,4153.3,4050.0,4093.3,285600,-1.0,-1.0,1.3545734111715204
2015/04/01,4086.6,4086.6,3953.3,3956.6,265800,-1.0,-1.0,1.3232846453440195
2015/04/02,4026.6,4080.0,3983.3,4060.0,286600,-1.0,-1.0,1.2075498363690864
2015/04/03,4073.3,4090.0,3986.6,4090.0,203100,-1.0,-1.0,1.283245538194593
2015/04/06,4083.3,4156.6,4073.3,4100.0,149300,141.63037659950598,142.26742318896498,1.218845932556799
2015/04/07,4163.3,4183.3,4083.3,4110.0,199500,139.3631071418955,139.43141906005098,1.2120046944640204
2015/04/08,4100.0,4140.0,4063.3,4076.6,197600,135.333238111676,135.64520042949138,1.1890212266476297
2015/04/09,4086.6,4183.3,4080.0,4140.0,231500,137.26119644686162,137.99034731416825,1.2939192018483905
2015/04/10,4150.0,4150.0,4073.3,4123.3,257300,135.964815545646,138.3359905841038,1.2674584804989144
2015/04/13,4200.0,4293.3,4190.0,4236.6,326800,139.8745097215619,142.93619008274717,1.0779726027283565
2015/04/14,4200.0,4216.6,4040.0,4056.6,308600,134.52807463690533,136.65263808412135,0.8674634074721344
2015/04/15,4006.6,4006.6,3933.3,3976.6,323300,135.04902242225697,136.65328543424224,0.8364509261751465
2015/04/16,3933.3,3950.0,3800.0,3826.6,478700,132.1119868940982,132.9075031960996,0.7474101615379285
2015/04/17,3800.0,3800.0,3710.0,3720.0,508000,130.4336642674558,130.42374859489678,0.7142706738538799
2015/04/20,3683.3,3796.6,3613.3,3743.3,370400,131.12671928241647,131.30591316882055,0.6800445094218169
2015/04/21,3736.6,3860.0,3736.6,3860.0,260200,133.2686787171011,133.23709030416492,0.7004848310448323
2015/04/22,3886.6,3963.3,3886.6,3913.3,262500,131.91188188981357,132.14884320475144,0.7130207045760061
2015/04/23,3900.0,3903.3,3783.3,3790.0,428500,128.57756079714827,129.18378740918018,0.7087949315276826
2015/04/24,3753.3,3760.0,3706.6,3753.3,259100,127.4034055986391,127.7556576741453,0.6936116905397953
2015/04/27,3750.0,3750.0,3656.6,3670.0,328100,125.95779228265953,126.29424920953487,0.6867581487465426
2015/04/28,3670.0,3703.3,3636.6,3703.3,209500,127.57665034243915,127.78703044464086,0.6951062439929014
2015/04/30,3666.6,3693.3,3640.0,3653.3,239200,128.28224309833985,128.30885174994918,0.6986615204165051
2015/05/01,3606.6,3636.6,3503.3,3543.3,423400,125.2943431154522,126.23328341071405,0.7414333091676854
2015/05/07,3543.3,3590.0,3520.0,3550.0,288600,127.13836915432057,127.57187705621924,0.8026634328066459
2015/05/08,3583.3,3650.0,3583.3,3626.6,190900,128.58295914095012,128.817355593771,0.8156094882264114
2015/05/11,3683.3,3720.0,3623.3,3686.6,240200,131.1839012354399,131.78510714246949,0.786986967753893
2015/05/12,3666.6,3773.3,3636.6,3760.0,302300,135.48169504746528,135.54898889161814,0.8104254500827338
2015/05/13,3960.0,3996.6,3880.0,3956.6,636500,142.2982690566633,143.99012117032112,0.8467660520961211
2015/05/14,3953.3,3953.3,3846.6,3893.3,323100,140.58633454997977,142.46424013493572,0.936795822005004
2015/05/15,3933.3,4030.0,3926.6,3960.0,241700,137.32533868936264,138.6411101686304,0.9625474801511013
2015/05/18,3960.0,3970.0,3886.6,3900.0,224200,133.53707594593848,134.0732889057822,1.0033402521330272
2015/05/19,3943.3,3956.6,3906.6,3943.3,146900,135.8574053690828,136.49857850850418,1.007888954387017
2015/05/20,3963.3,3973.3,3890.0,3916.6,163300,135.25631417136412,136.13636984734308,0.9946420900383418
2015/05/21,3896.6,3916.6,3850.0,3856.6,244100,132.4394345116413,132.50983693104666,0.9703599028066598
2015/05/22,3836.6,3913.3,3803.3,3903.3,205100,134.35977949710337,134.86399643261728,0.9869532960667868
2015/05/25,3906.6,3926.6,3860.0,3873.3,141500,132.99457146315896,133.8748197513882,1.0524579834465413
2015/05/26,3860.0,3893.3,3850.0,3880.0,94500,131.4864675730172,132.21565394978182,1.0529298308760064
2015/05/27,3890.0,3936.6,3866.6,3910.0,149100,132.1680725477319,133.01586112695148,1.059050143354528
2015/05/28,3936.6,4043.3,3930.0,3976.6,265300,133.3725829167755,134.00652532650483,1.0661723896327842
2015/05/29,3913.3,3926.6,3850.0,3866.6,359900,126.60034646967475,127.713311886244,1.0105168530434265
2015/06/01,3816.6,3830.0,3763.3,3823.3,312800,123.7517793915982,123.91995852885609,1.0174908999406373
2015/06/02,3803.3,3863.3,3783.3,3840.0,167800,124.34738886211085,124.68661351995216,1.024010946378606
2015/06/03,3793.3,3873.3,3793.3,3813.3,206600,124.92155240423213,125.41772267835667,1.0195796543618647
2015/06/04,3856.6,3856.6,3743.3,3760.0,289300,122.09350602777565,122.16901063997865,0.9861701257116412
2015/06/05,3760.0,3796.6,3750.0,3783.3,187800,122.45630872028066,123.06896190086802,0.9925622180217852
2015/06/08,3793.3,3813.3,3753.3,3770.0,176900,121.89105639417093,122.49329898361844,0.9803076406647375
2015/06/09,3750.0,3753.3,3606.6,3610.0,352900,119.01169777300065,119.91435021438906,0.9546098628801702
2015/06/10,3613.3,3656.6,3403.3,3513.3,999200,115.66847243989112,117.09338171172435,0.9386244907998772
2015/06/11,3413.3,3466.6,3383.3,3443.3,648900,111.2691684446953,113.70040073515095,0.9055147928574644
2015/06/12,3406.6,3450.0,3360.0,3376.6,678300,109.56673512931809,111.55302649319569,0.8598033273504149
2015/06/15,3333.3,3373.3,3320.0,3336.6,440700,105.95396298746832,108.11781487656114,0.8766598049776382
2015/06/16,3356.6,3453.3,3346.6,3356.6,470300,105.29636958222974,107.54686223511767,0.8885982195136096
2015/06/17,3366.6,3460.0,3366.6,3390.0,358200,106.19051505729699,108.60813226011095,0.8927992984239883
2015/06/18,3336.6,3370.0,3290.0,3346.6,460000,107.59678871681595,109.91640712627913,0.8946135228451103
2015/06/19,3406.6,3436.6,3353.3,3360.0,370100,107.8662841225973,110.29823176273715,0.8984704185634007
2015/06/22,3370.0,3403.3,3343.3,3380.0,243200,107.29808932040774,109.6456836147635,0.896694559556738
2015/06/23,3430.0,3476.6,3410.0,3470.0,306300,106.8337336328131,109.40345880060454,0.8879769616247626
2015/06/24,3500.0,3520.0,3453.3,3473.3,305400,108.12735835629927,110.93028353046981,0.8827222289556742
2015/06/25,3466.6,3550.0,3466.6,3530.0,333800,113.11324329313996,116.04996027938957,0.9024887286353892
2015/06/26,3510.0,3533.3,3470.0,3486.6,261900,111.97215332851233,115.46115871850074,0.8999620318952706
2015/06/29,3366.6,3420.0,3350.0,3380.0,281000,112.43206355878654,115.87469011072338,0.9261356594986663
2015/06/30,3350.0,3376.6,3340.0,3376.6,260900,110.70908177989556,114.40667703248666,0.9252940478228222
2015/07/01,3376.6,3453.3,3363.3,3430.0,230500,113.41071504467153,117.40492984155513,0.9339478232372478
2015/07/02,3420.0,3450.0,3333.3,3340.0,545700,108.4490348440887,112.48816004523079,0.8973583235730191
2015/07/03,3356.6,3383.3,3316.6,3373.3,263900,112.01686277451668,115.94802991660893,0.9026879282095758
2015/07/06,3326.6,3363.3,3283.3,3310.0,236700,111.6698106834159,115.34730579407235,0.9254699187641655
2015/07/07,3340.0,3363.3,3296.6,3340.0,209200,112.064281591908,116.18158850183366,0.9199538529615015
2015/07/08,3310.0,3326.6,3233.3,3233.3,264900,111.41275303880762,115.40092642209999,0.842271598468143
2015/07/09,3136.6,3270.0,3076.6,3256.6,304600,111.2525946335927,115.70767618379216,0.8608967723458852
2015/07/10,3283.3,3283.3,3120.0,3130.0,365800,108.74594969109906,112.43419471335909,0.8725578448650821
2015/07/13,3126.6,3216.6,3120.0,3170.0,202700,108.40348619339568,111.65902163138443,0.9643010571187892
2015/07/14,3270.0,3373.3,3243.3,3320.0,546100,111.9325830318737,115.19888902159141,1.1334152847564456
2015/07/15,3383.3,3436.6,3313.3,3340.0,335900,109.93696691753514,113.15536121008837,1.1568835116966187
2015/07/16,3350.0,3383.3,3300.0,3306.6,251400,105.5865872237737,108.50009850992235,1.0881398670824396
2015/07/17,3310.0,3330.0,3253.3,3330.0,239600,105.15416292086756,108.417685305248,1.103805990596507
2015/07/21,3336.6,3456.6,3336.6,3443.3,285700,107.71520489507355,111.2996385798555,1.3125693655355186
2015/07/22,3383.3,3396.6,3316.6,3323.3,208100,104.66905461108362,108.08759645342609,1.1751863244716214
2015/07/23,3363.3,3366.6,3313.3,3326.6,239100,107.65968143356812,111.12467751344586,1.153001355088658
2015/07/24,3333.3,3340.0,3273.3,3290.0,122700,107.62706624606867,110.69097681541034,1.127041506858654
2015/07/27,3243.3,3256.6,3186.6,3206.6,162500,106.54855311289772,109.63182720643294,1.0666506958261246
2015/07/28,3173.3,3263.3,3170.0,3256.6,168400,109.89840417795645,113.28220742147654,1.0941316687768803
2015/07/29,3280.0,3286.6,3123.3,3126.6,261600,105.9905125324953,108.77338576761875,0.8901486752088192
2015/07/30,3100.0,3136.6,3076.6,3103.3,305700,105.76497855902535,108.77325567687186,0.8748076744051392
2015/07/31,3176.6,3203.3,3156.6,3196.6,199600,107.77617710824832,110.34897664434662,0.8660166249358788
2015/08/03,3196.6,3223.3,3133.3,3150.0,201000,105.74697208491813,107.97795759713713,0.9200704055552196
2015/08/04,3180.0,3186.6,3083.3,3103.3,340300,104.83687461041333,106.89402632767049,0.8599943170158513
2015/08/05,3103.3,3190.0,3096.6,3163.3,271000,105.26348812632018,107.51527950958437,0.8845438292249438
2015/08/06,3200.0,3303.3,3190.0,3290.0,309800,107.62687266147908,109.76211587661507,0.9679481987283741
2015/08/07,3126.6,3186.6,3036.6,3076.6,1002500,103.3239243300227,105.98640109555753,0.751023688998775
2015/08/10,3033.3,3096.6,3020.0,3086.6,225100,103.4260007106701,105.33767753913396,0.8987110997518215
2015/08/11,3126.6,3193.3,3103.3,3150.0,355800,105.7268558187529,107.68572871522694,0.9046745323171045
2015/08/12,3116.6,3133.3,3020.0,3026.6,391900,104.05235708944647,105.67921088395886,0.8722885310261641
2015/08/13,3050.0,3170.0,3040.0,3160.0,346000,107.29373921921254,109.9093424090849,0.8473838149819333
2015/08/14,3133.3,3223.3,3126.6,3210.0,371700,109.75835931882546,112.24175515477259,0.8632683437100028
2015/08/17,3183.3,3200.0,3120.0,3180.0,232200,107.73762776612001,110.17962011212919,0.7781146838274192
2015/08/18,3130.0,3180.0,3096.6,3170.0,213500,108.80063877849551,110.82304719578502,0.7638939709639327
2015/08/19,3180.0,3196.6,3056.6,3070.0,224000,107.29635028713285,108.98661306047019,0.7463440177186742
2015/08/20,3040.0,3126.6,3026.6,3100.0,266300,109.62812689568655,112.04055046611158,0.7638231418626007
2015/08/21,3003.3,3053.3,2990.0,3040.0,252600,110.47809778500482,112.97543620771103,0.8298006881246772
2015/08/24,2953.3,3040.0,2896.6,2900.0,354300,111.34420394923146,115.29581362405335,0.6948823719608892
2015/08/25,2823.3,3043.3,2780.0,2866.6,487100,113.23635869615461,116.52252470244323,0.6645961185452415
2015/08/26,2893.3,3006.6,2860.0,2990.0,293300,113.51796872398661,116.7571726940187,0.6677855052351179
2015/08/27,3053.3,3076.6,2943.3,2950.0,296500,110.77060168671731,113.60193024878316,0.6147185640811746
2015/08/28,3020.0,3173.3,3000.0,3150.0,293600,114.54560465667475,117.18397545790873,0.9624405439943792
2015/08/31,3100.0,3133.3,3016.6,3053.3,197300,112.68057854090092,114.80887830350139,0.8979194084876037
2015/09/01,3020.0,3083.3,2940.0,2950.0,227400,113.93397383161718,115.90660120630378,0.8837851068652012
2015/09/02,2860.0,2976.6,2856.6,2953.3,362800,113.252463627627,115.67846557563715,0.8832196451684601
2015/09/03,3003.3,3016.6,2920.0,2946.6,208600,112.57860773833563,114.76676537633656,0.9643246942636038
2015/09/04,2940.0,2940.0,2816.6,2870.0,211700,111.01940639747481,112.85937834223904,0.9098409242179316
2015/09/07,2830.0,2890.0,2796.6,2870.0,179200,110.52665316809104,112.91315308017955,1.163343135081658
2015/09/08,2883.3,2966.6,2880.0,2913.3,186100,114.1419836188169,115.8639546943323,1.209132099297473
2015/09/09,2986.6,3076.6,2963.3,3043.3,304900,110.02605534408086,113.39893532571566,1.179762799088399
2015/09/10,2950.0,3010.0,2930.0,2963.3,348300,109.1615988728784,111.28201141277161,1.108700920021669
2015/09/11,2883.3,2913.3,2790.0,2876.6,511300,106.58757882719088,108.33460708766643,1.0921464512288113
2015/09/14,2863.3,2993.3,2846.6,2883.3,325200,108.5126415605244,109.82461778882579,0.9289573504082743
2015/09/15,2893.3,2933.3,2846.6,2866.6,219700,107.52038545617886,109.20121066125448,0.9231564810433004
2015/09/16,2930.0,3036.6,2920.0,2966.6,415400,109.60453120423969,111.08272776950834,1.0310283968427711
2015/09/17,3003.3,3190.0,2930.0,3173.3,644200,116.22660491991654,117.78156022884019,1.5718203766965106
2015/09/18,3123.3,3136.6,3033.3,3116.6,329700,116.31983810567444,117.29522727527065,1.6676623972036602
2015/09/24,2986.6,3016.6,2953.3,2976.6,230600,110.94863795973433,112.34387654961233,1.468094402697569
2015/09/25,2973.3,2973.3,2856.6,2973.3,252700,108.823307581019,109.84171887283496,1.3783105525046584
2015/09/28,2943.3,3000.0,2913.3,2946.6,144400,109.24291487381565,109.8536027452667,1.3495113182402483
2015/09/29,2860.0,2860.0,2766.6,2776.6,260300,106.80957208620923,107.80917347937769,1.354738476931924
2015/09/30,2833.3,2870.0,2773.3,2786.6,276400,104.48870256581783,105.53201969100601,1.3287393792406712
2015/10/01,2806.6,2913.3,2806.6,2863.3,293300,103.70529821020831,104.123753339786,1.3252312792975054
2015/10/02,2866.6,3060.0,2833.3,2996.6,472500,108.54635343723682,108.71586361881612,1.45427310547039
2015/10/05,3033.3,3076.6,3030.0,3066.6,176300,110.77078993737778,111.14809269052436,1.3769043365519353
2015/10/06,3116.6,3160.0,3080.0,3090.0,158800,109.91107940391518,110.7690963212504,1.376400077147706
2015/10/07,3090.0,3150.0,3080.0,3140.0,168200,111.36147340661869,111.70387497739726,1.3660568387538916
2015/10/08,3156.6,3223.3,3136.6,3153.3,313100,114.81880999262157,114.52607286180165,1.335153958186207
2015/10/09,3180.0,3230.0,3160.0,3216.6,237600,114.06664050648425,112.78046362104521,1.3695485866441095
2015/10/13,3183.3,3256.6,3180.0,3250.0,351300,116.25119805267524,114.64803123915219,1.26728658810294
2015/10/14,3233.3,3293.3,3190.0,3226.6,391800,118.02518441151575,116.54575382588514,1.2893414334377746
2015/10/15,3203.3,3323.3,3203.3,3300.0,324900,118.39507742497237,116.58470684301693,1.304078000606727
2015/10/16,3276.6,3316.6,3226.6,3286.6,369700,116.05090165720912,114.19396046208274,1.256302644727853
2015/10/19,3310.0,3340.0,3266.6,3316.6,220400,118.63415031138067,116.59250995077942,1.119074672794692
2015/10/20,3526.6,3533.3,3363.3,3423.3,517800,121.37504652184484,120.01018815460587,1.253421212157362
2015/10/21,3593.3,3593.3,3496.6,3563.3,707600,124.89545107370299,123.4939064298855,1.2660007150614678
2015/10/22,3500.0,3560.0,3476.6,3533.3,259700,122.94218146012392,121.52464120003184,1.2684915599635376
2015/10/23,3533.3,3646.6,3510.0,3633.3,381800,123.31510509307945,121.84607089284792,1.3679618329105159
2015/10/26,3650.0,3700.0,3590.0,3663.3,352100,121.44110033932465,120.29776798191294,1.4200195783390028
2015/10/27,3643.3,3663.3,3570.0,3603.3,269400,123.60497137582342,122.83748268053498,1.4089963014795492
2015/10/28,3616.6,3650.0,3576.6,3603.3,230000,123.71240635560254,123.47633769573872,1.4128739511174242
2015/10/29,3650.0,3713.3,3640.0,3690.0,438400,126.08727021437657,126.04522396357171,1.406392328928913
2015/10/30,3690.0,3720.0,3650.0,3703.3,201900,127.92301918396672,127.29312866921401,1.3293876282981616
2015/11/02,3666.6,3716.6,3640.0,3670.0,215300,127.88962017195477,127.00715776414731,1.3929238504703978
2015/11/04,3700.0,3750.0,3690.0,3693.3,277300,130.1205364904829,129.48427704075485,1.3706151443147299
2015/11/05,3656.6,3736.6,3656.6,3730.0,194200,129.6823414538774,128.7614297411649,1.4009496619074269
2015/11/06,3530.0,3626.6,3373.3,3596.6,881400,111.88365486921283,111.36619129998711,1.0140177217132178
2015/11/09,3596.6,3650.0,3593.3,3620.0,289100,108.00536344,108.0820965642453,0.9794221899531464
2015/11/10,3573.3,3780.0,3570.0,3746.6,460800,112.72485675268187,112.03605698446435,1.0522881858149742
2015/11/11,3716.6,3773.3,3716.6,3753.3,225200,112.25559795805897,110.95128260865117,1.0474655008404763
2015/11/12,3733.3,3810.0,3723.3,3756.6,278500,113.08126630045767,111.66806824302684,1.051731917829933
2015/11/13,3713.3,3803.3,3693.3,3793.3,226300,114.76725535828803,113.55172836295854,1.0492574193994508
2015/11/16,3726.6,3770.0,3710.0,3740.0,111500,113.00605319239374,112.24123286398071,1.0385286042459305
2015/11/17,3783.3,3816.6,3773.3,3780.0,171200,111.20123575523971,110.68700283191708,1.039746372890252
2015/11/18,3796.6,3806.6,3676.6,3693.3,259000,106.89568278857067,106.94145610562886,1.0116237683950888
2015/11/19,3753.3,3760.0,3720.0,3743.3,189600,106.8016000367922,107.06742618447653,0.9384973644237201
2015/11/20,3723.3,3760.0,3696.6,3760.0,145500,109.67630081214783,109.7082235723389,0.9428699687652594
2015/11/24,3760.0,3806.6,3760.0,3796.6,176000,108.16361092566815,108.63396264501164,0.930182276001693
2015/11/25,3766.6,3770.0,3736.6,3746.6,129100,108.65808463385567,109.41287235952468,0.9333312384659485
2015/11/26,3740.0,3773.3,3716.6,3723.3,172300,104.54600778773724,105.0113145597978,0.9217765447862016
2015/11/27,3763.3,3996.6,3746.6,3936.6,772300,109.96982145040472,110.7766874397615,1.0155938618149896
2015/11/30,3936.6,3970.0,3930.0,3953.3,218700,112.14682173314847,113.26533524385897,0.9936199381228626
2015/12/01,3966.6,3996.6,3956.6,3990.0,311600,109.70806791378133,110.79023724882033,0.9816952193388916
2015/12/02,3966.6,3966.6,3886.6,3920.0,219800,110.25259424840854,110.69451425178387,0.9732070761773256
2015/12/03,3936.6,3976.6,3933.3,3966.6,168500,111.77906384673129,111.98683798221079,0.9830166637939477
2015/12/04,3933.3,3983.3,3913.3,3956.6,183000,113.72302054918049,113.682279691966,1.0003133039248808
2015/12/07,3970.0,4073.3,3966.6,4046.6,284200,114.30914780956209,114.64241334911512,1.111106317481677
2015/12/08,4073.3,4086.6,3936.6,4006.6,243500,112.43153234077398,112.62765043768962,1.1317059043113027
2015/12/09,4063.3,4063.3,3963.3,3996.6,248600,116.18462526102688,116.47056779914327,1.1412349047439234
2015/12/10,4033.3,4056.6,3930.0,3963.3,235500,114.97470142788681,115.08869727264266,1.0960241685043899
2015/12/11,3873.3,3990.0,3853.3,3973.3,368800,113.58303545113154,113.57672452026273,1.1085351902572718
2015/12/14,3860.0,3870.0,3800.0,3840.0,300900,108.77852064923468,108.44493450037452,1.105772360310092
2015/12/15,3826.6,3920.0,3813.3,3860.0,285900,111.17881623905078,110.96165826916658,1.1402276226343118
2015/12/16,3940.0,3953.3,3860.0,3923.3,189200,109.85310055766035,109.17982934303313,1.1235757176881715
2015/12/17,4000.0,4040.0,3906.6,3920.0,411100,110.08144669685495,108.88759918202857,1.1040112039439203
2015/12/18,3916.6,3990.0,3823.3,3840.0,249900,109.6570346037975,108.35394123799549,1.2373705188505244
2015/12/21,3800.0,3856.6,3743.3,3816.6,191000,109.48192683564176,108.36678876997803,1.231297228657721
2015/12/22,3826.6,3860.0,3783.3,3796.6,131400,110.54805405628368,108.73755806845291,1.2207066000019506
2015/12/24,3836.6,3866.6,3720.0,3726.6,151800,108.3450319235407,106.63310320923603,1.1971644776875807
2015/12/25,3703.3,3760.0,3696.6,3710.0,141000,104.31196431941514,103.44673369236179,1.2009869914360918
2015/12/28,3766.6,3823.3,3753.3,3796.6,143200,107.21365032862775,106.32577822896525,0.9633858815288566
2015/12/29,3783.3,3846.6,3753.3,3840.0,115900,109.07106604652942,108.1976932068977,0.967120909146221
2015/12/30,3866.6,3873.3,3816.6,3833.3,114000,105.28626471242436,104.23656313846308,0.9614252616386502
2016/01/04,3813.3,3846.6,3736.6,3756.6,129200,106.43828621949996,104.69711852187476,0.9146677180385766
2016/01/05,3760.0,3783.3,3693.3,3713.3,169400,103.70863915179459,102.09726993208888,0.8975596565509866
2016/01/06,3753.3,3803.3,3686.6,3723.3,189800,105.9049765976114,104.20727466665092,0.9048546693742168
2016/01/07,3680.0,3710.0,3516.6,3543.3,287600,96.89512662244051,94.76172564177712,0.8745457620412725
2016/01/08,3510.0,3620.0,3506.6,3566.6,235100,96.9913140014291,95.20986294340598,0.878528343316055
2016/01/12,3496.6,3530.0,3466.6,3476.6,229300,98.29344512595621,97.12250110727933,0.9415214446523426
2016/01/13,3503.3,3553.3,3486.6,3520.0,256800,98.83511633239479,98.16666925543883,0.9290674609474107
2016/01/14,3433.3,3450.0,3373.3,3430.0,252600,97.99584055132827,96.65056871540627,0.9069316510520506
2016/01/15,3503.3,3553.3,3440.0,3456.6,351100,95.22581308247858,94.15034529908785,0.9083014309567092
2016/01/18,3346.6,3426.6,3313.3,3403.3,216700,94.33939785011802,92.96253841276314,0.9502583731401748
2016/01/19,3406.6,3546.6,3393.3,3526.6,338500,100.25302146970768,98.92871435428161,1.0323950221162035
2016/01/20,3526.6,3526.6,3363.3,3370.0,179700,98.53960835817159,97.22140691891693,1.0203394944349342
2016/01/21,3346.6,3493.3,3333.3,3333.3,228900,101.20635693673192,99.86604496043384,1.0327812265497227
2016/01/22,3500.0,3560.0,3433.3,3553.3,213800,103.55362256542415,102.4007019835015,1.0629504226475155
2016/01/25,3603.3,3650.0,3566.6,3586.6,201000,101.24310842077541,99.84343500666021,1.03252090588331
2016/01/26,3530.0,3556.6,3453.3,3460.0,199200,102.01784346408296,100.60070220663822,0.9694901922501257
2016/01/27,3583.3,3683.3,3570.0,3650.0,300900,103.87170417529636,102.27383534060401,1.0380371971222258
2016/01/28,3643.3,3730.0,3636.6,3683.3,336500,104.25666014255235,102.46939853360388,1.052388144548499
2016/01/29,3686.6,3783.3,3623.3,3766.6,385900,104.88120841838627,102.72091635331053,1.0419458757419982
2016/02/01,3803.3,3986.6,3803.3,3966.6,524100,109.40406075556581,107.2145173460897,1.2272392601360589
2016/02/02,3916.6,3970.0,3823.3,3846.6,384100,110.0608119112002,108.06495621999255,1.114198883584441
2016/02/03,3766.6,3796.6,3660.0,3723.3,294200,110.13292081652293,107.91316810556299,1.0912595869022093
2016/02/04,3700.0,3746.6,3673.3,3706.6,273400,113.51656710509414,112.23116471971835,1.1212584465756537
2016/02/05,3623.3,3676.6,3576.6,3626.6,278000,113.25379771161947,111.73636222679725,1.0784969952615557
2016/02/08,3586.6,3750.0,3513.3,3736.6,461800,113.1423762272713,112.12450850884683,1.1984698294821428
2016/02/09,3636.6,3676.6,3420.0,3470.0,437500,113.67432165965066,113.38098556003646,1.125410304051858
2016/02/10,3473.3,3510.0,3313.3,3383.3,249400,112.1035161622576,112.25731955034679,1.1329125563774047
2016/02/12,3196.6,3253.3,3130.0,3176.6,681400,108.7312886245276,109.96232387066556,1.149690630420477
2016/02/15,3333.3,3413.3,3256.6,3390.0,444900,112.70368785985674,113.27301178866654,1.0910086608536542
2016/02/16,3360.0,3466.6,3336.6,3383.3,306700,110.08589129550184,110.76192311586041,1.0838264056809723
2016/02/17,3446.6,3550.0,3400.0,3450.0,511000,113.60302193405094,114.2916911700305,1.1278674019889978
2016/02/18,3550.0,3586.6,3516.6,3563.3,260900,115.79995131745508,117.0778746133951,1.0362940367154894
2016/02/19,3540.0,3546.6,3430.0,3446.6,261000,115.25721905660073,116.59070260473503,0.9897034818012932
2016/02/22,3430.0,3606.6,3416.6,3593.3,245000,117.4567206331214,118.46055216756093,1.078855601489887
2016/02/23,3646.6,3673.3,3510.0,3553.3,337300,118.79326831905057,119.736535709455,1.0572001207353816
2016/02/24,3470.0,3470.0,3373.3,3396.6,336200,108.66522399952801,109.21924733624108,0.993590664202984
2016/02/25,3413.3,3476.6,3413.3,3460.0,197200,109.33413918180315,109.32194623648934,1.080316516053656
2016/02/26,3493.3,3520.0,3463.3,3473.3,162400,109.99800945791836,110.08517986232378,0.9986948644872023
2016/02/29,3540.0,3570.0,3466.6,3466.6,164200,110.26095956832596,110.28741189794388,0.8564344160327185
2016/03/01,3436.6,3466.6,3336.6,3390.0,232300,103.17357829014982,103.5298423666702,0.8075898848665438
2016/03/02,3500.0,3570.0,3486.6,3540.0,384400,106.18791346034699,106.86989625631671,0.8189930012906451
2016/03/03,3580.0,3580.0,3496.6,3540.0,196600,103.54411151856449,104.23109988794207,0.8883197782502782
2016/03/04,3483.3,3516.6,3396.6,3476.6,500700,99.39258932678746,99.86985772386129,0.8531116003897831
2016/03/07,3476.6,3523.3,3470.0,3496.6,231400,101.70553179639772,102.9504133622992,0.8412544864017809
2016/03/08,3493.3,3513.3,3406.6,3453.3,285800,102.78145864544214,104.55785566882186,0.8377741767736734
2016/03/09,3376.6,3403.3,3310.0,3366.6,326200,100.55849827827605,102.35069984731552,0.7997040728263931
2016/03/10,3390.0,3503.3,3376.6,3480.0,475400,99.2823452147473,100.7713976493295,0.9088256620607934
2016/03/11,3430.0,3470.0,3380.0,3440.0,417200,94.37440663255505,95.30305323113923,0.8818401725097044
2016/03/14,3506.6,3520.0,3446.6,3480.0,278500,92.45936425719277,93.48705790990394,0.9355503080564275
2016/03/15,3463.3,3473.3,3406.6,3416.6,303200,92.22798643278283,92.96541789561958,0.9108584956287742
2016/03/16,3380.0,3430.0,3360.0,3403.3,376800,93.6719652591953,94.62707549302213,0.9097388811257284
2016/03/17,3363.3,3420.0,3270.0,3296.6,471700,92.38993207992229,93.15946090241547,0.9012977611697051
2016/03/18,3276.6,3276.6,3136.6,3183.3,574200,90.80426656638814,91.23312095569935,0.852899996209486
2016/03/22,3233.3,3316.6,3203.3,3253.3,318700,90.14044462124801,90.34091526265357,0.8525583374472306
2016/03/23,3226.6,3253.3,3196.6,3216.6,265100,87.63159944034051,88.04788122661462,0.8501602047822826
2016/03/24,3180.0,3223.3,3126.6,3126.6,345300,84.79783608300323,85.20051765713329,0.8084979448699636
2016/03/25,3133.3,3166.6,3116.6,3143.3,194800,88.03299361559316,88.22144000838675,0.8250669485252223
2016/03/28,3146.6,3180.0,3130.0,3156.6,215200,87.36443947096005,86.93374915184903,0.8153473923551143
2016/03/29,3133.3,3186.6,3123.3,3150.0,208800,86.4192583426643,86.20068756021884,0.8135803478632373
2016/03/30,3180.0,3216.6,3140.0,3140.0,255200,89.49752968647913,89.4663226331811,0.8235870928462458
2016/03/31,3176.6,3256.6,3166.6,3180.0,339800,90.2623331787314,90.35819228789057,0.883186978295038
2016/04/01,3186.6,3230.0,3090.0,3110.0,492800,91.42611657692802,91.39184695962193,0.8808313195924967
2016/04/04,3090.0,3190.0,3066.6,3120.0,282300,91.55332422353885,91.1685827162175,0.9288568710349574
2016/04/05,3103.3,3116.6,3020.0,3030.0,354900,92.03386417553259,91.75150312180077,0.9250733517309581
2016/04/06,3003.3,3040.0,2980.0,3010.0,357500,92.97917448464526,92.51534939859475,0.9221266132060939
2016/04/07,2986.6,3093.3,2983.3,3063.3,367000,93.66741527330504,92.68804052878316,0.9442176835382218
2016/04/08,2986.6,3166.6,2963.3,3126.6,374400,95.41106539715636,93.60251710176222,0.981110530793555
2016/04/11,3120.0,3123.3,3040.0,3090.0,214300,92.17253243787792,90.40171679932979,0.9455049593592575
2016/04/12,3063.3,3186.6,3063.3,3183.3,314600,98.07878164163179,96.07497376166953,0.968336587897139
2016/04/13,3266.6,3350.0,3243.3,3336.6,486900,101.77441524845841,100.0498726366149,1.0031389285821741
2016/04/14,3390.0,3430.0,3343.3,3370.0,509000,103.55919649628684,102.71433179541812,0.9961724975800315
2016/04/15,3310.0,3366.6,3310.0,3323.3,191500,104.20862915857695,104.25095049608962,0.9866978835964746
2016/04/18,3173.3,3226.6,3170.0,3186.6,251200,102.69426610527856,102.05698915615564,1.0551632304924254
2016/04/19,3273.3,3313.3,3220.0,3253.3,357600,99.43948106823683,99.4844141627619,1.0448194488814992
2016/04/20,3286.6,3306.6,3253.3,3283.3,272500,99.91727809592732,99.62797273136292,1.0497306258327046
2016/04/21,3356.6,3356.6,3316.6,3343.3,204100,102.5608548764523,102.84701490361532,1.042260371501447
2016/04/22,3293.3,3373.3,3270.0,3363.3,336000,102.09017881422855,103.06420362159447,1.044441129944892
2016/04/25,3356.6,3376.6,3326.6,3340.0,213400,104.28431596392309,105.11160761621028,1.09479108062385
2016/04/26,3286.6,3330.0,3270.0,3276.6,162400,102.27303717849966,103.46520978038231,1.084540296064565
2016/04/27,3253.3,3260.0,3183.3,3193.3,236800,98.67954058216944,100.57329658178216,1.0566464462918406
2016/04/28,3173.3,3270.0,3150.0,3153.3,287200,101.09444894943258,102.5546737453325,1.0995607677026358
2016/05/02,3050.0,3066.6,3023.3,3053.3,210100,102.75810508586578,104.18193391866004,1.0541238187203226
2016/05/06,3083.3,3126.6,3070.0,3096.6,212900,102.73394466477639,104.42117160365825,1.0770078662087657
2016/05/09,3146.6,3173.3,3126.6,3150.0,234600,103.38538314816428,104.51734994699797,1.0913910115665555
2016/05/10,3150.0,3223.3,3126.6,3196.6,328900,100.71870967615956,102.04398691909333,1.088698375983884
2016/05/11,3216.6,3350.0,3216.6,3286.6,592800,99.02771930304259,99.86939925259456,1.1445471263652065
2016/05/12,3053.3,3160.0,3053.3,3160.0,777300,95.42158007347463,96.59486171921631,1.0174645358107772
2016/05/13,3140.0,3153.3,3053.3,3056.6,449100,92.80421739963619,93.96207253149417,0.9189367955634846
2016/05/16,3060.0,3140.0,3056.6,3093.3,353000,95.80748768120779,97.61976585212508,0.9747370087429896
2016/05/17,3123.3,3126.6,3063.3,3110.0,276400,94.84528736003087,96.4310319727605,0.9757311620473267
2016/05/18,3120.0,3183.3,3110.0,3153.3,294100,97.69172185721612,98.8598428399969,0.9925458889132137
2016/05/19,3253.3,3276.6,3216.6,3243.3,447000,102.06303651934098,103.6179328253495,1.0248347531501136
2016/05/20,3156.6,3240.0,3150.0,3233.3,405300,100.29684803063952,101.60764906456508,1.002308583857759
2016/05/23,3233.3,3276.6,3213.3,3270.0,259200,103.47981118098684,104.63464210089835,1.022563861273919
2016/05/24,3260.0,3283.3,3246.6,3253.3,250300,103.86480916541456,104.9012609922243,1.025173988729237
2016/05/25,3290.0,3366.6,3276.6,3316.6,332600,103.6295411723634,104.93854560172696,1.1216422194854516
2016/05/26,3346.6,3363.3,3310.0,3316.6,240600,102.19440125164819,103.89169966067571,1.14519441418121
2016/05/27,3353.3,3376.6,3333.3,3370.0,235800,106.45873580579466,108.05728393795779,1.2399406559846522
2016/05/30,3410.0,3433.3,3383.3,3433.3,149000,108.22355120770789,110.34594231348194,1.1024110212914797
2016/05/31,3436.6,3526.6,3416.6,3516.6,337700,109.15631011574969,111.1182871838309,1.1184991410507243
2016/06/01,3510.0,3566.6,3490.0,3506.6,406800,111.03529932309416,112.7456248939057,1.1299684652656088
2016/06/02,3480.0,3496.6,3433.3,3450.0,268600,113.50307846521453,115.32298989361291,1.1262518528436276
2016/06/03,3450.0,3463.3,3380.0,3413.3,411500,110.92179612569599,112.47313490498165,1.1063095974352217
2016/06/06,3413.3,3470.0,3353.3,3460.0,350300,113.23884090139404,114.47713518216287,1.1117003446902387
2016/06/07,3503.3,3536.6,3480.0,3526.6,343400,117.73010844337632,119.08172008572333,1.1245834787587838
2016/06/08,3563.3,3616.6,3550.0,3603.3,297800,122.15545215677133,123.61046302978424,1.1329754995893426
2016/06/09,3560.0,3606.6,3530.0,3553.3,325000,126.19155853275615,127.22764764975216,1.1400977627244744
2016/06/10,3540.0,3573.3,3496.6,3546.6,248300,129.11294678371996,130.35245895317397,1.0890196604080955
2016/06/13,3346.6,3373.3,3270.0,3276.6,533100,124.98248392559942,126.28758554343887,1.1270558808480484
2016/06/14,3246.6,3290.0,3223.3,3243.3,275300,123.42610192934754,124.57505671836925,1.1369140212070805
2016/06/15,3243.3,3293.3,3220.0,3263.3,205300,122.2619079098381,123.14061160720328,1.1410114284129322
2016/06/16,3240.0,3263.3,3126.6,3143.3,324100,121.65506615306005,122.30184439724174,1.143061260719449
2016/06/17,3126.6,3186.6,3126.6,3183.3,457400,122.52376736782347,123.5368794406229,1.1355395699574857
2016/06/20,3223.3,3333.3,3223.3,3306.6,223300,125.17504781912912,126.08047469573363,1.1571763889042266
2016/06/21,3256.6,3313.3,3236.6,3303.3,215000,122.51588533233262,123.33759674357584,1.1573293148614647
2016/06/22,3293.3,3313.3,3263.3,3313.3,248800,123.90810723238606,124.74639689870641,1.1678878037958336
2016/06/23,3330.0,3370.0,3286.6,3363.3,245800,121.87504052480358,122.5834317876076,1.1744433302888888
2016/06/24,3383.3,3410.0,3063.3,3093.3,408400,122.86251533408526,122.790208886994,1.0977695876871636
2016/06/27,3093.3,3113.3,3016.6,3076.6,282600,119.56733398705275,120.65745111449773,1.0236030241476364
2016/06/28,3043.3,3116.6,3030.0,3090.0,251000,120.8509224907025,121.83489183646749,1.02757112387618
2016/06/29,3040.0,3083.3,2970.0,3073.3,474900,117.01283600006546,117.51580134081954,0.9971394827228894
2016/06/30,3083.3,3120.0,3060.0,3063.3,327500,120.84247748935807,121.34118028411551,0.9595575034497678
2016/07/01,3066.6,3090.0,3016.6,3033.3,240000,117.77189293387134,118.42522197782284,0.9229705109269383
2016/07/04,3013.3,3056.6,2936.6,3026.6,295000,116.57179764685259,117.4057904527393,0.9083520688247063
2016/07/05,3023.3,3043.3,2983.3,2990.0,233000,116.41415805790231,116.63356108638338,0.8846683542853091
2016/07/06,2946.6,2960.0,2906.6,2950.0,265600,117.09636745739142,116.98460192416236,0.8897389460686198
2016/07/07,2963.3,2980.0,2920.0,2936.6,250900,117.20461996559646,116.19431387466948,0.8680949192350464
2016/07/08,2956.6,2983.3,2916.6,2916.6,216100,122.00494524171779,121.9612921240254,0.856302980919726
2016/07/11,3026.6,3100.0,3003.3,3060.0,329100,123.45070249409615,124.02716170747559,0.9649892455386291
2016/07/12,3116.6,3213.3,3110.0,3173.3,290400,121.05487247190425,121.82190163124251,1.0038887462229371
2016/07/13,3340.0,3406.6,3316.6,3373.3,590300,127.32920405317982,127.88402367891234,1.1088917907815736
2016/07/14,3316.6,3360.0,3296.6,3353.3,203700,127.4942101298526,128.4577281348324,1.0887446146181934
2016/07/15,3366.6,3376.6,3290.0,3310.0,327400,124.4216091821081,125.49938291491706,1.0518409469580918
2016/07/19,3343.3,3450.0,3340.0,3446.6,249400,124.74769999851314,125.84473505484057,1.0872697528157556
2016/07/20,3346.6,3433.3,3346.6,3420.0,246500,127.04133666551911,128.01332084720622,1.0658593308195605
2016/07/21,3450.0,3463.3,3400.0,3416.6,279900,126.3728079466699,127.66429093450165,1.0697738919112985
2016/07/22,3376.6,3420.0,3360.0,3396.6,128400,127.56287269483467,128.77581918054457,1.052299415771807
2016/07/25,3420.0,3446.6,3403.3,3420.0,149800,130.58980343702794,131.8058971380222,1.067217559883348
2016/07/26,3393.3,3393.3,3293.3,3323.3,117900,126.62641262130698,127.23107093831058,1.0193594417598941
2016/07/27,3403.3,3533.3,3383.3,3493.3,374700,136.11977503403662,138.1263808871812,1.1127377997920593
2016/07/28,3406.6,3540.0,3406.6,3510.0,216400,140.8791356128427,142.54655883631168,1.1285839347857347
2016/07/29,3533.3,3550.0,3456.6,3540.0,196600,137.58387172990905,138.93861673118943,1.1419837050144903
2016/08/01,3470.0,3506.6,3443.3,3486.6,162900,136.71637877726263,138.96946765361008,1.1831734141347094
2016/08/02,3506.6,3583.3,3483.3,3563.3,270000,143.7461523328285,146.5824831670498,1.2572320176872187
2016/08/03,3480.0,3540.0,3473.3,3496.6,216100,141.67690971634585,144.76420255040722,1.2548328822447252
2016/08/04,3526.6,3553.3,3473.3,3533.3,237700,136.52878366098784,140.09022128708597,1.3037621595846565
2016/08/05,3633.3,3856.6,3626.6,3710.0,563500,153.7502794775691,158.20735655718744,1.3905311601724408
2016/08/08,3783.3,3800.0,3720.0,3746.6,282100,151.69547000809834,157.24911212847815,1.377200187579209
2016/08/09,3700.0,3793.3,3673.3,3780.0,201200,148.31461076279854,153.71046459555674,1.3861664787155672
2016/08/10,3726.6,3780.0,3726.6,3760.0,160200,151.3840805432741,157.38851382203492,1.3754108865994412
2016/08/12,3800.0,3816.6,3760.0,3770.0,193800,142.43073923491582,147.733036389425,1.239760546783907
2016/08/15,3743.3,3790.0,3743.3,3776.6,122700,145.1657795192741,150.89411952575523,1.240913849043321
2016/08/16,3773.3,3796.6,3743.3,3743.3,133000,146.2462985400522,152.0746638989021,1.253074080726311
2016/08/17,3703.3,3703.3,3640.0,3693.3,249000,145.28209573256424,151.256531905703,1.2291711656311424
2016/08/18,3706.6,3763.3,3693.3,3696.6,155300,144.90469941561966,150.0165267131982,1.2479934529571224
2016/08/19,3820.0,3820.0,3743.3,3773.3,293600,145.80168677639926,150.69013859624744,1.2814029785724639
2016/08/22,3826.6,3863.3,3793.3,3833.3,238100,147.65213731758956,150.14841200188738,1.2976541476638221
2016/08/23,3783.3,3783.3,3646.6,3663.3,329900,137.9349684361487,141.09708596949548,1.2241320526946586
2016/08/24,3696.6,3740.0,3663.3,3683.3,242100,136.39519104398792,139.42673410760824,1.2299885896656984
2016/08/25,3726.6,3780.0,3713.3,3740.0,202800,142.23654980714807,145.84516333768354,1.3031303710964741
2016/08/26,3743.3,3780.0,3710.0,3750.0,170200,139.24416075667443,143.25646401118098,1.2467881316772063
2016/08/29,3830.0,3863.3,3806.6,3840.0,141400,141.94314038163685,147.199264321307,1.2008768578094966
2016/08/30,3790.0,3830.0,3766.6,3803.3,145500,140.02803410965515,145.15882577661404,1.1928703391952449
2016/08/31,3853.3,3923.3,3840.0,3893.3,236600,141.25886151277342,145.35832315996325,1.2166037874618998
2016/09/01,3896.6,3933.3,3880.0,3906.6,211300,142.41405125206202,146.22077066354095,1.1266662475078073
2016/09/02,3866.6,3883.3,3826.6,3843.3,155400,140.76832365250573,144.27726801264015,1.0988578355569871
2016/09/05,3916.6,3950.0,3860.0,3866.6,153900,141.23133049489806,144.9304747307358,1.026316546168035
2016/09/06,3933.3,4000.0,3920.0,3980.0,276300,139.3748070116686,143.092167172163,1.0610278693881219
2016/09/07,3953.3,3966.6,3876.6,3950.0,166800,143.20619174275896,144.9738438129352,1.0518736520116447
2016/09/08,3966.6,3983.3,3906.6,3936.6,206500,143.34857776153794,146.02848534805676,1.0454033148533919
2016/09/09,3916.6,3980.0,3916.6,3953.3,118000,147.94766218350242,151.3754582413675,1.0662695585635842
2016/09/12,3900.0,3960.0,3876.6,3893.3,211200,145.49916963133344,149.24662414559268,1.057513784995468
2016/09/13,3920.0,3920.0,3866.6,3873.3,147700,145.597511013275,149.33999682752443,1.052055153023897
2016/09/14,3830.0,3913.3,3816.6,3856.6,147400,142.18647682904205,145.60977287247243,1.0471567025917725
2016/09/15,3853.3,3906.6,3840.0,3860.0,179800,136.671668678502,139.47770190785994,1.0496523808837424
2016/09/16,3913.3,3926.6,3853.3,3910.0,305000,137.23583002779037,139.8903107825281,1.0664584077999033
2016/09/20,3883.3,3966.6,3873.3,3966.6,219500,141.9834245806909,144.38992502224127,1.0245467994656314
2016/09/21,3893.3,3906.6,3796.6,3883.3,276600,136.39273487760983,137.62693875847026,1.0059504449669896
2016/09/23,3893.3,3930.0,3853.3,3900.0,211500,139.98669122022557,141.29972948219248,1.278611752468211
2016/09/26,3903.3,3903.3,3876.6,3886.6,123400,140.67528713369498,142.05463404019386,1.0631782924275288
2016/09/27,3830.0,3870.0,3756.6,3870.0,286000,141.44180574954115,142.0959777824971,1.0503669573477583
2016/09/28,3863.3,3923.3,3836.6,3913.3,202300,148.3028859747227,148.9161384375618,1.10145342414974
2016/09/29,3953.3,4010.0,3943.3,3996.6,184300,148.1815013350561,149.91843995508478,1.2080775195327038
2016/09/30,3960.0,3993.3,3950.0,3963.3,163400,142.51347275320495,144.4722227649898,1.101293508593935
2016/10/03,3996.6,4003.3,3960.0,3983.3,161700,140.90212369733015,142.8948394889987,1.1521928658523972
2016/10/04,4013.3,4136.6,4000.0,4136.6,248300,145.47288048553412,147.4183245542187,1.3725724515343007
2016/10/05,4166.6,4213.3,4150.0,4156.6,261000,144.21097896574804,146.65239728123277,1.3780611474899882
2016/10/06,4130.0,4213.3,4120.0,4133.3,259700,140.71271881743522,143.41935540407528,1.2443170127244632
2016/10/07,4110.0,4170.0,4066.6,4166.6,167300,141.66235429138376,145.31307344089154,1.3136772007380761
2016/10/11,4176.6,4176.6,4126.6,4130.0,156300,136.10850621727928,140.8287944738567,1.2943440389000551
2016/10/12,4056.6,4103.3,4046.6,4063.3,227400,133.79081129058846,137.98455299443575,1.2642075773207446
2016/10/13,4063.3,4070.0,4013.3,4046.6,226600,132.2932456389838,136.18196293454318,1.2646710974823323
2016/10/14,4020.0,4033.3,3963.3,4013.3,232500,132.50954503691023,136.49123172454313,1.2562483906424353
2016/10/17,3996.6,4093.3,3966.6,4076.6,191000,131.86893005885,135.83666992688467,1.2462714225544695
2016/10/18,4040.0,4080.0,4023.3,4046.6,201000,126.87294121844381,130.64291320741532,1.2228320363387915
2016/10/19,4046.6,4053.3,3993.3,4013.3,183800,122.93407248021424,126.70401645226184,1.1907395451616247
2016/10/20,3980.0,4020.0,3963.3,4000.0,176600,121.0930528419635,125.38341386921657,1.1721703059291826
2016/10/21,4043.3,4046.6,3986.6,3993.3,178400,120.40191936609708,124.6039574247595,1.2250766321107045
2016/10/24,3980.0,4003.3,3913.3,3960.0,159100,118.84180332400123,123.22640021229209,1.1006946064999976
2016/10/25,4006.6,4080.0,3980.0,4073.3,161800,122.23401210607673,126.65082038625228,1.1901342717035417
2016/10/26,4053.3,4123.3,4053.3,4086.6,128000,123.26715466878004,126.90460915636743,1.1915295274514144
2016/10/27,4056.6,4090.0,4006.6,4020.0,183100,118.99312245362526,121.95783177359854,1.1861446003202367
2016/10/28,4090.0,4206.6,4083.3,4180.0,384000,123.46112735661447,126.31166298781984,1.1263875106422452
2016/10/31,4216.6,4283.3,4216.6,4233.3,278700,123.6778394168324,126.44047981612638,1.1170321110046273
2016/11/01,4200.0,4250.0,4183.3,4233.3,221700,124.37638668469275,126.73485724471402,1.1162124381391398
2016/11/02,4196.6,4203.3,4160.0,4170.0,137200,124.71686566582237,127.09769564459799,1.1374893908205708
2016/11/04,4070.0,4150.0,4070.0,4126.6,241300,130.75501336636205,133.1811086930982,1.1283904724744718
2016/11/07,4200.0,4233.3,4150.0,4193.3,144800,132.46367710182702,135.2313019222695,1.1482249793917563
2016/11/08,4093.3,4286.6,4083.3,4243.3,282400,129.74582382655694,132.02905630172035,1.1179667513333313
2016/11/09,4283.3,4316.6,4000.0,4050.0,384200,130.74455071579354,132.29969726612921,1.4261511944250316
2016/11/10,4246.6,4390.0,4203.3,4313.3,370900,130.39831868979343,132.94039636314852,1.462482889085609
2016/11/11,4333.3,4346.6,4210.0,4226.6,258900,125.67300263921115,128.20150774237504,1.4437112107454761
2016/11/14,4280.0,4280.0,4223.3,4253.3,178500,124.79980993378919,127.6582992551565,1.3932791800417716
2016/11/15,4270.0,4290.0,4180.0,4206.6,215400,123.64671351718034,125.81176088448471,1.3426355978225273
2016/11/16,4266.6,4303.3,4243.3,4260.0,188700,126.88323804596793,128.72135784611874,1.3646814186235932
2016/11/17,4233.3,4260.0,4203.3,4253.3,114000,126.32842121415749,127.780676211318,1.3817262654986753
2016/11/18,4333.3,4463.3,4316.6,4440.0,296300,130.65374913375965,132.5285138198228,1.8103674641405723
2016/11/21,4483.3,4493.3,4406.6,4416.6,151100,128.0165625184096,129.47242346978774,1.889223369856503
2016/11/22,4416.6,4430.0,4376.6,4400.0,147100,127.13572888549065,128.57856547768364,1.852138604459399
2016/11/24,4476.6,4496.6,4423.3,4466.6,216800,130.50494674916564,131.6610540553954,1.7277491028008016
2016/11/25,4436.6,4483.3,4383.3,4406.6,179200,121.0906060785778,121.8694846012625,1.6646472212401686
2016/11/28,4463.3,4463.3,4406.6,4450.0,165800,121.09120354938314,121.0410840648598,1.338000620922658
2016/11/29,4426.6,4496.6,4410.0,4493.3,153600,123.10439676700737,122.84198472580283,1.3901916824472307
2016/11/30,4500.0,4570.0,4500.0,4520.0,250700,125.56959721307675,125.72928806074594,1.4156360560296297
2016/12/01,4573.3,4600.0,4543.3,4563.3,195600,123.90931990154021,124.32477073795205,1.4083754418189138
2016/12/02,4426.6,4463.3,4300.0,4340.0,379000,116.10983468892988,116.81786696062429,1.133404076168365
2016/12/05,4326.6,4360.0,4273.3,4350.0,162900,115.86900352014058,116.16291751781603,1.1237474644197354
2016/12/06,4450.0,4470.0,4360.0,4376.6,239100,115.96987530151381,116.00314730491594,1.1391910642467984
2016/12/07,4420.0,4423.3,4296.6,4320.0,177800,112.79255399586248,112.8024337048809,1.0661350322669285
2016/12/08,4373.3,4386.6,4260.0,4330.0,268300,110.8888358134617,111.2501041131471,0.9734442142893285
2016/12/09,4286.6,4380.0,4280.0,4373.3,211700,111.42365938218836,111.80981855149707,0.9934303809997783
2016/12/12,4366.6,4390.0,4323.3,4373.3,207000,112.27313819736031,113.62401759847553,0.9688617575238901
2016/12/13,4300.0,4406.6,4300.0,4393.3,194800,109.76834021919785,111.03023809303538,0.9681568971470297
2016/12/14,4296.6,4440.0,4296.6,4400.0,187100,110.96395202698122,112.29844615417419,0.9725936971100041
2016/12/15,4370.0,4463.3,4370.0,4450.0,177600,113.99024429612685,115.13853314739085,0.9963257739928965
2016/12/16,4500.0,4533.3,4466.6,4513.3,241900,115.0236858274724,116.50530882752838,1.0079189755964242
2016/12/19,4480.0,4496.6,4453.3,4473.3,116800,114.33192067575366,115.86112723933117,0.9164429075245959
2016/12/20,4483.3,4553.3,4440.0,4550.0,160800,116.10739094308262,118.39577630338542,0.9439724961783644
2016/12/21,4556.6,4600.0,4543.3,4556.6,189800,118.15474968258913,120.5849682630728,0.9490991207992988
2016/12/22,4590.0,4710.0,4550.0,4686.6,320300,121.63092390683437,124.11523975469521,1.0293560892630889
2016/12/26,4680.0,4760.0,4653.3,4656.6,203300,119.34289779278578,121.94056232514237,1.0061174223128126
2016/12/27,4660.0,4706.6,4613.3,4656.6,172000,118.63551341096452,121.83160808266413,1.0073836779284422
2016/12/28,4666.6,4796.6,4666.6,4766.6,187000,121.98856284545417,125.19675521339305,1.0668483276584744
2016/12/29,4720.0,4736.6,4640.0,4670.0,137200,119.80717229095217,123.60061065628467,1.0474526213629713
2016/12/30,4623.3,4733.3,4600.0,4720.0,97600,121.28483287455751,124.90586001649311,1.0524204443827585
2017/01/04,4790.0,4850.0,4763.3,4823.3,274200,120.26902997021844,124.07352878872959,1.166612882762539
2017/01/05,4823.3,4823.3,4703.3,4760.0,224900,122.27179194391749,125.89787838562951,1.1265892335429601
2017/01/06,4660.0,4723.3,4656.6,4696.6,194800,119.79428486797057,122.69667617219544,1.1522770157236584
2017/01/10,4760.0,4813.3,4736.6,4790.0,230100,122.91304946421675,125.23959025753237,1.1991734135541794
2017/01/11,4800.0,4823.3,4770.0,4780.0,145600,124.23150140999523,126.30886677338412,1.184085760964674
2017/01/12,4843.3,4886.6,4816.6,4836.6,214400,127.05319369945963,129.1745215848465,1.1888451825052329
2017/01/13,4810.0,4880.0,4796.6,4813.3,189900,123.79803572279012,126.41063999174622,1.1631139525615068
2017/01/16,4833.3,4850.0,4720.0,4750.0,248900,123.93119827220518,126.55749803676453,1.1466183075021292
2017/01/17,4730.0,4760.0,4686.6,4690.0,166900,120.51169963210084,122.52973748329879,1.1548127015267906
2017/01/18,4650.0,4740.0,4650.0,4723.3,132100,121.77428380456328,123.96547887627149,1.1685023987246306
2017/01/19,4800.0,4820.0,4753.3,4806.6,143900,121.10159809563869,122.81132857462809,1.1347400484365036
2017/01/20,4753.3,4820.0,4743.3,4776.6,138400,119.11890555536198,120.46512352174186,1.1159007523756417
2017/01/23,4763.3,4873.3,4750.0,4833.3,176000,122.06138051285103,123.90533326952276,1.0863373614976517
2017/01/24,4803.3,4870.0,4783.3,4796.6,139000,123.28917424548189,125.18423156015743,1.0787099490187684
2017/01/25,4883.3,4893.3,4823.3,4860.0,144000,119.92064563083275,122.57269705408976,1.0820319418211883
2017/01/26,4800.0,4866.6,4800.0,4853.3,339500,115.73144060583991,118.72418122876003,1.0559081859428774
2017/01/27,4880.0,4923.3,4846.6,4860.0,208600,116.11030718456772,119.26953039875103,0.9814764634743698
2017/01/30,4826.6,4910.0,4820.0,4896.6,150400,113.86257381528763,116.96070504066832,0.9971387224510984
2017/01/31,4836.6,4853.3,4800.0,4813.3,169100,116.64963673556076,119.40541033130312,0.996527804521125
2017/02/01,4736.6,4773.3,4710.0,4760.0,193200,114.77865865122097,117.6764766375437,0.9836005950250198
2017/02/02,4806.6,4836.6,4726.6,4756.6,170400,115.64342847994853,117.99643676718188,0.9917679876616363
2017/02/03,4776.6,4813.3,4716.6,4753.3,150700,116.52823291323655,118.43490957817026,0.9880930777393505
2017/02/06,4813.3,4813.3,4723.3,4766.6,156600,114.30623935921254,115.81814963344004,1.0249511044835955
2017/02/07,5480.0,5583.3,5316.6,5406.6,1128600,132.53124204811,134.0417466468849,1.3354035410210785
2017/02/08,5406.6,5550.0,5363.3,5496.6,448300,134.30625222636868,134.83502096895006,1.3474458588826772
2017/02/09,5513.3,5636.6,5460.0,5550.0,475600,138.16862755716946,138.0913645744957,1.3708036766375329
2017/02/10,5586.6,5683.3,5566.6,5643.3,244900,137.07486240730282,137.4158014594852,1.3636460118464189
2017/02/13,5676.6,5693.3,5636.6,5663.3,191300,137.55565607725683,138.9001722803448,1.344362333379084
2017/02/14,5786.6,5796.6,5626.6,5640.0,268400,139.10778740983534,140.47836312745693,1.365883272821755
2017/02/15,5696.6,5720.0,5590.0,5643.3,255800,133.2656671920241,135.01225217833436,1.3837344610327174
2017/02/16,5626.6,5686.6,5580.0,5676.6,244000,133.3643018398134,134.67080233837797,1.3820285002689507
2017/02/17,5616.6,5673.3,5603.3,5630.0,145900,135.6006744317279,136.62191082845996,1.37319664373679
2017/02/20,5650.0,5716.6,5640.0,5693.3,174400,132.59872196708582,133.14376167503332,1.3194598201850338
2017/02/21,5673.3,5763.3,5666.6,5750.0,183800,134.02333838039104,134.31405507852335,1.3284593705838674
2017/02/22,5730.0,5756.6,5683.3,5726.6,159800,138.4617398356428,139.0858598382967,1.3289376198304903
2017/02/23,5753.3,5763.3,5703.3,5763.3,151300,138.7859341090488,139.94930532766938,1.3330252085859282
2017/02/24,5703.3,5773.3,5683.3,5703.3,140300,137.84828023948023,138.90092008080052,1.3298512989448321
2017/02/27,5660.0,5683.3,5600.0,5626.6,191600,136.13972099920474,137.3224208654297,1.341093711321496
2017/02/28,5710.0,5723.3,5630.0,5630.0,143900,139.72643727164206,140.71174001026893,1.3406025207222065
2017/03/01,5646.6,5770.0,5626.6,5730.0,218300,139.77181996458285,140.6575420831363,1.3507166540952338
2017/03/02,5800.0,5886.6,5763.3,5873.3,223500,143.82469272615032,145.16767630692223,1.3592713988429599
2017/03/03,5850.0,5856.6,5810.0,5843.3,154800,146.88666108052934,148.3663112537603,1.3660112781539044
2017/03/06,5810.0,5883.3,5810.0,5873.3,170100,146.5815259811112,147.1224632620618,1.2759447860014728
2017/03/07,5876.6,5876.6,5790.0,5810.0,166400,145.97068588824712,145.81423787241772,1.2801075633211436
2017/03/08,5810.0,5833.3,5770.0,5806.6,149100,149.0800340988141,148.2314843866919,1.2797860241458865
2017/03/09,5866.6,5923.3,5833.3,5906.6,182500,148.06199153603822,147.621155915147,1.0595097233740414
2017/03/10,5973.3,5996.6,5893.3,5946.6,215800,149.36075895141562,149.28786377794057,1.0559370205094556
2017/03/13,5893.3,5900.0,5740.0,5863.3,218800,147.8902025160466,147.39555479408153,1.0197744240672926
2017/03/14,5813.3,5850.0,5806.6,5840.0,176600,149.20439535450723,148.91730274609858,1.0150117018500948
2017/03/15,5810.0,5840.0,5696.6,5706.6,284400,145.38457761092775,145.18236610700478,0.9532360726547855
2017/03/16,5666.6,5780.0,5606.6,5766.6,303400,151.22953716787615,151.15423428324598,0.964638731726411
2017/03/17,5706.6,5713.3,5620.0,5650.0,297800,152.06066448928618,152.46113576484092,0.929304565065907
2017/03/21,5636.6,5643.3,5560.0,5633.3,268300,151.7313547812266,151.72651404667116,0.919405899639074
2017/03/22,5480.0,5560.0,5436.6,5520.0,243300,153.22074033542188,152.99310815212738,0.9171819662647865
2017/03/23,5516.6,5600.0,5510.0,5556.6,238300,157.2994302215178,157.3052776368336,0.9185128003210313
2017/03/24,5566.6,5680.0,5566.6,5640.0,191000,158.37955287060487,158.7578007172589,0.915852367096399
2017/03/27,5550.0,5656.6,5550.0,5583.3,130900,159.63034585425882,160.3379118886223,0.9138890596780168
2017/03/28,5633.3,5686.6,5583.3,5683.3,198100,160.69769208688297,160.8912652740647,0.925260232858115
2017/03/29,5650.0,5690.0,5580.0,5646.6,230300,157.9452690424136,158.16334710821167,0.9147972341153209
2017/03/30,5646.6,5773.3,5640.0,5706.6,220000,157.7588026418475,158.26161000673534,0.9362602293096003
2017/03/31,5783.3,5790.0,5643.3,5643.3,160200,155.11412822720428,156.1203281502902,0.9058971484086444
2017/04/03,5673.3,5710.0,5636.6,5653.3,183900,153.89710686714514,155.59692722385893,0.8562491030893806
2017/04/04,5690.0,5783.3,5596.6,5666.6,284600,156.41987520058237,157.66022850706526,0.8781161232302453
2017/04/05,5713.3,5746.6,5596.6,5663.3,297800,156.76765946435475,158.52520219245352,0.8782996044057022
2017/04/06,5643.3,5686.6,5566.6,5586.6,219900,154.45070681065886,156.80109227253766,0.8959906587650409
2017/04/07,5666.6,5666.6,5550.0,5623.3,198200,152.4571333397907,155.45726704844483,0.8888434219314251
2017/04/10,5643.3,5686.6,5576.6,5676.6,243000,153.93332717482028,156.77565140604017,0.9019757530764576
2017/04/11,5633.3,5643.3,5533.3,5600.0,242100,149.46562106043473,152.88552432989576,0.8716907054408979
2017/04/12,5533.3,5536.6,5356.6,5370.0,490000,142.1056573591003,144.94094582880373,0.7917035444308014
2017/04/13,5203.3,5346.6,5160.0,5336.6,454100,145.32972766206285,147.89902305375506,0.8152590941308511
2017/04/14,5336.6,5460.0,5313.3,5420.0,299500,149.8590687593019,152.17361482871036,0.912438523727328
2017/04/17,5386.6,5450.0,5343.3,5366.6,222500,149.3335814736605,151.68856043106206,0.9477557987620285
2017/04/18,5420.0,5490.0,5356.6,5373.3,247700,151.31778101355476,152.98655657401807,0.9463819183271541
2017/04/19,5350.0,5450.0,5333.3,5406.6,313000,151.03974218519488,152.84729855949783,0.955938833634094
2017/04/20,5450.0,5516.6,5386.6,5490.0,378500,154.70358833736552,155.38651970582552,0.9888923887503037
2017/04/21,5623.3,5700.0,5520.0,5660.0,410300,158.813332650834,159.12083449635665,1.099432821690097
2017/04/24,5700.0,5756.6,5670.0,5683.3,279600,157.20847526429742,158.6848941769461,1.0790073049888549
2017/04/25,5670.0,5810.0,5666.6,5783.3,267700,160.53537576281295,161.68770270974304,1.091757411386079
2017/04/26,5916.6,5916.6,5806.6,5833.3,390900,163.7429075627161,164.48076173257638,1.093949172703803
2017/04/27,5776.6,5890.0,5703.3,5876.6,224400,161.33203057269574,162.5785493880634,1.103380769457572
2017/04/28,5896.6,5900.0,5773.3,5873.3,322800,161.80326828718313,163.2452791441424,1.1224567506529455
2017/05/01,5916.6,6063.3,5913.3,6003.3,345100,164.41016528915227,165.9948844366279,1.1190174857258066
2017/05/02,6030.0,6070.0,5950.0,6066.6,257400,162.27207100994733,164.06889439166105,1.1277311081468104
2017/05/08,6133.3,6226.6,6100.0,6206.6,402600,160.5937053767143,162.34576154063137,1.0626720470385342
2017/05/09,6163.3,6200.0,6120.0,6143.3,296200,160.43625581474018,162.18804077130588,1.047991036924293
2017/05/10,6100.0,6176.6,6040.0,6123.3,372500,155.21805584745988,156.82339395249213,1.0433781714650399
2017/05/11,6233.3,6480.0,6230.0,6300.0,690900,166.25624471908017,168.00954500225504,1.1391584386858031
2017/05/12,6300.0,6383.3,6253.3,6270.0,356400,169.3146070460452,171.32201357275676,1.1974725377610407
2017/05/15,6196.6,6240.0,6146.6,6153.3,398500,164.85044363348968,166.39697281629867,1.1872880948087707
2017/05/16,6240.0,6300.0,6190.0,6276.6,404000,168.719748726665,170.17804301979353,1.2031793166864913
2017/05/17,6296.6,6343.3,6240.0,6306.6,302700,168.00192582544062,169.8645784417003,1.2289255260947634
2017/05/18,6190.0,6283.3,6153.3,6270.0,283800,164.57923022429003,166.16352322238788,1.2289434197351459
2017/05/19,6333.3,6350.0,6236.6,6263.3,318400,165.48806466681953,166.8449746431283,1.212300707485578
2017/05/22,6266.6,6280.0,6220.0,6230.0,195000,161.2454114251886,162.6926608918411,1.123861167911394
2017/05/23,6230.0,6280.0,6196.6,6220.0,181900,160.83010601489488,162.03100929885764,1.1211896449288588
2017/05/24,6310.0,6323.3,6233.3,6276.6,258000,160.6290131061138,161.34580310416143,1.1236638072989296
2017/05/25,6276.6,6300.0,6193.3,6203.3,268000,158.3337012524324,159.1259776298864,1.1078351919749647
2017/05/26,6126.6,6230.0,6076.6,6230.0,319800,158.08516878952406,159.0121142108975,1.092334978412185
2017/05/29,6230.0,6293.3,6186.6,6250.0,290400,157.8590926633037,158.36689563620442,1.0630130004314835
2017/05/30,6253.3,6286.6,6186.6,6246.6,231100,155.58003439219996,155.84729307197037,1.06099927686688
2017/05/31,6256.6,6366.6,6173.3,6366.6,2848800,156.661642806339,157.6784120363064,1.1041196359317689
2017/06/01,6500.0,6573.3,6406.6,6463.3,465500,156.23650730507035,157.30262626450883,1.1225410729848755
2017/06/02,6450.0,6483.3,6370.0,6433.3,416600,155.45626973719936,156.33151537561437,1.1343187217822333
2017/06/05,6526.6,6600.0,6496.6,6586.6,299900,156.47571662396837,157.54760658484977,1.1595159895552256
2017/06/06,6613.3,6653.3,6543.3,6576.6,299800,155.6429584471012,156.61988765330688,1.171335250985398
2017/06/07,6646.6,6746.6,6620.0,6673.3,317400,155.97399228358404,156.65943001716556,1.1961008372882156
2017/06/08,6700.0,6746.6,6666.6,6686.6,293000,157.54786576426255,158.24461368974795,1.1867747960685107
2017/06/09,6686.6,6743.3,6653.3,6703.3,238500,156.7841935222034,158.02028055449293,1.1983122781175932
2017/06/12,6400.0,6456.6,6310.0,6330.0,507900,155.44626084440299,155.92208326050545,1.0510409190008818
2017/06/13,6233.3,6333.3,6223.3,6290.0,337400,154.565842954607,154.80035095792073,1.040042959843343
2017/06/14,6446.6,6463.3,6173.3,6190.0,457700,151.86999663677412,152.1884305071558,0.9906849760277723
2017/06/15,6146.6,6146.6,6046.6,6056.6,385900,149.95568085481034,150.63838843897918,0.9683492739632388
2017/06/16,6033.3,6073.3,5993.3,6043.3,338600,148.4962773072375,148.78224311592166,0.9508106303731884
2017/06/19,6066.6,6136.6,6023.3,6136.6,213500,147.646975821621,147.81439837102315,0.9618595892867378
2017/06/20,6256.6,6280.0,6190.0,6260.0,307900,151.46341585238682,151.61768767075182,0.9717982215580709
2017/06/21,6260.0,6280.0,6146.6,6173.3,285800,148.6358059959633,148.518803293355,0.9591255435571232
2017/06/22,6200.0,6223.3,6160.0,6163.3,171000,147.96756053076203,147.78539499799544,0.9580306411862659
2017/06/23,6163.3,6170.0,6076.6,6086.6,242000,146.13398061845072,147.0838959729925,0.937844584792357
2017/06/26,6076.6,6183.3,6076.6,6173.3,128900,152.42348252874177,152.55631202215548,0.9545138260662642
2017/06/27,6183.3,6236.6,6110.0,6206.6,226000,152.17824957302807,151.9303057557009,0.9615323819638256
2017/06/28,6116.6,6130.0,6000.0,6006.6,300600,151.1371812070244,151.05231016706406,0.9281001911268087
2017/06/29,6140.0,6140.0,6016.6,6053.3,224800,152.21897045676732,151.5839506249584,0.93548382892218
2017/06/30,5920.0,5973.3,5873.3,5973.3,365100,154.1552753972385,153.25362660215126,0.8777183555775381
2017/07/03,5973.3,6006.6,5893.3,5916.6,319300,153.76892674157278,152.81021024840416,0.8815706442481709
2017/07/04,5916.6,5916.6,5713.3,5723.3,479300,149.72483744833727,149.43119112952928,0.8463242379400153
2017/07/05,5740.0,6016.6,5736.6,6016.6,522900,156.19170902098688,155.5131362921793,0.9252965829985158
2017/07/06,6036.6,6063.3,5926.6,5993.3,258100,155.93252252923844,154.8918425166593,0.9143704882142832
2017/07/07,5936.6,6086.6,5936.6,6070.0,222200,157.76185545877573,156.6830531574767,0.9201271469202936
2017/07/10,6196.6,6243.3,6116.6,6233.3,335300,159.35117224410652,158.34780134146592,0.991420906567355
2017/07/11,6280.0,6320.0,6243.3,6320.0,250400,158.73046426055086,157.37320968959742,0.9897402855443915
2017/07/12,6300.0,6330.0,6273.3,6276.6,197200,150.26755364098892,149.4038004574145,0.9908252863029339
2017/07/13,6316.6,6406.6,6310.0,6406.6,253100,155.75187494259885,154.71575356566464,1.009695522309681
2017/07/14,6350.0,6386.6,6336.6,6350.0,208000,157.31484749877694,155.44718113290608,1.029322548558399
2017/07/18,6350.0,6403.3,6306.6,6403.3,201300,155.34853595548904,152.64218742494378,1.05085599602867
2017/07/19,6436.6,6453.3,6380.0,6436.6,187000,156.81692704158678,154.422595973163,1.0518836906996563
2017/07/20,6496.6,6596.6,6496.6,6583.3,272300,160.79201372525293,158.0402535054076,1.0485124212159136
2017/07/21,6576.6,6710.0,6576.6,6673.3,255900,162.52718554755558,160.01072946357343,1.1029028403226455
2017/07/24,6650.0,6690.0,6600.0,6660.0,201500,162.02624439999687,159.16452638654613,1.1035200587352705
2017/07/25,6683.3,6716.6,6653.3,6673.3,178100,164.85780317742964,162.2923061454921,1.1048263308545228
2017/07/26,6800.0,6820.0,6620.0,6680.0,264400,158.9363968202991,155.9239209680854,1.1006512553362842
2017/07/27,6713.3,6830.0,6676.6,6810.0,252700,159.2054745694952,155.87294502246172,1.1087006004869238
2017/07/28,6746.6,6776.6,6543.3,6566.6,313400,153.98684454146647,151.34561222186238,1.0561003593123495
2017/07/31,6480.0,6603.3,6480.0,6523.3,238700,156.2089380125424,152.79129472381646,1.0657839842092358
2017/08/01,6476.6,6506.6,6416.6,6500.0,231900,149.60875962860513,145.64090455076854,1.0567022889771904
2017/08/02,6583.3,6633.3,6530.0,6633.3,186800,151.9459555892268,147.6423433537301,1.066962612975649
2017/08/03,6546.6,6553.3,6393.3,6480.0,300600,148.8379306327721,144.0169322926289,1.054044203845547
2017/08/04,6213.3,6333.3,6133.3,6246.6,651200,137.16662312870696,132.09064415189997,0.9460970688496262
2017/08/07,6296.6,6396.6,6296.6,6390.0,316500,141.59590568809287,135.83131162209008,0.924240388793815
2017/08/08,6450.0,6490.0,6386.6,6400.0,325500,141.9539917790322,136.40577376115377,0.9273531027583887
2017/08/09,6376.6,6390.0,6290.0,6316.6,208600,142.4313515627039,136.52540096631694,0.9084870944713617
2017/08/10,6350.0,6386.6,6293.3,6350.0,198600,144.44726334975115,137.81207497253774,0.9123148560368131
2017/08/14,6296.6,6393.3,6246.6,6353.3,204400,145.2586588388274,138.51517690052805,0.9003173222699955
2017/08/15,6416.6,6470.0,6400.0,6443.3,221000,144.6207504647356,138.28906772705864,0.899943082663683
2017/08/16,6456.6,6506.6,6436.6,6463.3,141200,148.53549319323537,141.9855430109862,0.9027568568503407
2017/08/17,6476.6,6520.0,6450.0,6466.6,118600,146.37432184154625,139.83149834464572,0.9041823173668474
2017/08/18,6380.0,6560.0,6376.6,6526.6,199700,146.9869775068996,140.29986699451797,0.931700890356639
2017/08/21,6546.6,6590.0,6496.6,6496.6,189900,145.05280836450825,138.50705754322343,0.885888254084115
2017/08/22,6536.6,6660.0,6530.0,6646.6,211300,154.41934018988755,147.49896293122217,0.9136324356983355
2017/08/23,6730.0,6756.6,6643.3,6666.6,173700,154.57108259042369,147.81311368167073,0.9119853073362213
2017/08/24,6670.0,6710.0,6663.3,6666.6,121200,152.48296435903666,146.01675114713564,0.9179185289337577
2017/08/25,6650.0,6680.0,6616.6,6623.3,102400,148.54821098454133,142.43709428362064,0.9122983004350375
2017/08/28,6660.0,6663.3,6596.6,6646.6,91000,148.95026376795875,142.05609357944,0.9840090571525756
2017/08/29,6610.0,6683.3,6593.3,6663.3,141100,151.33580998643419,143.95246805483467,0.9874466175481421
2017/08/30,6660.0,6660.0,6586.6,6606.6,138000,146.90706795433115,140.33630782266428,0.9771356595454184
2017/08/31,6626.6,6646.6,6546.6,6570.0,256300,144.89815906762956,139.0596474887539,0.9725881601677608
2017/09/01,6590.0,6623.3,6510.0,6613.3,209000,147.90468329354724,142.44916124568542,0.9613035034608978
2017/09/04,6556.6,6610.0,6533.3,6600.0,126100,149.0752543661511,143.04839139504057,1.099806193276007
2017/09/05,6550.0,6576.6,6433.3,6480.0,218200,143.46507540656467,138.4407310423532,1.090279447715043
2017/09/06,6383.3,6596.6,6370.0,6590.0,248400,146.6206407261175,141.42552477577715,1.1019326248267767
2017/09/07,6590.0,6743.3,6590.0,6680.0,241200,148.3630339829616,142.90324981622422,1.1052864334166994
2017/09/08,6700.0,6753.3,6693.3,6726.6,200500,149.76792700115277,143.4917355711346,1.104738757785444
2017/09/11,6776.6,7003.3,6766.6,6993.3,320000,153.2227214179946,147.40828023460404,1.094588382398328
2017/09/12,7126.6,7216.6,7083.3,7196.6,258300,157.1683809668756,151.0410984959879,1.1312007728877345
2017/09/13,7230.0,7303.3,7176.6,7256.6,174100,157.36297997042175,151.08879047200702,1.1474262434630955
2017/09/14,7263.3,7330.0,7230.0,7270.0,207600,155.9894606985903,150.14344394808242,1.1611589857015563
2017/09/15,7276.6,7390.0,7276.6,7390.0,242700,156.81900895670537,151.24217739511417,1.1648244603075286
2017/09/19,7623.3,7736.6,7466.6,7733.3,417900,158.39481218164835,153.94214432253318,1.1500006143014867
2017/09/20,7806.6,7860.0,7750.0,7840.0,280900,167.071195756528,163.7313194936239,1.1719044442370383
2017/09/21,7726.6,7766.6,7503.3,7543.3,432300,159.25943562443535,156.42288605282684,1.0805810870144459
2017/09/22,7600.0,7610.0,7496.6,7583.3,265300,160.50648223881004,157.64250543632343,1.085455282879289
2017/09/25,7633.3,7680.0,7593.3,7596.6,165900,158.53530386474998,156.08265516154006,1.0932671338044606
2017/09/26,7493.3,7540.0,7456.6,7476.6,251400,158.54410656110178,155.8287221828769,1.0840636949941607
2017/09/27,7453.3,7520.0,7423.3,7440.0,205200,154.45840270268693,152.00828510404352,1.0877974303579976
2017/09/28,7663.3,7683.3,7576.6,7646.6,299800,156.85069446185628,153.3262359792963,1.0998568185387532
2017/09/29,7636.6,7650.0,7583.3,7630.0,183800,155.57179148369534,152.05658204517582,1.1102712165987445
2017/10/02,7666.6,7673.3,7586.6,7636.6,133300,155.98525424616716,152.43575772854481,1.1103120284828714
2017/10/03,7686.6,7696.6,7606.6,7650.0,161900,150.14011554797128,147.1397653674269,1.1025122612903697
2017/10/04,7666.6,7726.6,7640.0,7690.0,168400,150.85703382985542,148.0233731516825,1.105859152626041
2017/10/05,7883.3,7993.3,7696.6,7733.3,279000,153.27191848026305,150.5607085230553,1.1029012319167408
2017/10/06,7736.6,7793.3,7586.6,7630.0,216900,149.22006447846826,146.59407551303184,1.049379057622207
2017/10/10,7753.3,7760.0,7660.0,7723.3,235000,152.89029392059052,149.63012983049865,1.008478599376033
2017/10/11,7750.0,7780.0,7686.6,7773.3,179800,154.28074206344547,151.34186900506654,1.0118935030901308
2017/10/12,7873.3,7950.0,7860.0,7893.3,209200,156.14544599186206,154.00649142680876,1.0046917026867197
2017/10/13,7873.3,7990.0,7853.3,7970.0,186900,158.23553761970004,156.5813601066033,1.0075006824594201
2017/10/16,8000.0,8040.0,7936.6,7946.6,145200,154.9888620883117,153.36223967064396,0.9619592090014354
2017/10/17,7950.0,8040.0,7916.6,8020.0,128200,157.5748582504337,156.0083239466596,0.9644696124746482
2017/10/18,7953.3,7976.6,7846.6,7890.0,164300,156.43473676192824,154.71085082401567,0.9441444079131378
2017/10/19,7830.0,8020.0,7830.0,7993.3,180200,160.58045281212844,158.3376054888901,0.9580086529292636
2017/10/20,7926.6,8126.6,7926.6,8126.6,215000,162.97994461130426,160.5443838359449,0.9639043886192721
2017/10/23,8200.0,8280.0,8146.6,8253.3,196700,165.55276359868137,163.31913336198193,1.0251421756753212
2017/10/24,8163.3,8290.0,8143.3,8290.0,159600,162.08010018578435,159.5478662985567,1.0250305780721605
2017/10/25,8336.6,8503.3,8336.6,8396.6,269300,164.61698940437896,162.20958470051454,1.0474327760038158
2017/10/26,8396.6,8520.0,8366.6,8480.0,185900,168.21862321957767,166.217274423821,1.0791291395932674
2017/10/27,8533.3,8550.0,8423.3,8533.3,217300,161.82937222752886,160.5007417004128,1.0755605885785198
2017/10/30,8566.6,8613.3,8520.0,8613.3,334000,161.06857607746105,160.05474571410278,1.0630262502248022
2017/10/31,8636.6,8716.6,8606.6,8710.0,178900,163.03976504128917,162.31871450863986,1.0740405380791092
2017/11/01,8876.6,9083.3,8716.6,9043.3,351800,165.74091171200618,166.0973010063498,1.0892396189421036
2017/11/02,8986.6,9003.3,8843.3,8976.6,287300,163.1574718387146,163.32707591235203,1.0852758310216901
2017/11/06,9093.3,9140.0,8990.0,9033.3,262700,164.10747267856834,163.7663600459782,1.132998900063465
2017/11/07,8436.6,8916.6,8383.3,8833.3,937100,155.83911286144732,156.53228813527335,1.031739631595583
2017/11/08,8833.3,9173.3,8750.0,9150.0,509300,160.23710678630695,161.73293231611908,1.0647986520826869
2017/11/09,9196.6,9200.0,8763.3,8970.0,434000,157.725129265396,157.8656025762574,1.1863927286751375
2017/11/10,8736.6,8880.0,8686.6,8860.0,334500,160.58016385922647,160.47277929337133,1.1734587595250467
2017/11/13,9000.0,9033.3,8803.3,8820.0,150900,163.74355503893307,162.77958094840122,1.1609216791943446
2017/11/14,8830.0,9026.6,8810.0,8936.6,199900,167.71499879631727,167.55151961729152,1.1887052526175408
2017/11/15,8900.0,9040.0,8730.0,8840.0,266200,168.26604231970964,169.15560176424688,1.2103290255458354
2017/11/16,8726.6,9013.3,8710.0,9010.0,225000,169.29529447810097,171.1172020601723,1.2273571994265433
2017/11/17,9233.3,9296.6,9106.6,9186.6,335700,165.98595558897415,167.5716057770924,1.2941523515998954
2017/11/20,9093.3,9173.3,9023.3,9133.3,176600,168.1911555316438,169.57374987370622,1.1768745182658735
2017/11/21,9233.3,9446.6,9210.0,9246.6,267300,170.27391637759365,171.75030912468284,1.2005562611572076
2017/11/22,9393.3,9410.0,9326.6,9396.6,160500,171.24101765551683,172.8333931561578,1.2041895785149153
2017/11/24,9266.6,9450.0,9220.0,9420.0,229600,174.2443439118986,175.82836279957363,1.1905869732891956
2017/11/27,9460.0,9463.3,9146.6,9186.6,315400,168.4568948460433,170.75231221704635,1.1265585449526878
2017/11/28,9113.3,9150.0,8973.3,8983.3,278300,162.7690303890408,165.68540987742347,1.103036970041198
2017/11/29,8983.3,8983.3,8393.3,8460.0,572200,151.64552143589228,153.97949909071707,0.5441130467769085
2017/11/30,8040.0,8306.6,8000.0,8286.6,775600,147.93599031612135,150.30041319197724,0.5089745376141513
2017/12/01,8333.3,8406.6,8066.6,8143.3,415500,151.51180709788002,154.36356090046687,0.46222756072638155
2017/12/04,8186.6,8263.3,8093.3,8110.0,269000,150.0465192274254,153.0583093058953,0.46331208769025944
2017/12/05,7830.0,7876.6,7733.3,7773.3,448100,144.1503595184567,146.49390666577523,0.4574298941420646
2017/12/06,8050.0,8143.3,7860.0,7886.6,436500,152.26374447234434,154.14341246884032,0.46329266259088525
2017/12/07,8220.0,8380.0,7886.6,8360.0,564900,161.0398419908252,163.50313160093532,0.5975439936030936
2017/12/08,8526.6,8660.0,8423.3,8563.3,342100,163.06346297764952,165.58946913383377,0.5075009828862148
2017/12/11,8496.6,8496.6,8330.0,8460.0,204200,161.53794727439916,163.3725176261505,0.6594490105978915
2017/12/12,8530.0,8596.6,8383.3,8416.6,186000,161.2853290785087,162.57032479564765,0.6469071597482459
2017/12/13,8266.6,8283.3,8073.3,8116.6,318800,156.06237392434232,156.74457526994,0.6214684590039371
2017/12/14,8056.6,8203.3,8050.0,8096.6,224200,154.5219335430744,155.2378892804737,0.6048782004991181
2017/12/15,8093.3,8323.3,8056.6,8220.0,278900,156.67385608831714,157.47183338321338,0.6154719359551794
2017/12/18,8386.6,8570.0,8340.0,8570.0,307800,162.2173835965395,163.2491944887141,0.7415813356513339
2017/12/19,8633.3,8823.3,8616.6,8663.3,450100,162.31421012422885,162.8338543726897,0.7434166493003693
2017/12/20,8606.6,8673.3,8523.3,8670.0,245900,161.6204542997939,161.4141882499856,0.7368522554314137
2017/12/21,8716.6,8730.0,8610.0,8710.0,153900,157.90245644709847,157.4211863278056,0.7357887496208618
2017/12/22,8476.6,8516.6,8290.0,8373.3,386900,152.28825170992445,151.21361045977474,0.6833439738370335
2017/12/25,8373.3,8556.6,8356.6,8543.3,134700,155.13341016435982,154.04361956536468,0.6938494806419123
2017/12/26,8493.3,8530.0,8376.6,8400.0,120200,152.8916443594026,151.67808702782028,0.6802147108193156
2017/12/27,8333.3,8463.3,8306.6,8430.0,155900,149.76525581226602,148.53710937685526,0.6782546098771978
2017/12/28,8423.3,8480.0,8370.0,8396.6,90800,151.08297911030985,150.0825006611928,0.6967997869666073
2017/12/29,8403.3,8483.3,8333.3,8356.6,86200,148.65553847387363,147.926204730238,1.0304067079179686
2018/01/04,8690.0,8730.0,8660.0,8713.3,233200,152.01486222321904,152.788974194049,1.1018782868189128
2018/01/05,8790.0,8823.3,8693.3,8780.0,212900,153.36021150857698,154.43135835837677,1.0689645872441988
2018/01/09,8906.6,8923.3,8813.3,8886.6,214100,150.14180365447226,151.45135649869295,0.9529909117070785
2018/01/10,9000.0,9000.0,8673.3,8750.0,326300,149.01455000420555,149.9952599905676,0.9009425169394062
2018/01/11,8516.6,8640.0,8513.3,8636.6,226700,144.10692853105596,145.21260190062804,0.9019901437639886
2018/01/12,8650.0,8683.3,8583.3,8626.6,149100,146.1390998094891,147.57265866576168,0.9456179773903586
2018/01/15,8723.3,8753.3,8610.0,8610.0,139000,145.95323708818637,147.2735495514622,0.8808808373895989
2018/01/16,8643.3,8776.6,8566.6,8773.3,181200,146.9339283375163,149.02902516396688,0.8975441490710122
2018/01/17,8933.3,9096.6,8840.0,9003.3,392100,150.8920611612207,152.6130660395203,0.9421413412436878
2018/01/18,9170.0,9233.3,9056.6,9070.0,296800,151.4478825529389,153.6396864088489,0.9080866687309872
2018/01/19,9163.3,9273.3,9110.0,9246.6,250800,155.60863606175337,157.0845935520852,0.9377090468335263
2018/01/22,9176.6,9180.0,9046.6,9140.0,132400,149.99723095920717,151.39315150648343,0.9787755911734353
2018/01/23,9200.0,9200.0,9080.0,9143.3,142700,148.45600407506942,150.24948672672429,0.9692865845290465
2018/01/24,9076.6,9110.0,8953.3,9006.6,166700,147.52045347821655,148.31488478251515,0.9507386632658782
2018/01/25,8833.3,8930.0,8753.3,8776.6,225000,148.23661783980174,148.25539076403152,0.9488884435517865
2018/01/26,8743.3,8840.0,8606.6,8660.0,266000,146.7882532761368,146.8879655965771,0.9251506969673635
2018/01/29,8733.3,8883.3,8726.6,8786.6,169900,147.08841642347227,147.3150218832617,0.9598305576601828
2018/01/30,8780.0,8823.3,8630.0,8663.3,179400,147.14032419733377,147.39569735625653,0.9548785152282812
2018/01/31,8496.6,8643.3,8450.0,8513.3,195100,148.26423076442094,148.76760530532073,0.9463375224996422
2018/02/01,8620.0,8780.0,8576.6,8770.0,154100,148.48704802207607,148.88605843395075,0.9550177801908218
2018/02/02,8726.6,8740.0,8570.0,8603.3,139000,147.11898997572817,147.09134002664516,0.937469615286521
2018/02/05,8356.6,8430.0,8236.6,8273.3,284400,145.21387243007794,144.70072738027915,0.8955987112996645
2018/02/06,7580.0,7946.6,7570.0,7903.3,394800,127.91871251165125,127.12379960527534,0.7875351371271309
2018/02/07,8403.3,8420.0,7720.0,7723.3,594000,123.38746486429513,122.38290804084706,0.8648201224120106
2018/02/08,7683.3,8003.3,7683.3,7956.6,352700,123.825398026786,122.89008860023041,0.9228653059335029
2018/02/09,7636.6,7736.6,7540.0,7686.6,298300,123.44400953378538,121.62631580788474,1.0118203371293484
2018/02/13,7866.6,7880.0,7636.6,7636.6,265600,122.61759351831432,121.38884398377631,1.0358099195156647
2018/02/14,7563.3,7750.0,7473.3,7563.3,264800,123.14969194216512,122.29235891225329,1.0319574352509175
2018/02/15,7680.0,8033.3,7680.0,8013.3,337900,127.23838549111939,127.3533642598168,1.1705424107988085
2018/02/16,8006.6,8030.0,7886.6,7906.6,205000,124.36556991011346,124.84990470324713,1.0481559202491113
2018/02/19,7973.3,8116.6,7930.0,8116.6,139800,123.9101642892922,124.2419156518041,1.0280255319583789
2018/02/20,8050.0,8053.3,7913.3,7933.3,139600,121.96367193367583,121.77753034005237,1.0078382473276382
2018/02/21,8033.3,8200.0,7980.0,8086.6,163500,124.55865316445032,124.81680488829787,1.0376634417395048
2018/02/22,8036.6,8146.6,7986.6,8106.6,173000,125.35494049304845,125.36039720107081,1.0614709707351702
2018/02/23,8026.6,8153.3,8023.3,8133.3,103800,125.61063911201151,125.56484594918214,1.0830954333768976
2018/02/26,8240.0,8280.0,8090.0,8216.6,134100,125.95180382924308,126.21750641496179,1.1546800925083913
2018/02/27,8333.3,8476.6,8320.0,8450.0,173300,128.1627690607769,128.70982700905353,1.213842855741003
2018/02/28,8430.0,8536.6,8403.3,8403.3,170200,128.87973609720726,128.81031995490878,1.2217574797968958
2018/03/01,8250.0,8420.0,8250.0,8346.6,222100,127.98339873461593,127.77813913099887,1.2319276797950391
2018/03/02,8116.6,8270.0,8103.3,8216.6,210900,129.24740017903437,128.24517724486978,1.2363557736506186
2018/03/05,8183.3,8263.3,7990.0,7996.6,220900,125.39170694174402,124.9136097546861,1.2195468717644928
2018/03/06,8120.0,8433.3,8096.6,8340.0,235500,129.64791048761853,130.0583621473684,1.360351651304485
2018/03/07,8273.3,8496.6,8263.3,8420.0,274600,131.37033439225837,131.92664743838912,1.3893522127953501
2018/03/08,8500.0,8740.0,8453.3,8706.6,252400,133.26648235352002,134.01969695086825,1.4734114849428877
2018/03/09,8830.0,8863.3,8543.3,8656.6,257300,132.92937695768998,133.56739374068306,1.3380242334985655
2018/03/12,8823.3,8846.6,8676.6,8783.3,176100,134.76710764006822,135.7012466347544,1.381665547656197
2018/03/13,8616.6,8646.6,8510.0,8613.3,373400,131.65299705588023,132.65270884791974,1.3418690890027314
2018/03/14,8466.6,8516.6,8236.6,8320.0,345900,131.06798729273882,131.41897029676224,1.2052493412461895
2018/03/15,8333.3,8346.6,8203.3,8250.0,182400,128.53946356622035,129.0417921280978,1.1922940406714082
2018/03/16,8353.3,8410.0,8123.3,8176.6,202100,130.33172146303144,130.48697469654223,1.1476667003229102
2018/03/19,8126.6,8163.3,7990.0,8050.0,172000,129.42894342553234,129.8936114411888,1.0518142233621386
2018/03/20,7943.3,8013.3,7856.6,7973.3,139100,128.79490992038114,128.93185056912768,1.0438526670182349
2018/03/22,8050.0,8103.3,7993.3,8103.3,157400,128.901903653829,129.20227974082945,1.0571685325456608
2018/03/23,7710.0,7760.0,7570.0,7576.6,303500,125.50614710630978,124.57229383258066,1.0360661903199673
2018/03/26,7343.3,7546.6,7270.0,7540.0,229800,123.46661424293379,123.17338109777273,1.0078731522882658
2018/03/27,7733.3,7776.6,7590.0,7630.0,240000,120.9365273419024,120.78179382501193,0.9828346217455199
2018/03/28,7500.0,7566.6,7426.6,7510.0,352000,121.52986796439514,120.67588717879158,0.9819747288785985
2018/03/29,7570.0,7570.0,7330.0,7440.0,259300,117.46134860906083,116.87798610257565,0.9322062961502808
2018/03/30,7546.6,7686.6,7520.0,7650.0,175900,119.47814776138034,119.47008992412206,0.9585219728083407
2018/04/02,7653.3,7733.3,7646.6,7650.0,149400,120.10125894268675,120.13440994395958,0.9915294262917125
2018/04/03,7483.3,7586.6,7430.0,7560.0,199900,117.8613559667516,117.8105986321088,0.9847441655630566
2018/04/04,7663.3,7683.3,7330.0,7390.0,311100,115.44304377579302,115.08033745318345,0.9224187078594901
2018/04/05,7466.6,7480.0,7320.0,7440.0,277100,114.42044530482521,114.30072637068918,0.8453034938616929
2018/04/06,7396.6,7476.6,7366.6,7400.0,275600,113.88319475241204,114.0270864249374,0.8214974952945806
2018/04/09,7400.0,7490.0,7340.0,7456.6,155000,113.90348337713559,114.13842343946887,0.7891141985786467
2018/04/10,7436.6,7623.3,7353.3,7596.6,200200,116.69166655250403,117.10316445307399,0.8100305999354249
2018/04/11,7763.3,7783.3,7690.0,7710.0,227900,122.82410991741348,123.123848269283,0.8245547737132384
2018/04/12,7710.0,7746.6,7626.6,7710.0,197800,122.90697351698783,123.43914131764726,0.8381600592303806
2018/04/13,7773.3,7910.0,7756.6,7823.3,108300,121.52168543701146,121.78152729794274,0.9419446643837518
2018/04/16,7846.6,7893.3,7756.6,7783.3,162100,121.91618009582528,122.43396493888655,0.951197462489853
2018/04/17,7783.3,7866.6,7743.3,7756.6,111400,121.69791865813175,122.7886841703322,0.950234900116187
2018/04/18,7756.6,7996.6,7716.6,7956.6,193800,122.41819774769782,123.76099569793355,0.9813222629473636
2018/04/19,7850.0,7870.0,7573.3,7603.3,305000,115.02341770153137,116.5450385108449,0.8843649858850382
2018/04/20,7223.3,7320.0,7036.6,7303.3,498700,108.41421391430666,109.6873390325103,0.7933973734539225
2018/04/23,7263.3,7266.6,7063.3,7193.3,361300,108.16272479923231,108.66943580630284,0.7846618025934576
2018/04/24,7236.6,7313.3,7203.3,7243.3,202400,107.26186218726399,107.5144013734229,0.7833134400344052
2018/04/25,7153.3,7250.0,7110.0,7183.3,289000,106.92432401605816,107.09851805184603,0.7773277515024086
2018/04/26,7366.6,7500.0,7366.6,7406.6,278500,108.71239878086583,109.28933793814369,0.8399195157059027
2018/04/27,6440.0,6500.0,6366.6,6426.6,919900,93.48989362251987,94.30995002174299,0.6967496156845809
2018/05/01,6560.0,6573.3,6436.6,6450.0,315500,91.85450262427236,92.9035740124175,0.7280557555330024
2018/05/02,6566.6,6763.3,6560.0,6696.6,403400,95.52191597712245,96.58715783527975,0.7788090850642311
2018/05/07,6830.0,6846.6,6673.3,6803.3,342700,97.06818532977692,98.03426248254698,0.8310693218038551
2018/05/08,6783.3,6946.6,6773.3,6933.3,259800,99.49365392632174,100.30105936271086,0.8442170785245922
2018/05/09,6926.6,7116.6,6903.3,6976.6,354700,101.17965070484686,101.87155150843816,0.8577267018253862
2018/05/10,6576.6,6946.6,6566.6,6863.3,551800,96.6626308275079,97.25056168377802,0.8342672786387026
2018/05/11,6833.3,7213.3,6833.3,7193.3,363300,100.23489729642066,101.03179246565202,0.9115179380320203
2018/05/14,7066.6,7180.0,7050.0,7176.6,232700,101.34858740472485,102.03971352878382,0.9020912083157772
2018/05/15,7210.0,7286.6,7110.0,7130.0,242700,99.16822288127939,99.69422802535843,0.8962712224945647
2018/05/16,7033.3,7110.0,6980.0,7040.0,271700,97.36737107391275,97.70730572266466,0.8903481239547034
2018/05/17,7133.3,7166.6,7030.0,7053.3,257800,96.31461926975791,96.73212044058924,0.8829825803184306
2018/05/18,7033.3,7033.3,6860.0,6893.3,262400,94.02955412123102,94.5664194251979,0.856224882097368
2018/05/21,6726.6,6803.3,6636.6,6790.0,320800,93.23871478157815,94.20054360030655,0.9320477903298698
2018/05/22,6830.0,6913.3,6700.0,6756.6,246800,92.79182955285624,93.95887864994718,0.9254786331902851
2018/05/23,6696.6,6806.6,6680.0,6720.0,207300,93.15968401131857,93.82805605699309,0.92025618054829
2018/05/24,6670.0,6720.0,6653.3,6683.3,148400,95.13849543726506,95.77085859220134,0.9309507118030039
2018/05/25,6616.6,6796.6,6610.0,6736.6,264500,94.81937719184239,95.78592816196766,0.9441050147938974
2018/05/28,6716.6,6833.3,6710.0,6813.3,166800,95.44252822687844,96.684961019419,1.0381659742904807
2018/05/29,6833.3,6966.6,6793.3,6893.3,279500,97.12249357409509,98.50361166273242,1.051765124082593
2018/05/30,6866.6,6930.0,6726.6,6820.0,285200,95.6013088474176,96.77052440556636,1.0550855306156197
2018/05/31,6910.0,7000.0,6820.0,6850.0,310100,94.80420043606253,96.19954464819223,1.052581378417769
2018/06/01,6850.0,7156.6,6846.6,7053.3,433300,99.77667679623133,101.05212458084756,1.029404517650517
2018/06/04,7100.0,7156.6,6973.3,6996.6,227900,95.33040667451995,96.36537977149729,0.996188374555051
2018/06/05,7100.0,7166.6,7080.0,7143.3,211500,96.28213753786551,97.69256040050738,1.0037861517937379
2018/06/06,7083.3,7120.0,6840.0,6920.0,270500,91.59225254308886,93.16724155113107,0.9529491162076471
2018/06/07,7016.6,7026.6,6906.6,7016.6,134900,91.53745119782187,93.28626492204238,0.9509444663418365
2018/06/08,6970.0,7010.0,6856.6,6883.3,166800,90.55350406326143,91.74600120679759,0.93337539245567
2018/06/11,6826.6,6930.0,6783.3,6790.0,135300,93.64714782544293,95.54339850950998,0.8888051342169073
2018/06/12,6693.3,6733.3,6606.6,6666.6,353000,92.1838513590036,94.20454523164265,0.8739970238259596
2018/06/13,6696.6,6746.6,6653.3,6666.6,249000,93.24262105734651,95.22090322790667,0.8732891615032665
2018/06/14,6640.0,7000.0,6636.6,6896.6,573900,99.31270353821697,101.37087278162247,0.9827461988427342
2018/06/15,6810.0,6840.0,6603.3,6656.6,474100,96.12912599335573,98.2657170121834,0.9348816744412053
2018/06/18,6606.6,6633.3,6333.3,6350.0,331000,91.55777336420525,93.81804614883107,0.956243326665814
2018/06/19,6166.6,6363.3,6150.0,6296.6,282200,91.33787418579423,93.27867604135784,0.9525140221953246
2018/06/20,6230.0,6436.6,6136.6,6410.0,343100,92.70921615774267,95.47005010371002,0.9531729287819328
2018/06/21,6630.0,6693.3,6416.6,6506.6,330700,93.55590559369865,97.112425857298,0.9932772760300773
2018/06/22,6410.0,6510.0,6386.6,6456.6,208700,94.8469229864742,97.96325086437336,0.9901441247509908
2018/06/25,6510.0,6536.6,6256.6,6260.0,210600,91.48649618365991,94.59473607755658,0.938322485370075
2018/06/26,6156.6,6270.0,6103.3,6250.0,212300,91.15797637060473,94.18111852892548,0.9314517485829134
2018/06/27,6280.0,6373.3,6250.0,6263.3,225900,94.24805352912664,97.22268840400363,0.9342016195701015
2018/06/28,6213.3,6370.0,6156.6,6360.0,156400,95.39479739001389,98.8046363776881,0.9403489805022913
2018/06/29,6360.0,6380.0,6196.6,6303.3,172800,94.77990661387132,98.27029886087448,0.9305820018632881
2018/07/02,6290.0,6543.3,6290.0,6356.6,221600,98.78672076698484,102.31104325339831,0.9068042191948582
2018/07/03,6223.3,6320.0,6136.6,6310.0,345000,101.37863008505339,104.83882428068934,0.8992223564104739
2018/07/04,6193.3,6246.6,5940.0,6066.6,333900,93.2379145636055,96.38750142519962,0.8365889635510697
2018/07/05,6006.6,6156.6,5970.0,6000.0,242700,92.89655613005168,96.48824873094904,0.823173958745075
2018/07/06,6106.6,6243.3,6070.0,6216.6,203900,93.67669160379558,97.30027159677202,0.9279614633601491
2018/07/09,6276.6,6393.3,6236.6,6393.3,227100,93.39861352207491,96.79616588829747,0.961201233454116
2018/07/10,6500.0,6573.3,6413.3,6536.6,208600,94.10157259971017,98.06399219409374,0.9807000993089048
2018/07/11,6490.0,6520.0,6340.0,6430.0,152400,93.8782916732068,97.47553545305041,0.9745395753323465
2018/07/12,6446.6,6523.3,6313.3,6510.0,157000,92.05088261698481,96.23097875165563,1.0102929215215504
2018/07/13,6633.3,6800.0,6620.0,6766.6,287000,94.8730003694076,100.11859215199901,1.0402621519734516
2018/07/17,6743.3,6743.3,6553.3,6580.0,235200,90.54714046695781,95.42404988966484,1.05783238725814
2018/07/18,6680.0,6713.3,6483.3,6510.0,273900,88.83478025904107,93.67037950778472,1.0313964497694572
2018/07/19,6456.6,6633.3,6453.3,6543.3,221800,87.95288082855478,92.76961251981231,1.0366482984756968
2018/07/20,6453.3,6480.0,6336.6,6390.0,231800,84.794087144498,89.44471721942911,0.9994389703684123
2018/07/23,6343.3,6410.0,6306.6,6390.0,156900,85.57330936228705,89.48241074801133,1.0013831177270465
2018/07/24,6423.3,6486.6,6370.0,6443.3,118100,85.59315452721756,89.37960339082153,1.0122218769800255
2018/07/25,6433.3,6460.0,6376.6,6413.3,156000,85.12178984701687,88.74729813589504,0.9998233630844918
2018/07/26,6513.3,6603.3,6473.3,6513.3,216400,85.0264095169446,88.11751046061522,1.0256204880836202
2018/07/27,6620.0,6716.6,6380.0,6473.3,386900,86.63083634738258,90.00007179325391,0.9848593734309584
2018/07/30,6383.3,6420.0,6326.6,6346.6,231600,85.98622277621372,89.06291174509036,0.9231398851838267
2018/07/31,6333.3,6373.3,6303.3,6323.3,205500,86.20522018404195,90.3575480294848,0.9321301215406188
2018/08/01,6326.6,6390.0,6316.6,6320.0,172700,84.10728473511715,87.98853831639984,0.9252547330228176
2018/08/02,6346.6,6416.6,6303.3,6373.3,170500,87.50441294577152,91.71432056558328,0.9481801673009774
2018/08/03,6410.0,6590.0,6403.3,6466.6,205200,91.69753265959338,96.91998630270852,1.0349595440434132
2018/08/06,6410.0,6446.6,6266.6,6273.3,136700,87.48092207314352,92.86930337676513,0.9781431223196035
2018/08/07,6276.6,6356.6,6246.6,6353.3,99700,87.58915124354448,92.97484461355621,0.9794392473246789
2018/08/08,6336.6,6410.0,6283.3,6353.3,156300,87.67497722956294,93.27052294642537,0.9802035222685561
2018/08/09,6386.6,6400.0,6316.6,6340.0,144500,87.16846440523875,92.79049912687896,0.9654896302785371
2018/08/10,6313.3,6343.3,6200.0,6213.3,295600,85.6871287566275,90.91151089249483,0.9692188875094453
2018/08/13,6120.0,6130.0,5993.3,6013.3,170700,84.60080807928529,89.90112926353925,0.9546369213083976
2018/08/14,6080.0,6190.0,6073.3,6176.6,152200,84.70037807983195,90.55273999691784,0.953961448132896
2018/08/15,6170.0,6176.6,6056.6,6096.6,200000,83.8125591903147,89.76961957376656,0.9505244301882807
2018/08/16,5950.0,6063.3,5816.6,5960.0,265600,81.82711454550092,88.21464387015384,0.9368702003396073
2018/08/17,6006.6,6046.6,5876.6,5990.0,178700,80.23933026736631,86.36249339986712,0.9642706639170738
2018/08/20,5946.6,5986.6,5873.3,5896.6,207900,79.29212151301726,85.56361018859769,0.9447751312940472
2018/08/21,5766.6,5850.0,5740.0,5803.3,263400,76.16869548382394,82.68616981061669,0.9351925894133608
2018/08/22,5883.3,6026.6,5876.6,6006.6,195000,78.30319618967418,84.88394554394264,0.9605555933440304
2018/08/23,6006.6,6056.6,5970.0,6010.0,126800,77.85345708448544,84.52277407088225,0.9514332366013739
2018/08/24,6070.0,6083.3,5956.6,6023.3,87800,78.27002930311711,84.9707360450642,0.9597645776281015
2018/08/27,6083.3,6233.3,6030.0,6230.0,129700,79.96093919418648,86.74783065563145,1.0297292119952492
2018/08/28,6343.3,6423.3,6326.6,6333.3,236300,80.66997048281168,87.69950392488613,1.0446662353590879
2018/08/29,6363.3,6466.6,6360.0,6450.0,165300,83.35076159138194,90.22435945291741,1.0606662340113142
2018/08/30,6556.6,6616.6,6476.6,6586.6,271300,86.12290999660783,93.23554208960194,1.081632567067908
2018/08/31,6466.6,6650.0,6440.0,6626.6,220900,86.29320819062279,93.51699401160676,1.10698501519545
2018/09/03,6556.6,6596.6,6453.3,6460.0,132700,84.08913153504989,91.23560887458106,1.0814997486495013
2018/09/04,6400.0,6503.3,6396.6,6436.6,103700,84.8396606549683,91.95782723478744,1.0778610907811608
2018/09/05,6393.3,6450.0,6293.3,6333.3,174300,82.38811322572579,89.73740669728886,1.0609346375118407
2018/09/06,6200.0,6236.6,6093.3,6173.3,166300,79.71041401411385,87.27248316515089,1.014797123937592
2018/09/07,5863.3,6013.3,5803.3,6013.3,394000,77.24409045529596,84.57815561786977,0.9642226307695396
2018/09/10,6030.0,6073.3,5986.6,6040.0,239800,75.45388292453474,82.51212437518573,0.9707254495456491
2018/09/11,6033.3,6236.6,5970.0,6216.6,232300,75.37509024429121,82.74901666104583,1.0374200974767407
2018/09/12,6120.0,6146.6,5896.6,5976.6,319100,72.38198410310174,79.73177652235161,0.9893082043925467
2018/09/13,5800.0,6020.0,5773.3,5876.6,456100,70.15834057398268,77.15166050890574,0.9660269750991975
2018/09/14,6010.0,6243.3,6003.3,6233.3,282700,72.71469443488424,79.97230703380446,1.0756237037423546
2018/09/18,6176.6,6450.0,6080.0,6440.0,396000,72.1783381344882,78.92284900778776,1.116971575953919
2018/09/19,6493.3,6593.3,6436.6,6486.6,310000,70.98659133080054,77.28184845390732,1.1082619539937693
2018/09/20,6496.6,6500.0,6273.3,6310.0,235300,71.89354616417103,78.08836132774505,1.0688373663149282
2018/09/21,6406.6,6436.6,6316.6,6390.0,247100,71.64923514757984,77.75239441894666,1.0501257190799829
2018/09/25,6333.3,6523.3,6310.0,6466.6,184800,73.4487529088194,79.3865730506981,1.0285860753371665
2018/09/26,6416.6,6626.6,6400.0,6596.6,207400,74.76795317548593,81.0108228854876,1.057169653813594
2018/09/27,6520.0,6533.3,6310.0,6313.3,239600,70.65041157318367,76.87888453483794,1.0307953394560965
2018/09/28,6383.3,6423.3,6313.3,6340.0,142900,70.12697607010199,76.57729632308107,1.0146362115151681
2018/10/01,6346.6,6586.6,6333.3,6470.0,169600,71.28779931896668,77.99679751485694,1.0295044542641216
2018/10/02,6540.0,6593.3,6473.3,6473.3,227000,71.86992227451341,78.14352983172105,1.024154280080928
2018/10/03,6480.0,6516.6,6290.0,6320.0,156000,70.30806504938919,76.79740343530537,1.014847882451923
2018/10/04,6453.3,6483.3,6280.0,6330.0,204200,70.42679384704257,76.45956384534321,1.0204268842219273
2018/10/05,6196.6,6206.6,6026.6,6076.6,252000,69.28380355769595,74.95435585799436,0.9749183206474776
2018/10/09,5983.3,6026.6,5800.0,5850.0,394000,67.20554314242297,72.90705978645558,1.017343744533881
2018/10/10,5970.0,6036.6,5870.0,5963.3,204700,68.14887129843842,73.79897545684877,1.03263219361527
2018/10/11,5580.0,5716.6,5533.3,5603.3,308800,65.84675294752546,70.91589132903094,0.9673600229236791
2018/10/12,5533.3,5840.0,5503.3,5833.3,336100,68.22586255984918,73.45597214259033,1.113181545960679
2018/10/15,5833.3,5953.3,5743.3,5860.0,203500,70.37902507460878,75.66738642233194,1.0080358026653347
2018/10/16,5880.0,5996.6,5803.3,5993.3,208700,70.7090797705459,76.29935934582795,1.0286042201636945
2018/10/17,6190.0,6430.0,6190.0,6300.0,354300,74.68087672233888,80.34967491023407,1.1099871521631217
2018/10/18,6283.3,6283.3,6090.0,6103.3,267100,72.27886025204248,77.4929286210839,1.0745416557749303
2018/10/19,5970.0,6273.3,5940.0,6260.0,293300,73.35776980392504,78.7505705202441,1.128073164299604
2018/10/22,6126.6,6360.0,6106.6,6326.6,173700,73.54316110887467,78.91349318948824,1.1867740498035237
2018/10/23,6206.6,6256.6,5980.0,5983.3,186600,71.5006997492382,76.81832294432927,1.174843360037147
2018/10/24,6000.0,6060.0,5836.6,5880.0,211500,68.81247168700982,74.2400406423319,1.1557092729413896
2018/10/25,5480.0,5650.0,5413.3,5430.0,465600,65.45119256883346,70.1518575521903,1.10598788441263
2018/10/26,5550.0,5586.6,5360.0,5516.6,444100,67.16200768524587,71.73807109379115,1.07348829233389
2018/10/29,5643.3,5743.3,5540.0,5560.0,305700,67.18184800455126,71.91303457771706,1.0755413115749632
2018/10/30,5496.6,6026.6,5490.0,5960.0,443500,70.19481654100859,74.98759708786721,1.192541578650009
2018/10/31,6093.3,6096.6,5436.6,5990.0,686900,67.74658040067703,71.89396910792712,1.1623671616905136
2018/11/01,5900.0,5966.6,5743.3,5883.3,286800,68.11356022166002,72.04725951884667,1.1601104974029288
2018/11/02,5940.0,6413.3,5940.0,6380.0,522100,71.59501169841155,76.32883241910854,1.2245327069727185
2018/11/05,6153.3,6206.6,6040.0,6050.0,314100,68.96037638497916,73.19134971786173,1.235819181097889
2018/11/06,6030.0,6076.6,5930.0,5993.3,208400,70.26861590254605,74.14336689189118,1.21474728485944
2018/11/07,5983.3,6203.3,5933.3,6003.3,287100,68.06961820880679,72.16792120258455,1.2275969450289077
2018/11/08,6200.0,6310.0,6066.6,6070.0,235100,68.81893388007771,72.9773525133343,1.2307542874744357
2018/11/09,6033.3,6060.0,5790.0,5820.0,217000,66.96141284130441,70.69312280296688,1.1755255079428135
2018/11/12,5720.0,5886.6,5693.3,5830.0,176700,66.42956153987247,70.50945577349728,1.079474315417901
2018/11/13,5590.0,5763.3,5490.0,5723.3,229200,65.71559551369756,69.53207818664725,1.0874627078399026
2018/11/14,5763.3,5873.3,5760.0,5783.3,155800,65.96648773313255,69.51764347064105,1.0923002822677759
2018/11/15,5706.6,5856.6,5706.6,5800.0,111900,65.98935575138182,69.19371013157016,1.0866355703838022
2018/11/16,5686.6,5763.3,5506.6,5510.0,364300,61.960751297750406,64.92847814014625,0.99968827311432
2018/11/19,5523.3,5686.6,5456.6,5606.6,201100,62.625832528534595,65.96106540812137,0.9922644212967704
2018/11/20,5433.3,5543.3,5393.3,5440.0,164000,61.104053462011834,64.09658285638544,0.9747352344017413
2018/11/21,5383.3,5696.6,5383.3,5640.0,218400,62.85600199468034,66.00906025263095,1.018704869192107
2018/11/22,5606.6,5630.0,5473.3,5553.3,172100,61.41500054722508,64.43864883193788,1.0040087056559022
2018/11/26,5490.0,5513.3,5393.3,5406.6,289400,60.69865313617526,64.06450798636232,0.9910564985932834
2018/11/27,5476.6,5496.6,5393.3,5463.3,212500,62.29511328647423,65.54747111343359,0.9893053241560529
2018/11/28,5483.3,5543.3,5440.0,5526.6,151900,66.5639538662189,70.560130621069,0.9890458322018897
2018/11/29,5660.0,5666.6,5530.0,5533.3,128300,68.16086380661851,72.11005534031194,0.9416366297440908
2018/11/30,5536.6,5583.3,5483.3,5516.6,216900,69.16240958514621,72.98821023179559,0.9495301233100911
2018/12/03,5666.6,5866.6,5663.3,5796.6,231700,71.89391874965878,75.61412480935903,0.9505072447090414
2018/12/04,5736.6,5856.6,5530.0,5530.0,261100,73.03385859840607,77.2564391928252,0.9289152619959837
2018/12/05,5416.6,5530.0,5326.6,5340.0,249800,68.50586388292581,72.86616241971537,0.9020278792580535
2018/12/06,5246.6,5246.6,4876.6,5013.3,530000,62.74667624966167,66.50770526987169,0.8765282231672208
2018/12/07,5113.3,5133.3,4856.6,4893.3,313300,60.12757604516415,63.605779139905025,0.8359767131963124
2018/12/10,4763.3,4796.6,4703.3,4746.6,290000,60.65219116499128,63.99503620598579,0.8973794625445657
2018/12/11,4806.6,4813.3,4626.6,4656.6,215100,59.821315832243485,63.747328255195725,0.8898304658995035
2018/12/12,4676.6,4700.0,4550.0,4636.6,470300,60.17995744679177,64.38654190809584,0.8688729324505398
2018/12/13,4683.3,4763.3,4643.3,4680.0,300900,60.128992042491916,64.6486136524728,0.8683356578404333
2018/12/14,4640.0,4680.0,4450.0,4483.3,366900,57.54821667578985,61.437479560735696,0.8421101424079939
2018/12/17,4550.0,4613.3,4420.0,4456.6,366300,55.37509328973158,59.29936173237094,0.8525269889207097
2018/12/18,4426.6,4516.6,4343.3,4480.0,327400,56.00444560848783,60.074691947813974,0.8748457079977149
2018/12/19,4420.0,4526.6,4333.3,4460.0,365800,56.107999740768,60.20220621820452,0.8748240300158062
2018/12/20,4360.0,4403.3,4200.0,4240.0,451700,54.58428493327202,58.480363894604004,0.860448928803911
2018/12/21,4213.3,4290.0,4136.6,4246.6,439500,57.59816815381248,62.33314261258032,0.8097441063981993
2018/12/25,3993.3,4086.6,3946.6,3956.6,386400,56.29123204871027,60.793699285655414,0.7864527537940281
2018/12/26,4056.6,4120.0,4010.0,4110.0,323000,57.795826457513485,62.32083252546775,0.7800883103395935
2018/12/27,4333.3,4340.0,4193.3,4250.0,406800,57.43846509136529,61.31438703102881,0.7038856887436735
2018/12/28,4186.6,4313.3,4176.6,4283.3,210300,58.29949393061784,62.35350572706735,0.7004914932081264
2019/01/04,4043.3,4076.6,3903.3,4076.6,239000,56.286693785746365,59.34444339430349,0.6212016272870606
2019/01/07,4276.6,4306.6,4210.0,4213.3,288200,56.4286366006294,59.22176948706676,0.7370783616643642
2019/01/08,4226.6,4453.3,4226.6,4293.3,491900,57.0302907556967,60.11176146282947,0.8331997220594822
2019/01/09,4393.3,4433.3,4306.6,4396.6,322500,58.514651011242606,61.93209663709537,0.9167124774879093
2019/01/10,4360.0,4513.3,4283.3,4433.3,339600,60.360296440177066,63.6780126862198,1.0108978356605791
2019/01/11,4460.0,4503.3,4376.6,4446.6,252100,59.88503611821518,63.221094371204714,1.0494450682091363
2019/01/15,4383.3,4600.0,4346.6,4580.0,253800,60.82991750035529,64.09921102308887,1.2932283193282017
2019/01/16,4496.6,4543.3,4386.6,4503.3,333500,58.39989364659153,61.50181908053868,1.2230396998472037
2019/01/17,4503.3,4530.0,4383.3,4410.0,273100,56.6318621087307,59.134505084867804,1.0788171588485553
2019/01/18,4420.0,4823.3,4393.3,4770.0,624900,59.429547082061895,62.58715548143401,1.476308015490938
2019/01/21,4910.0,4956.6,4790.0,4890.0,501000,61.49811370608161,64.62061322315581,1.5199003284588384
2019/01/22,4873.3,4890.0,4726.6,4753.3,326400,60.812706080057474,63.832118373513424,1.4694759679034743
2019/01/23,4696.6,4810.0,4636.6,4743.3,248100,61.224212856266846,64.72255316980566,1.478555317971937
2019/01/24,4763.3,4980.0,4760.0,4956.6,469300,64.97023438731819,68.55007813291452,1.6362953937736997
2019/01/25,5040.0,5316.6,5040.0,5310.0,658100,69.75317381033825,73.58241733447983,1.6759029274004407
2019/01/28,5310.0,5380.0,5250.0,5283.3,482700,68.80769075481152,72.68978738643585,1.3197630377708418
2019/01/29,5166.6,5200.0,5036.6,5116.6,547100,66.56968332203776,70.479123162503,1.290735116026353
2019/01/30,5250.0,5336.6,5143.3,5190.0,381000,68.50136602159932,72.20469207719046,1.3273988652947692
2019/01/31,5156.6,5410.0,5143.3,5360.0,619600,69.09821391938924,72.92966168421279,1.365468289978744
2019/02/01,5266.6,5436.6,5243.3,5270.0,376500,68.58128401779857,72.98378770741334,1.3473866446118299
2019/02/04,5206.6,5346.6,5203.3,5323.3,203700,69.88374102602435,74.20660840191925,1.2889029363726647
2019/02/05,5340.0,5396.6,5320.0,5330.0,175300,69.91782200593542,74.27972418514182,1.2789092657309005
2019/02/06,5410.0,5430.0,5323.3,5403.3,138000,72.54613215991314,77.38017785914661,1.2828417804867938
2019/02/07,5490.0,5633.3,5453.3,5523.3,324000,73.23000104883623,78.11857585465066,1.2531378799636461
2019/02/08,5356.6,5400.0,5186.6,5256.6,348800,71.91615759480354,76.94130216895854,1.2386362852566661
2019/02/12,5340.0,5596.6,5293.3,5573.3,298800,74.31228686519002,79.67255628712219,1.2824337059640445
2019/02/13,5576.6,5640.0,5533.3,5600.0,316400,74.07568579266123,79.32422833193243,1.2618175292813079
2019/02/14,5600.0,5623.3,5526.6,5560.0,266800,70.45224755275675,75.03471723408639,1.2549658556134708
2019/02/15,5500.0,5526.6,5410.0,5420.0,261700,71.23853192733768,75.5075339495314,1.2243360520072268
2019/02/18,5566.6,5583.3,5473.3,5546.6,245200,71.12160790524732,75.72444388339959,1.172189934292593
2019/02/19,5546.6,5556.6,5453.3,5453.3,146400,70.74788533478494,75.41125717504971,1.1506851362978998
2019/02/20,5530.0,5550.0,5410.0,5443.3,144500,69.00650173499481,73.49286555330139,1.1437512909160525
2019/02/21,5443.3,5546.6,5383.3,5460.0,255400,68.20669431777601,72.89058758421493,1.1611940798098646
2019/02/22,5353.3,5410.0,5316.6,5356.6,244700,67.29645227046143,72.03929891401401,1.1339243689157026
2019/02/25,5453.3,5553.3,5430.0,5436.6,175400,68.0881930736095,72.45008819443876,1.0239856377373717
2019/02/26,5436.6,5493.3,5370.0,5396.6,159000,66.66531757619582,70.70258657303809,1.0192843323636833
2019/02/27,5383.3,5403.3,5310.0,5353.3,177900,65.21702177671122,69.5160888505469,1.001700799294724
2019/02/28,5300.0,5303.3,5096.6,5113.3,334900,62.2340921868231,66.31268774313065,0.9589643563995126
2019/03/01,5166.6,5286.6,5156.6,5216.6,356800,62.25111589548774,67.12798341500337,0.9578464247078823
2019/03/04,5273.3,5610.0,5273.3,5546.6,379500,66.88288543832637,72.22579895425201,1.15337665403785
2019/03/05,5463.3,5526.6,5326.6,5360.0,263400,63.355951036923294,68.1213741481263,1.0892333446186295
2019/03/06,5306.6,5316.6,5216.6,5263.3,171700,61.51357196182043,65.94254118167815,1.0611954350282142
2019/03/07,5140.0,5146.6,4953.3,4960.0,369900,56.73478570428817,60.81996500656411,0.9513318158939261
2019/03/08,4870.0,4906.6,4750.0,4816.6,315200,56.81480508158895,60.702252550911474,0.9301673404286591
2019/03/11,4843.3,4893.3,4726.6,4846.6,203500,57.0053797882753,60.75756245032412,0.9111463405570019
2019/03/12,5000.0,5043.3,4943.3,4943.3,264800,58.63094582031967,62.5944864921145,0.907013633257062
2019/03/13,4856.6,4923.3,4796.6,4843.3,184500,59.544454597528414,63.73905115093277,0.8981794669908354
2019/03/14,4790.0,4833.3,4690.0,4736.6,345100,58.807547948624816,63.02746223926374,0.8807372450599632
2019/03/15,4746.6,4840.0,4743.3,4776.6,274800,59.03247287241364,63.30239663111426,0.9082767485529515
2019/03/18,4876.6,4930.0,4816.6,4846.6,290000,59.91723698668636,64.17187859022759,0.9186115018708293
2019/03/19,4790.0,4863.3,4753.3,4856.6,211800,60.38581288192518,64.92276218838894,0.9227969820691038
2019/03/20,4880.0,4966.6,4870.0,4950.0,271200,61.038364738837636,65.3619835984441,0.9424707651573826
2019/03/22,5260.0,5313.3,5083.3,5133.3,542100,64.58962527351805,69.75595854724567,1.0491716472809482
2019/03/25,4976.6,5036.6,4956.6,5016.6,342400,65.86389551120774,70.49416139073773,1.0652497972201405
2019/03/26,5080.0,5203.3,5016.6,5166.6,297700,67.36330154261971,71.86560158508435,1.0589858240514753
2019/03/27,5233.3,5300.0,5150.0,5236.6,288100,68.59522529536751,73.63048868462863,1.0830665363074838
2019/03/28,5150.0,5253.3,5050.0,5216.6,287700,70.53334295125605,75.48217944968619,1.1020234674754246
2019/03/29,5286.6,5326.6,5190.0,5256.6,221100,69.51891395727466,74.09550341711919,1.1321966019420455
2019/04/01,5390.0,5513.3,5370.0,5466.6,337500,71.05865600469711,75.57040027638674,0.9552878851171934
2019/04/02,5700.0,6006.6,5700.0,5803.3,651000,76.00285239076396,81.15033724664002,1.0393610842754228
2019/04/03,5913.3,6206.6,5913.3,6123.3,651900,81.35703262845207,87.16937981433175,1.1239501326104024
2019/04/04,6123.3,6213.3,5956.6,5986.6,553500,80.17048987603015,85.65836632879724,1.1554428673608073
2019/04/05,6040.0,6206.6,6026.6,6163.3,361000,82.37129924678818,88.08044262315558,1.2855597241389674
2019/04/08,6216.6,6250.0,5983.3,6036.6,278000,80.64624530094562,86.24017008187695,1.3892910650495156
2019/04/09,6060.0,6196.6,6033.3,6190.0,302800,81.45291385860205,87.18098431634048,1.4543734125377077
2019/04/10,6016.6,6083.3,5970.0,6080.0,270800,78.85691618533424,84.62907952690136,1.4281315664252632
2019/04/11,5980.0,6053.3,5936.6,6000.0,402200,77.63785179586648,83.24637413822754,1.408142643051703
2019/04/12,5976.6,6013.3,5873.3,6000.0,232300,76.3719910122134,82.61585786524549,1.4213789347139143
2019/04/15,6100.0,6113.3,5953.3,6046.6,340000,76.51788351280881,82.8545756948509,1.4208267131369023
2019/04/16,6003.3,6063.3,5976.6,6033.3,180800,76.47342890681574,82.73346624986007,1.3973867122454462
2019/04/17,6103.3,6443.3,6070.0,6400.0,577100,80.00392826375341,86.3057735182729,1.5724301688683924
2019/04/18,6496.6,6543.3,6306.6,6320.0,309500,83.50207597035991,90.0810021741429,1.6022966570063628
2019/04/19,6390.0,6623.3,6390.0,6583.3,408000,89.98585133454979,97.6228933360659,1.7134208291944446
2019/04/22,6600.0,6636.6,6520.0,6570.0,315500,90.80115415855866,98.79304045529953,1.5222996114023584
2019/04/23,6536.6,6550.0,6383.3,6433.3,235200,88.89058873933847,96.84980707105186,1.4806949523333888
2019/04/24,6453.3,6526.6,6406.6,6440.0,191000,89.71425640276995,98.31036019610777,1.5006531117763764
2019/04/25,6383.3,6500.0,6350.0,6446.6,196700,87.08552525146315,95.19570169685403,1.4834991205163826
2019/04/26,6260.0,6376.6,6196.6,6360.0,259800,99.89353149520198,108.70756145752433,1.3606924967822143
2019/05/07,6166.6,6180.0,6016.6,6026.6,437300,89.24180548036283,96.70120961153579,1.2072582665533493
2019/05/08,5833.3,5963.3,5783.3,5843.3,388100,86.88177562192614,94.44029806941727,1.1975205348417992
2019/05/09,6000.0,6150.0,5736.6,5736.6,464700,87.86029787943899,95.81421069547493,1.1233616555984618
2019/05/10,5756.6,5950.0,5736.6,5830.0,327200,86.41499379638279,93.89143982016908,1.1572041911484283
2019/05/13,5750.0,5766.6,5583.3,5600.0,251400,84.19758529191373,91.43778588564253,1.1342828363122874
2019/05/14,5363.3,5686.6,5310.0,5623.3,328800,85.42249330778859,92.74965399223002,1.1419066785434207
2019/05/15,5680.0,5810.0,5680.0,5796.6,239000,88.27843103269149,95.99931421891425,1.1519385692499067
2019/05/16,5883.3,5896.6,5613.3,5663.3,307400,87.06076941186105,94.43549428977734,1.124762789397513
2019/05/17,5650.0,5783.3,5640.0,5656.6,256000,88.54792507120167,95.83934985873435,0.9719634638266191
2019/05/20,5590.0,5666.6,5426.6,5470.0,285800,86.99118788755375,93.96950255329031,0.8891916134191395
2019/05/21,5336.6,5410.0,5176.6,5326.6,517600,85.090814191186,92.01984905620212,0.859513570310284
2019/05/22,5453.3,5513.3,5276.6,5280.0,287000,83.76329903179277,91.33119969843325,0.8525689264852607
2019/05/23,5213.3,5213.3,5056.6,5066.6,337300,80.41866592384079,87.37733060851625,0.8244067974363276
2019/05/24,4990.0,5156.6,4943.3,5156.6,366800,81.37997769248928,87.9935927695586,0.8418309116109026
2019/05/27,5096.6,5186.6,5040.0,5060.0,206100,78.81910767135888,84.9921857560034,0.8207981267559857
2019/05/28,5083.3,5160.0,5033.3,5093.3,375800,77.70469531310843,83.93285784043123,0.8208753239868846
2019/05/29,5030.0,5103.3,5006.6,5096.6,317000,78.34211936135944,84.44448505953669,0.8387712324031763
2019/05/30,5130.0,5186.6,5066.6,5173.3,254100,80.06385985594423,86.14473807713972,0.8520147097902504
2019/05/31,5150.0,5163.3,5043.3,5056.6,271600,77.1553551065147,82.92129112516878,0.8530458605779674
2019/06/03,4983.3,5073.3,4946.6,4986.6,269700,78.48264328890454,84.38202538089283,0.8517625221133642
2019/06/04,4986.6,5106.6,4956.6,5086.6,281000,78.64331444541504,84.31203279445215,0.8648810309740133
2019/06/05,5266.6,5313.3,5233.3,5253.3,265500,82.67318734721675,88.1949195278014,0.8656675938394461
2019/06/06,5183.3,5216.6,5116.6,5130.0,180300,80.3243759597068,85.77469880163791,0.8476959928517812
2019/06/07,5210.0,5310.0,5210.0,5293.3,221900,83.56453101190854,89.39880236087811,0.8726834057714059
2019/06/10,5456.6,5493.3,5336.6,5380.0,200800,85.49367023181232,91.16822321509302,0.898371171660566
2019/06/11,5513.3,5603.3,5460.0,5596.6,306200,90.57764802615813,96.3972480013788,0.9170683830749616
2019/06/12,5560.0,5613.3,5510.0,5523.3,213500,90.05193289505367,95.9717710024703,0.9141459134727107
2019/06/13,5406.6,5416.6,5280.0,5333.3,241200,83.60732252444126,89.49226864753508,0.8983331819803922
2019/06/14,5323.3,5323.3,5216.6,5226.6,237900,84.96817885666358,90.81926040302953,0.8910712671142917
2019/06/17,5023.3,5093.3,4963.3,5046.6,401200,85.32933646991823,91.43274560415135,0.9180584320720023
2019/06/18,5050.0,5103.3,5033.3,5066.6,216900,85.47547419941938,91.79590957015992,0.9137800726165889
2019/06/19,5333.3,5433.3,5266.6,5380.0,366800,88.73719833082967,94.58851931012457,0.946680932878078
2019/06/20,5463.3,5573.3,5313.3,5560.0,333900,90.34950315485182,95.89993023342456,1.0441436650193419
2019/06/21,5560.0,5600.0,5430.0,5463.3,265900,89.62371434132689,95.50429210729328,1.0553014245421124
2019/06/24,5386.6,5410.0,5336.6,5353.3,166600,89.7430030013577,95.49064645674669,1.114844370987081
2019/06/25,5346.6,5373.3,5280.0,5303.3,126300,89.44976186914978,95.16494210911675,1.1138796331923235
2019/06/26,5326.6,5540.0,5326.6,5510.0,302000,92.91733902341555,99.27427688047773,1.2027230319908695
2019/06/27,5636.6,5843.3,5636.6,5813.3,358400,95.39734140626123,101.62744407790878,1.2388334744159615
2019/06/28,5850.0,5923.3,5780.0,5893.3,305600,98.01553397189964,104.32996064359,1.2429474731541477
2019/07/01,6183.3,6270.0,6100.0,6250.0,435300,98.69385258429585,105.17462442748338,1.269724904567722
2019/07/02,6223.3,6330.0,6170.0,6316.6,199400,100.24848812292504,106.58749302125554,1.3070964372967873
2019/07/03,6133.3,6176.6,5930.0,5996.6,428600,99.20647603844603,105.96200699569755,1.1821778634167486
2019/07/04,6013.3,6023.3,5873.3,5946.6,340600,98.40005063483623,104.49759211966459,1.147896398705079
2019/07/05,6033.3,6156.6,5983.3,6140.0,325400,98.95748097700604,104.90506607576387,1.2443024439223804
2019/07/08,6070.0,6156.6,6043.3,6123.3,271800,98.0799452976375,103.87089323839105,1.2485749494933391
2019/07/09,6086.6,6126.6,6030.0,6100.0,186500,96.0544682083963,101.68991477950694,1.2454136855892932
2019/07/10,6086.6,6193.3,6073.3,6150.0,258000,97.41645402348766,103.59252984553731,1.2559951965503164
2019/07/11,6183.3,6340.0,6183.3,6323.3,353500,99.57540421347046,105.19552798571287,1.2588128381097194
2019/07/12,6286.6,6290.0,6170.0,6193.3,231600,95.37436831796423,100.45548569446434,1.2427835680113852
2019/07/16,6280.0,6360.0,6200.0,6200.0,209300,99.30959804397881,104.81482186175958,1.3582959790618163
2019/07/17,6110.0,6273.3,6010.0,6250.0,260700,101.93134048282107,107.26416197605484,1.3484831431212951
2019/07/18,6206.6,6280.0,6186.6,6220.0,227300,102.82070647086606,108.39969163002775,1.4765298019526578
2019/07/19,6346.6,6580.0,6343.3,6480.0,480400,107.22308274566768,113.1459361555662,1.4856716384135369
2019/07/22,6466.6,6623.3,6460.0,6600.0,348500,108.0135786668029,115.3864682297176,1.4670783430916958
2019/07/23,6733.3,6776.6,6670.0,6706.6,301700,108.3690937150446,115.89882555781845,1.4694329878281438
2019/07/24,6800.0,6896.6,6770.0,6880.0,295000,111.74750876112599,119.42694555390057,1.5571473241812466
2019/07/25,6983.3,7273.3,6923.3,7210.0,605000,114.9212141730511,123.8811025607794,1.96473768738402
2019/07/26,6816.6,6876.6,6633.3,6680.0,901300,108.21789733371851,116.60443918683666,1.4151235196818015
2019/07/29,6580.0,6680.0,6540.0,6573.3,356700,108.01848434526238,116.75017144366603,1.2109700214711656
2019/07/30,6610.0,6796.6,6610.0,6780.0,321700,111.39304383871806,119.31614232749035,1.292440652317119
2019/07/31,6633.3,6763.3,6620.0,6743.3,192000,112.77183832843222,120.64701665382628,1.287652229753595
2019/08/01,6593.3,6760.0,6580.0,6706.6,191100,109.97568817213086,117.63280836128082,1.2452025110046236
2019/08/02,6453.3,6583.3,6380.0,6583.3,323600,108.7471352867045,115.68789570920184,1.4595389215965744
2019/08/05,6320.0,6393.3,6200.0,6273.3,473800,108.62454145188103,115.0755704305788,1.371964376342719
2019/08/06,6086.6,6410.0,6016.6,6356.6,376500,110.14899153583066,116.52361043654228,1.3830565720026353
2019/08/07,6250.0,6306.6,6186.6,6253.3,261700,108.63366918264231,114.48857768609938,1.3531848122305772
2019/08/08,6246.6,6306.6,6186.6,6250.0,312700,108.17857544117464,114.46608391824759,1.354676778081509
2019/08/09,6273.3,6373.3,6273.3,6306.6,239500,109.41797835797662,116.10212679225845,1.3502935431916578
2019/08/13,6210.0,6303.3,6100.0,6276.6,268800,111.06105758311762,116.95719104020381,1.309394541000947
2019/08/14,6460.0,6613.3,6460.0,6493.3,282300,114.49469264930934,120.60814986749364,1.3988757434905212
2019/08/15,6323.3,6490.0,6296.6,6476.6,275500,118.1809859839944,123.556190894673,1.4102103808385684
2019/08/16,6423.3,6590.0,6390.0,6550.0,256700,119.26463327086472,124.97429016492771,1.3982187321547217
2019/08/19,6706.6,6726.6,6413.3,6413.3,235200,117.41496259388727,123.16072322827087,1.148350875947335
2019/08/20,6420.0,6503.3,6356.6,6490.0,180500,120.17560128186608,125.0923793866885,1.1611629368934206
2019/08/21,6400.0,6523.3,6400.0,6486.6,113500,117.1254275049932,122.47599733301104,1.167025769633166
2019/08/22,6506.6,6610.0,6503.3,6566.6,165100,118.70431453258459,123.85993096829009,1.1827550898859365
2019/08/23,6560.0,6586.6,6393.3,6446.6,224800,116.79910075761839,121.77184911347388,1.0556599485977125
2019/08/26,6233.3,6333.3,6226.6,6260.0,196800,113.07134085276927,117.53994180944683,1.006300326145963
2019/08/27,6353.3,6440.0,6330.0,6340.0,165100,111.64213464586146,116.36393423495461,1.0228692275559566
2019/08/28,6366.6,6396.6,6250.0,6253.3,163700,108.16438087110016,113.16462190999827,0.9700269362743523
2019/08/29,6283.3,6336.6,6250.0,6266.6,152100,106.34130476151071,111.0374328582524,0.9103722361451513
2019/08/30,6410.0,6533.3,6406.6,6433.3,255800,107.21488460812904,111.43421324202573,0.9324716353864475
2019/09/02,6506.6,6733.3,6480.0,6706.6,303400,114.32580069931382,118.65321370974804,1.1905534567427192
2019/09/03,6706.6,6750.0,6636.6,6660.0,151400,113.86412842725477,117.67858339547371,1.175530736567402
2019/09/04,6680.0,6706.6,6546.6,6690.0,265700,115.5138316098805,119.52307505875868,1.1878016868670085
2019/09/05,6810.0,7016.6,6810.0,6980.0,382900,120.5854053106504,124.70620149878474,1.172172067064356
2019/09/06,7000.0,7050.0,6910.0,6946.6,230000,121.55552525260198,126.58414876667953,1.1578000781674123
2019/09/09,6893.3,6953.3,6733.3,6770.0,292200,117.63124284380481,121.94983652168587,1.0957891161837652
2019/09/10,6723.3,6773.3,6570.0,6580.0,440500,112.14226737662165,115.41936386975478,1.0086613095269044
2019/09/11,6540.0,6653.3,6520.0,6650.0,258000,116.45436254293544,118.83142136030744,1.001030193354682
2019/09/12,6833.3,7106.6,6693.3,7066.6,394200,126.1171162564154,128.9132783924619,1.1326834090263163
2019/09/13,7200.0,7210.0,6990.0,7130.0,318200,120.14115568718064,122.82243810950601,1.0944785746890118
2019/09/17,7066.6,7223.3,7043.3,7220.0,218200,119.3436996264698,122.20101622105229,1.14600147439537
2019/09/18,7266.6,7310.0,7213.3,7233.3,276100,120.2036001667491,123.93813632125223,1.1461287535849987
2019/09/19,7316.6,7346.6,7170.0,7233.3,316100,123.11091362485205,126.83160594210318,1.1531657654157181
2019/09/20,7200.0,7226.6,7030.0,7096.6,289600,120.06583468438934,123.96173695703341,1.1188772351163956
2019/09/24,7160.0,7296.6,7036.6,7053.3,319600,118.16143142316137,122.48055143774441,1.1282314158655424
2019/09/25,6906.6,6976.6,6856.6,6866.6,285000,113.61183851283747,117.04553318290658,1.1026716831330154
2019/09/26,6983.3,6996.6,6830.0,6853.3,249600,117.16202094190902,120.37924035305703,1.0936958281831364
2019/09/27,6833.3,7010.0,6586.6,6990.0,314000,121.54594044219297,124.89082872830413,1.1394264872157542
2019/09/30,6823.3,6906.6,6753.3,6820.0,253600,117.47353554658338,120.68925868869162,0.9826095290357059
2019/10/01,6940.0,7000.0,6890.0,7000.0,179000,119.92282831698805,123.0469236177874,0.9860359664944955
2019/10/02,6913.3,6963.3,6876.6,6883.3,176700,120.57685848986443,122.99813119875847,0.9787977095408541
2019/10/03,6826.6,6956.6,6816.6,6900.0,256900,122.4575038647649,125.14628136524884,1.0039217971769032
2019/10/04,6946.6,7103.3,6933.3,6960.0,246700,127.23530918502823,130.53981213042834,1.0018972823626175
2019/10/07,7066.6,7090.0,6903.3,6916.6,182600,129.81575194172288,132.39331284007736,1.0254980344486917
2019/10/08,6956.6,7156.6,6950.0,7140.0,170500,132.68937975380248,135.485000848506,1.0551276275510286
2019/10/09,7000.0,7023.3,6880.0,6986.6,224900,128.35188170946213,130.6529494599589,1.0451610167432182
2019/10/10,7003.3,7006.6,6780.0,6996.6,231000,130.88466307955312,134.375401376847,1.0981074005253961
2019/10/11,7096.6,7173.3,7036.6,7106.6,181400,126.83445835648992,130.01328361357903,1.109273312203089
2019/10/15,7233.3,7303.3,7170.0,7266.6,256600,123.11278244670912,126.31237340652757,1.0161975903251041
2019/10/16,7370.0,7433.3,7203.3,7266.6,240500,117.2326533954135,121.16546179393848,1.0099368414867393
2019/10/17,7170.0,7273.3,7143.3,7206.6,289100,119.16206301783629,123.92803521736366,1.0066940972289518
2019/10/18,7176.6,7233.3,7066.6,7203.3,273700,115.2702537329845,120.09570467681945,1.0016065421607496
2019/10/21,7180.0,7343.3,7180.0,7226.6,204100,114.55958045935992,118.90451149925485,1.0408737267938544
2019/10/23,7276.6,7280.0,6960.0,7060.0,320300,117.2331426637054,121.08903128809881,1.0114252669736645
2019/10/24,7106.6,7166.6,7020.0,7100.0,285200,122.23827776245997,127.3488494470267,1.0198677603130737
2019/10/25,7666.6,8120.0,7640.0,7920.0,1100100,133.39597536498448,139.0004321131839,1.4148124797569412
2019/10/28,7966.6,8403.3,7953.3,8380.0,613900,139.39948596632829,145.33681645282138,1.6718362204382076
2019/10/29,8423.3,8483.3,8196.6,8366.6,540200,131.1108228760383,136.0547170711538,1.6597856326195046
2019/10/30,8356.6,8356.6,8056.6,8130.0,392700,130.24407195433773,134.11467037775628,1.581510434801961
2019/10/31,8120.0,8173.3,7810.0,7960.0,366200,127.98426555017643,132.46078609830752,1.4990198593938564
2019/11/01,7793.3,7980.0,7750.0,7883.3,212600,120.27982412994629,122.98881337663543,1.5116180998462505
2019/11/05,7993.3,8016.6,7800.0,7870.0,427100,125.07721432815319,128.61519815636544,1.520076435598719
2019/11/06,7856.6,7883.3,7746.6,7873.3,288500,124.29474598386096,127.89720863180307,1.5018103841979744
2019/11/07,7873.3,7916.6,7686.6,7743.3,199600,122.95513575752737,126.29866421238587,1.4267960076435975
2019/11/08,7896.6,7920.0,7676.6,7710.0,243700,126.00893664971862,130.15658718368482,1.441776355264898
2019/11/11,7753.3,7883.3,7720.0,7766.6,161500,127.15436430029045,130.7098851095088,1.4185493561249092
2019/11/12,7720.0,7826.6,7703.3,7800.0,179500,126.37949324614853,130.60776365233656,1.4002996555591085
2019/11/13,7740.0,7863.3,7713.3,7853.3,149900,127.21309336981064,131.075231845227,1.4122101919941674
2019/11/14,7820.0,7946.6,7806.6,7810.0,225100,126.87007613339776,131.02338395335724,1.459067807793394
2019/11/15,7743.3,7936.6,7723.3,7863.3,202500,132.77048328201727,137.0430207598813,1.483135189705295
2019/11/18,7900.0,8106.6,7900.0,8090.0,204300,134.46212727399012,138.9397815346836,1.508794467372557
2019/11/19,8066.6,8080.0,7893.3,7913.3,173300,134.7888770832909,139.37291500978907,1.479370661177219
2019/11/20,7770.0,7800.0,7566.6,7600.0,416500,125.19905760641666,128.75805982649942,1.4396447751705088
2019/11/21,7473.3,7526.6,7323.3,7436.6,337400,125.82190842186414,129.1238178274378,1.5616651604161274
2019/11/22,7343.3,7533.3,7293.3,7393.3,271700,129.04925850410126,131.96432554905303,1.5479788737401423
2019/11/25,7526.6,7676.6,7466.6,7670.0,265500,132.84485182739314,135.96904594583964,0.8576412060713606
2019/11/26,7813.3,7890.0,7753.3,7756.6,307200,133.34537262752727,136.85328590672265,0.8651883786529231
2019/11/27,7873.3,8006.6,7833.3,7956.6,307100,136.22486706690623,139.14601760234729,0.9081302023803683
2019/11/28,7880.0,7986.6,7823.3,7836.6,127800,134.68954538167785,137.59724740332624,0.8827068077064434
2019/11/29,7863.3,7970.0,7806.6,7873.3,184900,136.94337785959164,140.04020355714016,0.9861946014887963
2019/12/02,7933.3,7953.3,7836.6,7850.0,96700,129.92920094477387,133.41475831603975,1.1031830273392207
2019/12/03,7703.3,7890.0,7703.3,7886.6,158200,134.41800789535034,137.80760558702582,1.116527534722226
2019/12/04,7766.6,7853.3,7740.0,7803.3,139100,138.44921589184656,140.7431079200398,1.1004947265889238
2019/12/05,7910.0,7926.6,7716.6,7783.3,155800,143.26947189012924,146.10790237462686,1.0879232750848584
2019/12/06,7833.3,7883.3,7786.6,7883.3,143900,149.54446110743507,152.36780916381883,1.1011043564086056
2019/12/09,7970.0,7990.0,7850.0,7876.6,95300,150.28167918066362,153.19711247327135,1.16460791121666
2019/12/10,7806.6,7850.0,7693.3,7813.3,229000,151.57596434950088,153.60620867244884,1.1384025621754064
2019/12/11,7963.3,8050.0,7810.0,7863.3,234600,156.62082164767253,158.87816585531965,1.1555040473005125
2019/12/12,7963.3,8326.6,7936.6,8233.3,465900,163.84414163141804,166.04654092235313,1.2578061497973565
2019/12/13,8343.3,8470.0,8293.3,8413.3,288500,166.97144082111492,171.71610427256124,1.2608023340582133
2019/12/16,8463.3,8616.6,8423.3,8560.0,191100,172.4643720823951,176.29727504041654,1.2240475606538206
2019/12/17,8706.6,8880.0,8673.3,8716.6,354800,170.71173109860618,174.00001566281563,1.2553644923826641
2019/12/18,8760.0,8846.6,8586.6,8663.3,251000,170.33143528834893,173.88024314662846,1.2445730736098364
2019/12/19,8816.6,8870.0,8683.3,8783.3,242500,177.0130665388875,181.02810506855354,1.303734333689792
2019/12/20,8680.0,8766.6,8643.3,8746.6,177100,174.39798198261144,176.86430334498192,1.353100216126044
2019/12/23,8806.6,8816.6,8663.3,8670.0,137800,176.21135468437674,179.35838627239218,1.1758419698955902
2019/12/24,8650.0,8716.6,8606.6,8623.3,117000,175.19256443318213,178.51615984701758,1.1718014352609853
2019/12/25,8666.6,8730.0,8596.6,8696.6,83900,171.95278184832122,175.9555944321531,1.1838649325302575
2019/12/26,8700.0,8756.6,8660.0,8716.6,109300,172.11547624032872,177.89915268565866,1.1648327421832827
2019/12/27,8796.6,8796.6,8680.0,8696.6,82500,170.47350539697197,175.02661437751948,1.1141789068364365
2019/12/30,8700.0,8700.0,8540.0,8633.3,103600,175.12107121498485,180.99514840828334,1.1104732714489736
2020/01/06,8500.0,8596.6,8480.0,8593.3,144200,176.13028298375437,181.73323739380885,1.116104498237884
2020/01/07,8650.0,8676.6,8573.3,8670.0,126500,173.06175987835482,177.75464126273374,1.1546249006465474
2020/01/08,8530.0,8623.3,8400.0,8593.3,195400,172.05678424979678,176.3502543623734,1.2123199981176878
2020/01/09,8676.6,8916.6,8676.6,8910.0,264900,170.70436558263637,176.91332170096865,1.2693194790314888
2020/01/10,9066.6,9196.6,8890.0,8966.6,328700,172.13625270984213,177.77676088064618,1.2420548746425404
2020/01/14,8966.6,9076.6,8940.0,8996.6,236000,168.06221092623244,174.10792120063198,1.110498645955318
2020/01/15,8996.6,8996.6,8823.3,8846.6,160900,167.91355328330945,174.51179045671955,1.0934033913387564
2020/01/16,8800.0,8800.0,8613.3,8676.6,313300,167.72197889544347,175.63398092820347,1.0187825053663384
2020/01/17,8786.6,8813.3,8506.6,8556.6,393100,154.19969761419114,161.00019359634618,0.9547932067818368
2020/01/20,8646.6,8800.0,8630.0,8800.0,207800,154.8209535752921,161.61506730306917,1.0042059146643634
2020/01/21,8903.3,8910.0,8686.6,8686.6,195500,157.92508282241283,163.9427523305409,0.9907149345494258
2020/01/22,8666.6,8900.0,8666.6,8900.0,222400,160.79259645325646,166.42911224936688,1.021579575496858
2020/01/23,8856.6,8976.6,8790.0,8943.3,228200,156.00992242194607,161.8832463179997,1.0470072628601133
2020/01/24,9233.3,9330.0,9006.6,9226.6,632700,151.49051954591846,157.25704697597985,1.1246725972946794
2020/01/27,8893.3,9070.0,8816.6,8906.6,435200,149.12125237985236,154.01907376749142,1.1008524478920754
2020/01/28,8746.6,8906.6,8623.3,8880.0,403000,154.4818184382393,159.68826157591596,1.0978806617592047
2020/01/29,8933.3,9043.3,8870.0,9030.0,278700,152.9808426280714,158.71896946306,1.1144529720330918
2020/01/30,9013.3,9096.6,8703.3,8746.6,395400,147.52867483095622,152.7299051934861,1.0911029196389137
2020/01/31,8856.6,8876.6,8593.3,8613.3,340800,146.41813574379663,151.815133499849,1.05983431481254
2020/02/03,8220.0,8466.6,8173.3,8426.6,363800,143.90724707737795,149.65329242010412,1.0384867846106534
2020/02/04,8426.6,8580.0,8380.0,8520.0,242800,144.3379924491056,150.22990756198365,1.042172598366828
2020/02/05,8736.6,8763.3,8630.0,8670.0,254700,143.63047350737955,149.17155157690317,1.0506579165488856
2020/02/06,8786.6,8910.0,8700.0,8860.0,203400,139.43193309029544,144.9010453802421,1.0655865903403563
2020/02/07,8866.6,8910.0,8760.0,8823.3,209200,143.2332940770466,149.1745053662784,1.0580370863375008
2020/02/10,8656.6,8816.6,8620.0,8743.3,145100,138.1890229721854,143.46424991304602,0.9653936401482219
2020/02/12,8796.6,9016.6,8780.0,9016.6,214600,142.67875887266402,148.8720583480989,1.0241957671399973
2020/02/13,9030.0,9190.0,8996.6,9020.0,287100,143.92893136808834,150.5564360242722,1.0284684915155922
2020/02/14,9096.6,9190.0,8933.3,8953.3,324700,145.75462682953204,153.00791798703543,1.0253053147350364
2020/02/17,8833.3,8873.3,8703.3,8703.3,308700,141.96109636316874,148.93456839851842,1.0610718699060169
2020/02/18,8466.6,8510.0,8073.3,8083.3,672500,136.1416567644612,142.9604975116242,0.933897683687278
2020/02/19,8200.0,8400.0,8150.0,8370.0,539900,140.82725187063576,148.39667666024627,0.9956929991487937
2020/02/20,8536.6,8610.0,8200.0,8246.6,463300,138.07505661538556,145.53628742302226,0.9909536993743815
2020/02/21,8250.0,8406.6,8226.6,8236.6,220600,140.87055950299478,147.84263096685166,0.9648074095703585
2020/02/25,7700.0,8033.3,7653.3,7886.6,361000,138.6666880344096,146.04443693291688,0.8711852714165002
2020/02/26,7773.3,7940.0,7720.0,7903.3,308100,141.9089668303964,148.94398542309062,0.8759129073410146
2020/02/27,7900.0,7910.0,7633.3,7663.3,298800,146.02511436261634,153.65478297741146,0.852758320991731
2020/02/28,7443.3,7473.3,7216.6,7293.3,481900,142.84945453262682,149.51182545022186,0.7989197988172719
2020/03/02,7233.3,7710.0,7203.3,7663.3,418400,141.25599467995295,147.37250260523288,0.9112848525421269
2020/03/03,7830.0,7903.3,7496.6,7500.0,348000,144.1965929374843,150.5337527508094,0.8903470537336167
2020/03/04,7333.3,7716.6,7310.0,7616.6,272800,148.11837571056182,155.57087436176653,0.927275209297064
2020/03/05,7763.3,7816.6,7420.0,7523.3,327300,152.58179824279122,160.2805844370602,0.8820187013842666
2020/03/06,7433.3,7536.6,7270.0,7333.3,296700,154.2742962134848,162.69885360527812,0.8646792125979662
2020/03/09,7000.0,7086.6,6780.0,6826.6,319700,151.0521660408399,160.37147817312794,0.776700777793289
2020/03/10,6716.6,7226.6,6513.3,7180.0,540100,157.21194907863918,165.77424683717268,0.8608421522878998
2020/03/11,7170.0,7250.0,6853.3,6860.0,397400,155.31099315650974,162.8011632751082,0.8167084085848966
2020/03/12,6760.0,7023.3,6603.3,6750.0,688000,163.44913117271338,170.4543284308717,0.7553936809040653
2020/03/13,6093.3,6646.6,6013.3,6370.0,573000,164.11244484485593,169.393882878167,0.7036117739356559
2020/03/16,6436.6,6573.3,6073.3,6093.3,335900,159.60861980091622,164.09482264267027,0.7392200905113449
2020/03/17,5900.0,6530.0,5856.6,6480.0,787200,169.15545697518039,169.37675469896797,0.8065872818015163
2020/03/18,6583.3,6736.6,6416.6,6550.0,648500,170.94751406680587,168.09456975724962,0.8139443635868209
2020/03/19,6770.0,6810.0,5886.6,5986.6,624700,152.3752560088023,146.96774758158614,0.834376089632658
2020/03/23,5930.0,6283.3,5893.3,6180.0,510600,153.02137290675572,150.40342145531267,0.8644967780087076
2020/03/24,6633.3,7090.0,6580.0,7090.0,582100,162.5309062392287,166.54863561755027,1.1039094616058902
2020/03/25,7423.3,7520.0,7023.3,7426.6,456400,155.11387310393016,160.2248514153924,1.0694633596892342
2020/03/26,7260.0,7440.0,6963.3,7073.3,444100,152.80331225491653,153.37594809429268,0.9894534193723489
2020/03/27,7426.6,7496.6,7143.3,7333.3,328800,152.57533953672845,152.13818913347154,0.9756324427438982
2020/03/30,6966.6,7193.3,6910.0,7180.0,258000,148.02548438923426,147.8366594557442,0.9323007560805301
2020/03/31,7333.3,7353.3,7066.6,7120.0,286100,139.47558307449142,140.93421158519646,0.9525421140311517
2020/04/01,7046.6,7050.0,6670.0,6726.6,310100,132.03415055291526,131.86157621026476,0.9454309142358855
2020/04/02,6633.3,6866.6,6616.6,6813.3,292700,138.758486064888,138.64253802971479,0.9868094448227893
2020/04/03,6826.6,6956.6,6636.6,6686.6,230500,132.76560758713626,133.10283717120106,0.9418805291007777
2020/04/06,6580.0,6973.3,6540.0,6963.3,267900,135.1310999527615,135.78823445672813,0.9873995481021614
2020/04/07,7466.6,7640.0,7360.0,7630.0,448600,141.81711209563207,142.19806354686474,1.0405943444785573
2020/04/08,7623.3,7783.3,7526.6,7710.0,323100,142.10455871648406,143.01675615392574,1.032429059156876
2020/04/09,7763.3,7776.6,7600.0,7776.6,182900,145.45877273429795,146.947068554249,1.0085114312425012
2020/04/10,7820.0,7826.6,7610.0,7776.6,218200,145.37750501833446,145.5035481524989,1.0367431253250246
2020/04/13,7743.3,7766.6,7550.0,7566.6,142500,145.67777676682206,144.89978560937857,0.9932459089816291
2020/04/14,7733.3,7956.6,7700.0,7926.6,232600,148.65973427452198,149.06465605623777,1.0068482899869127
2020/04/15,7936.6,8020.0,7870.0,7920.0,175100,141.01719160883636,140.7160389660197,1.0075079946406733
2020/04/16,7820.0,8033.3,7733.3,8000.0,241900,144.9553515007094,143.7356439690071,1.0094044337791315
2020/04/17,8233.3,8300.0,8146.6,8190.0,212200,138.8068536110647,139.4452129543562,0.9897855723352357
2020/04/20,8096.6,8260.0,8070.0,8210.0,147600,141.1548696644904,141.20671363352605,1.3208057318239048
2020/04/21,8156.6,8196.6,8063.3,8083.3,186400,145.06090459785707,144.0243324338778,1.3098139328973843
2020/04/22,8000.0,8216.6,7973.3,8216.6,278200,148.00072289783427,146.19130944691804,1.3510937665456086
2020/04/23,8326.6,8326.6,8140.0,8226.6,234300,146.51491351518138,144.99942975980133,1.03919285432345
2020/04/24,7893.3,8126.6,7763.3,7820.0,533200,142.08513373024326,139.96732572336273,0.8523366825459394
2020/04/27,7986.6,8040.0,7940.0,8030.0,302400,147.65917725478056,147.29098646716437,0.9412576910170626
2020/04/28,8000.0,8083.3,7966.6,8050.0,224800,148.1170147031943,147.46424206718675,0.9444431971227596
2020/04/30,8236.6,8256.6,8076.6,8116.6,192500,146.21783134681237,147.17307072107374,0.9353300810820037
2020/05/01,7860.0,7963.3,7830.0,7840.0,212500,145.3695102792244,145.41249039834364,0.9542268603909172
2020/05/07,7866.6,8163.3,7840.0,8146.6,249700,154.4788962965626,154.3514161835629,1.0336177396909412
2020/05/08,8310.0,8356.6,8200.0,8303.3,227000,150.65207878725744,151.3249059219696,1.036499662352827
2020/05/11,8356.6,8423.3,8300.0,8353.3,169500,155.0229362925409,155.26320009281824,1.017745837423396
2020/05/12,8353.3,8503.3,8350.0,8476.6,141500,155.92720633301755,156.68773431192488,1.044492954658043
2020/05/13,8383.3,8473.3,8310.0,8416.6,151400,151.80086940297602,152.0379852186158,1.0404351972758241
2020/05/14,8420.0,8420.0,8240.0,8243.3,177800,153.9486340334359,154.71318809901317,1.0325017094292235
2020/05/15,8423.3,8496.6,8216.6,8356.6,168700,156.67223323701322,157.94261307719273,1.03758064130138
2020/05/18,8136.6,8206.6,7993.3,8083.3,277900,156.34788345043467,157.4591179254573,0.9659150835883576
2020/05/19,8233.3,8263.3,7983.3,8090.0,215800,158.11542835623348,158.44581102709478,0.9502184411045076
2020/05/20,8186.6,8353.3,8156.6,8310.0,229400,162.64568163996233,162.81126475602437,0.9682550779314648
2020/05/21,8350.0,8433.3,8286.6,8333.3,209200,169.26748282846378,169.9205269033459,0.9691488709002058
2020/05/22,8370.0,8453.3,8270.0,8383.3,178800,168.3876650687803,169.54997090266707,0.9621941113082845
2020/05/25,8500.0,8500.0,8326.6,8420.0,148100,169.94059259943734,171.36579130582155,1.1163963882148007
2020/05/26,8420.0,8426.6,8323.3,8400.0,180000,164.8370259996263,166.66984977292802,1.0940490273810686
2020/05/27,8283.3,8453.3,8243.3,8420.0,297000,162.0006176497144,163.81568972780858,1.0867735697186025
2020/05/28,8400.0,8400.0,8236.6,8373.3,222300,154.6645203320747,157.20152919859314,1.0675933451737083
2020/05/29,8300.0,8390.0,8020.0,8020.0,439700,149.3491107471944,153.3920574027282,0.9636424842584508
2020/06/01,8126.6,8416.6,8063.3,8406.6,242200,155.96423622095773,161.0839074025157,0.9454282735749193
2020/06/02,8380.0,8526.6,8343.3,8486.6,167100,152.51576910975757,157.5327589824578,0.9395767108650472
2020/06/03,8673.3,8690.0,8353.3,8433.3,187000,147.4879690876094,153.606394032345,0.9265812615135839
2020/06/04,8470.0,8543.3,8413.3,8536.6,172900,152.31552893067607,158.21809622994877,0.9279600902488818
2020/06/05,8490.0,8606.6,8450.0,8600.0,121800,148.40663195733518,154.3998646463356,0.9268571199628011
2020/06/08,8700.0,8780.0,8670.0,8780.0,171800,148.8074730330064,155.41306269076117,0.9517994676943389
2020/06/09,8620.0,8746.6,8573.3,8733.3,294800,143.2960884822351,149.6156208656114,0.9496534486138944
2020/06/10,8816.6,8996.6,8776.6,8910.0,243900,147.39814262004973,154.31768905586472,0.972734039702755
2020/06/11,8883.3,8906.6,8760.0,8783.3,176200,154.12850419571927,159.7729303410667,0.9741181455106103
2020/06/12,8450.0,8586.6,8383.3,8553.3,272300,154.92903824786302,161.15197053184755,0.9812602861842021
2020/06/15,8266.6,8316.6,7836.6,7836.6,511500,152.3497559561932,156.1936627478995,0.961555697367432
2020/06/16,8050.0,8300.0,8020.0,8296.6,459300,152.07983873021183,157.09372417672665,0.9573527622811578
2020/06/17,8260.0,8380.0,8183.3,8290.0,247300,146.39092035210365,150.99984257269517,0.9603517690640639
2020/06/18,8263.3,8323.3,8183.3,8303.3,142100,143.37714224217964,147.15231210921576,0.9791122616671573
2020/06/19,8380.0,8476.6,8290.0,8413.3,229200,145.6377207434012,150.4065264800158,0.9713611743095197
2020/06/22,8390.0,8490.0,8300.0,8433.3,112300,149.451338015741,154.40703776798614,0.9685123420249176
2020/06/23,8550.0,8660.0,8440.0,8580.0,210600,152.06241364228083,157.3365690849341,0.9766467768893261
2020/06/24,8500.0,8656.6,8483.3,8640.0,209800,146.73173075356308,152.22614543974288,0.9938274689689504
2020/06/25,8586.6,8620.0,8473.3,8600.0,157200,141.81162172391151,147.12394038682018,1.0236734529122826
2020/06/26,8720.0,8846.6,8680.0,8783.3,209700,140.85487817580486,146.5603818178613,1.0512108741470103
2020/06/29,8636.6,8826.6,8620.0,8640.0,116200,136.57402090653176,141.4193361820788,1.0394657433040226
2020/06/30,8770.0,8790.0,8646.6,8696.6,144100,134.38067138302284,140.42275842031202,1.0391482623278183
2020/07/01,8790.0,8893.3,8633.3,8676.6,178000,141.52909724525605,148.54107879660222,1.0508737183204337
2020/07/02,8676.6,8693.3,8413.3,8536.6,312200,140.6793842600711,147.92952562447152,1.015763098678989
2020/07/03,8576.6,8830.0,8493.3,8830.0,166900,140.2000801286271,147.53991850560837,1.1280734415672335
2020/07/06,8810.0,8906.6,8800.0,8900.0,114300,137.79523582569746,145.4616605911959,1.095956756064186
2020/07/07,9133.3,9430.0,9103.3,9200.0,408100,143.82018291911217,151.12482165451854,1.200349590380276
2020/07/08,9256.6,9366.6,9143.3,9203.3,208900,143.61042254636175,151.00117950734798,1.2122477318819114
2020/07/09,9216.6,9406.6,9216.6,9266.6,222800,140.78527032354611,148.55984277242604,1.230408338718919
2020/07/10,9383.3,9383.3,9213.3,9213.3,152200,144.72537912173038,152.74597120060173,1.191604338408038
2020/07/13,9333.3,9343.3,9070.0,9216.6,149600,140.50277138657648,148.25036660526854,1.2466327813092977
2020/07/14,9073.3,9196.6,9000.0,9173.3,270600,141.06688643591062,148.29582078601152,1.2472546547696384
2020/07/15,9276.6,9296.6,9090.0,9190.0,141100,137.5794045542698,144.9956064447533,1.2346678613412492
2020/07/16,9000.0,9023.3,8836.6,8960.0,194600,133.14419819268753,139.96543101897544,1.22859943598954
2020/07/17,9020.0,9153.3,8930.0,8950.0,160300,130.6356841032666,137.2493613796786,1.1656968104299115
2020/07/20,9110.0,9126.6,8943.3,9043.3,75400,129.17463010261864,135.22466013501798,1.1495590901340154
2020/07/21,9173.3,9266.6,9116.6,9266.6,229400,130.54350357800507,136.95615384850086,1.2077309322315521
2020/07/22,9086.6,9213.3,8933.3,9140.0,280300,126.76426550973542,133.0287324534637,1.1698613047172894
2020/07/27,8920.0,8956.6,8816.6,8936.6,207300,129.37527266522923,135.25286000091768,1.0912362196991923
2020/07/28,9016.6,9093.3,8923.3,9016.6,169200,127.42347407113502,133.53570732993393,1.103774508333523
2020/07/29,8950.0,8993.3,8736.6,8816.6,168300,125.63476052966571,132.1049876528061,1.0775441545845945
2020/07/30,8863.3,8903.3,8760.0,8803.3,107800,126.57284939715075,133.64042729487434,1.0822387637284094
2020/07/31,8676.6,8733.3,8390.0,8390.0,279400,123.78744080493477,130.62964756131768,1.0666462242224304
2020/08/03,8290.0,8536.6,8286.6,8483.3,154400,126.24146139793532,133.74017880539586,1.028594723331219
2020/08/04,8583.3,8666.6,8506.6,8586.6,208700,123.18328474354074,130.21517833921777,1.0192681818975506
2020/08/05,8580.0,8580.0,8396.6,8443.3,188100,123.0377676677207,130.26404375063493,0.9975095496027954
2020/08/06,8426.6,8426.6,8196.6,8303.3,332900,122.03880377640431,128.46231788783675,0.8789470161702527
2020/08/07,8263.3,8263.3,8033.3,8140.0,236600,119.56203774407115,125.49124668104992,0.8230393185445836
2020/08/11,8066.6,8353.3,7996.6,8350.0,214800,119.6147855943622,124.69675661810848,0.8696447447096105
2020/08/12,8316.6,8400.0,8256.6,8400.0,146700,116.96888750620624,120.82084334228436,0.8641660894252495
2020/08/13,8583.3,8786.6,8576.6,8713.3,240600,118.078370906725,122.91346339237394,0.9079754647419245
2020/08/14,8743.3,8770.0,8653.3,8723.3,114900,116.76491896623928,121.85141430954698,0.923515660800951
2020/08/17,8670.0,8710.0,8590.0,8590.0,82500,119.24785870076474,124.33139453267998,0.9357326972402863
2020/08/18,8733.3,8803.3,8643.3,8750.0,180200,120.93840227114505,126.11165338591626,0.9561068173516425
2020/08/19,8746.6,8746.6,8556.6,8626.6,148200,118.65052824544019,123.41313985083768,0.9351331853940034
2020/08/20,8460.0,8566.6,8266.6,8266.6,232300,113.49478493110408,117.92687449472025,0.8304927723967014
2020/08/21,8340.0,8420.0,8313.3,8370.0,139900,117.32042236917044,121.59517378191174,0.8682048385032145
2020/08/24,8273.3,8510.0,8240.0,8456.6,167700,119.0773182409821,124.23778408473633,0.9052057371852951
2020/08/25,8520.0,8563.3,8380.0,8393.3,100300,116.24390471513763,121.34574727797347,0.8814241388309709
2020/08/26,8336.6,8430.0,8290.0,8426.6,139300,118.48823835887453,123.62804961387583,0.8858496141920151
2020/08/27,8423.3,8493.3,8376.6,8390.0,93500,118.03248407710937,123.46788510146418,0.8790740030926574
2020/08/28,8270.0,8363.3,8113.3,8200.0,186300,115.32826288457527,120.07477081141253,0.8675599318892044
2020/08/31,8326.6,8393.3,8243.3,8243.3,113400,109.52985514908977,114.33230696376731,0.8816265295590876
2020/09/01,8270.0,8416.6,8210.0,8333.3,127900,111.53546526667182,116.99211642249814,0.9030188217922974
2020/09/02,8426.6,8520.0,8393.3,8500.0,149900,112.85610537912909,117.93039686954936,0.9388070664705566
2020/09/03,8666.6,8710.0,8510.0,8523.3,152700,109.72736517770052,114.86562016667582,0.947807272696806
2020/09/04,8256.6,8310.0,8183.3,8190.0,230100,107.70826778844737,112.10143135396122,0.9136161622796777
2020/09/07,8103.3,8130.0,7856.6,7870.0,376300,107.32924770613974,112.01415977724535,0.857940903899793
2020/09/08,7990.0,8120.0,7796.6,8080.0,322700,112.86659712321566,118.03113682094535,0.9370170760887521
2020/09/09,7766.6,7986.6,7766.6,7956.6,242100,112.19480729032787,118.0278698115666,0.9199584682338946
2020/09/10,8003.3,8123.3,7903.3,7936.6,231000,105.17769020773756,110.25440530245392,0.9037316752901215
2020/09/11,8040.0,8063.3,7883.3,7940.0,219000,104.61311554689539,109.53896136126464,0.8966983498008645
2020/09/14,7980.0,8116.6,7920.0,8096.6,144200,104.72535515584063,109.66086763948691,0.8834908405224633
2020/09/15,8083.3,8226.6,8076.6,8156.6,125200,105.97106638114093,111.16429072441176,0.9023430415545013
2020/09/16,8170.0,8310.0,8143.3,8296.6,194200,107.29874574366846,112.06824753613888,0.9316626559086582
2020/09/17,8313.3,8496.6,8270.0,8433.3,236500,110.21571608528298,114.97174045179383,0.9474327535373284
2020/09/18,8360.0,8413.3,8283.3,8383.3,208200,111.65223857873099,115.96507458021219,0.9577822768701846
2020/09/23,8550.0,8586.6,8390.0,8560.0,181200,117.57925177843322,122.82891784667753,1.054984746421427
2020/09/24,8500.0,8650.0,8490.0,8553.3,157800,119.18592224196207,124.56231681642824,1.099937888031763
2020/09/25,8566.6,8656.6,8486.6,8503.3,171400,114.69945338039855,119.41783545000891,1.063347788841792
2020/09/28,8640.0,8700.0,8366.6,8486.6,190500,115.14435744870029,118.88646901061763,1.012277881655854
2020/09/29,8326.6,8500.0,8300.0,8436.6,230200,112.05490668959929,116.51778541704383,1.0153750173545453
2020/09/30,8406.6,8546.6,8380.0,8470.0,140600,115.58660876552595,120.84097010907979,1.0495989308695894
2020/10/02,8636.6,8636.6,8460.0,8503.3,158800,-1.0,-1.0,-1.0
2020/10/05,8513.3,8563.3,8400.0,8416.6,107900,-1.0,-1.0,-1.0
2020/10/06,8483.3,8566.6,8460.0,8563.3,108400,-1.0,-1.0,-1.0
2020/10/07,8720.0,9000.0,8663.3,8960.0,400100,-1.0,-1.0,-1.0
2020/10/08,9013.3,9300.0,9013.3,9300.0,377300,-1.0,-1.0,-1.0
2020/10/09,9383.3,9396.6,9213.3,9250.0,221600,-1.0,-1.0,-1.0
2020/10/12,9313.3,9400.0,9193.3,9226.6,204200,-1.0,-1.0,-1.0
2020/10/13,9313.3,9460.0,9286.6,9436.6,231200,-1.0,-1.0,-1.0
2020/10/14,9463.3,9493.3,9383.3,9400.0,199800,-1.0,-1.0,-1.0
2020/10/15,9390.0,9403.3,9296.6,9296.6,167600,-1.0,-1.0,-1.0
2020/10/16,9260.0,9346.6,9203.3,9236.6,123900,-1.0,-1.0,-1.0
2020/10/19,9270.0,9380.0,9270.0,9353.3,127700,-1.0,-1.0,-1.0
2020/10/20,9403.3,9663.3,9400.0,9663.3,246400,-1.0,-1.0,-1.0
2020/10/21,9753.3,9796.6,9643.3,9690.0,187200,-1.0,-1.0,-1.0
2020/10/22,9650.0,9763.3,9620.0,9726.6,166000,-1.0,-1.0,-1.0
2020/10/23,9566.6,9580.0,9256.6,9266.6,392600,-1.0,-1.0,-1.0
2020/10/26,9250.0,9483.3,9243.3,9360.0,161500,-1.0,-1.0,-1.0
2020/10/27,9300.0,9410.0,9160.0,9380.0,150300,-1.0,-1.0,-1.0
2020/10/28,9360.0,9503.3,9343.3,9473.3,137100,-1.0,-1.0,-1.0
2020/10/29,9393.3,9543.3,9360.0,9510.0,125800,-1.0,-1.0,-1.0
2020/10/30,9500.0,9646.6,9343.3,9343.3,183900,-1.0,-1.0,-1.0
2020/11/02,9426.6,9466.6,9296.6,9350.0,154700,-1.0,-1.0,1.1670020212680958
2020/11/04,9423.3,9506.6,9336.6,9396.6,118900,-1.0,-1.0,1.157404801795845
2020/11/05,9473.3,9620.0,9403.3,9580.0,177100,-1.0,-1.0,1.1548165397469379
2020/11/06,9580.0,9606.6,9446.6,9603.3,160200,-1.0,-1.0,1.0584662995601426
2020/11/09,9643.3,9910.0,9613.3,9846.6,202000,-1.0,-1.0,1.0358371340906611
2020/11/10,9766.6,9820.0,9536.6,9573.3,234000,-1.0,-1.0,0.9943815637353367
2020/11/11,9536.6,9720.0,9520.0,9670.0,159700,-1.0,-1.0,0.9911864576548399
2020/11/12,9736.6,9853.3,9723.3,9833.3,170200,-1.0,-1.0,0.9736630191333765
2020/11/13,9726.6,9890.0,9690.0,9853.3,116200,-1.0,-1.0,0.9896518074187979
2020/11/16,9933.3,10183.3,9886.6,10150.0,162400,-1.0,-1.0,1.0097008888795187
2020/11/17,10066.6,10166.6,9953.3,10050.0,123900,-1.0,-1.0,0.9982519876024933
2020/11/18,9943.3,10066.6,9926.6,9993.3,90600,-1.0,-1.0,1.001318053560805
2020/11/19,9956.6,10050.0,9860.0,10050.0,145300,-1.0,-1.0,0.9476774949695506
2020/11/20,9976.6,10200.0,9963.3,10183.3,121900,-1.0,-1.0,0.9765577827946608
2020/11/24,10500.0,10766.6,10500.0,10716.6,246700,-1.0,-1.0,1.1221473504583397
2020/11/25,10783.3,10833.3,10633.3,10683.3,156500,-1.0,-1.0,1.1198680744662546
2020/11/26,10800.0,10950.0,10766.6,10883.3,112600,-1.0,-1.0,1.1176811790743404
2020/11/27,10866.6,11033.3,10800.0,10950.0,162400,-1.0,-1.0,1.108621124585572
2020/11/30,11133.3,11233.3,11000.0,11083.3,223400,-1.0,-1.0,1.2168705560915902
2020/12/01,11150.0,11200.0,11016.6,11050.0,138300,-1.0,-1.0,1.2095797463937996
2020/12/02,11033.3,11033.3,10833.3,10983.3,235100,-1.0,-1.0,1.204423212143336
2020/12/03,10866.6,11066.6,10866.6,11050.0,100000,-1.0,-1.0,1.2120439507621878
2020/12/04,11100.0,11100.0,10783.3,10950.0,149500,-1.0,-1.0,1.166808205422056
2020/12/07,10950.0,11000.0,10716.6,10733.3,106600,-1.0,-1.0,1.0982566472622588
2020/12/08,10600.0,10950.0,10533.3,10900.0,111000,-1.0,-1.0,1.1367160461242523
2020/12/09,10883.3,11083.3,10883.3,11050.0,136700,-1.0,-1.0,1.1370776211398221
2020/12/10,10966.6,10966.6,10766.6,10916.6,121400,-1.0,-1.0,1.1816385940555727
2020/12/11,10966.6,11066.6,10933.3,11033.3,126500,-1.0,-1.0,1.183041452010446
2020/12/14,11416.6,11450.0,11200.0,11200.0,178900,-1.0,-1.0,1.1265625319206007
2020/12/15,11400.0,11533.3,11216.6,11466.6,178300,-1.0,-1.0,1.1984676569976715
2020/12/16,11600.0,11600.0,11183.3,11200.0,153100,-1.0,-1.0,1.0920703301599635
2020/12/17,11250.0,11416.6,11216.6,11400.0,99200,-1.0,-1.0,1.133676420451974
2020/12/18,11250.0,11383.3,11000.0,11083.3,216400,-1.0,-1.0,1.0167708843694216
2020/12/21,11083.3,11133.3,11016.6,11083.3,118400,-1.0,-1.0,0.9337361294644758
2020/12/22,10983.3,11116.6,10916.6,10983.3,100800,-1.0,-1.0,0.9413920157415451
2020/12/23,10900.0,11150.0,10866.6,11150.0,98000,-1.0,-1.0,0.9685614219936076
2020/12/24,11083.3,11133.3,11033.3,11133.3,48600,-1.0,-1.0,0.9650662855682474
2020/12/25,11200.0,11200.0,11033.3,11050.0,38900,-1.0,-1.0,0.9455314960241619
2020/12/28,11033.3,11283.3,10966.6,11266.6,87600,-1.0,-1.0,0.9642042588141497
2020/12/29,11233.3,11533.3,11216.6,11533.3,121900,-1.0,-1.0,0.9690096194523519
2020/12/30,11600.0,11633.3,11433.3,11583.3,131200,-1.0,-1.0,0.9815094365569814
2021/01/04,11633.3,11666.6,11416.6,11466.6,107700,-1.0,-1.0,1.0347871562130528
2021/01/05,11533.3,11850.0,11483.3,11766.6,179700,-1.0,-1.0,1.0979624591236097
2021/01/06,11800.0,11866.6,11583.3,11633.3,96000,-1.0,-1.0,1.07521140487085
2021/01/07,11716.6,11916.6,11700.0,11850.0,111800,-1.0,-1.0,1.0193853166114568
2021/01/08,12016.6,12200.0,11950.0,12033.3,167600,-1.0,-1.0,1.0226823907325904
2021/01/12,12166.6,12383.3,12116.6,12350.0,201000,-1.0,-1.0,1.0604465171189494
2021/01/13,12716.6,12750.0,12483.3,12750.0,209400,-1.0,-1.0,1.1066881016397667
2021/01/14,12650.0,12883.3,12200.0,12416.6,304400,-1.0,-1.0,0.9758961490652298
2021/01/15,12766.6,12983.3,12466.6,12650.0,276500,-1.0,-1.0,1.0629817836659152
2021/01/18,12483.3,12600.0,12366.6,12500.0,118500,-1.0,-1.0,1.1188706778846271
2021/01/19,12650.0,12700.0,12466.6,12533.3,170100,-1.0,-1.0,1.117415803032451
2021/01/20,12716.6,12716.6,12500.0,12550.0,153800,-1.0,-1.0,1.120873460049411
2021/01/21,12533.3,12533.3,12133.3,12283.3,257500,-1.0,-1.0,1.0629324492037424
2021/01/22,12350.0,12416.6,12233.3,12300.0,111400,-1.0,-1.0,1.0437765491032354
2021/01/25,12483.3,12500.0,12300.0,12400.0,108200,-1.0,-1.0,1.036104967298446
2021/01/26,12316.6,12616.6,12300.0,12550.0,193400,-1.0,-1.0,1.0694074707976349
2021/01/27,12233.3,12283.3,11766.6,12033.3,405400,-1.0,-1.0,0.9330352483384119
2021/01/28,11666.6,11966.6,11633.3,11683.3,261700,-1.0,-1.0,0.922113617527687
2021/01/29,11833.3,11900.0,11350.0,11350.0,239100,-1.0,-1.0,0.8998414537896705
2021/02/01,11300.0,11683.3,11233.3,11633.3,133700,-1.0,-1.0,0.9127131999904313
2021/02/02,11833.3,11866.6,11600.0,11850.0,139200,-1.0,-1.0,0.9210904311714849
2021/02/03,12000.0,12000.0,11533.3,11700.0,165600,-1.0,-1.0,0.8859976417365276
2021/02/04,11583.3,11583.3,11150.0,11200.0,262300,-1.0,-1.0,0.8034532575815934
2021/02/05,11366.6,11366.6,11050.0,11216.6,165300,-1.0,-1.0,0.8074546035374919
2021/02/08,11066.6,11350.0,10883.3,11316.6,167900,-1.0,-1.0,0.7996917983729244
2021/02/09,11550.0,11733.3,11416.6,11733.3,256200,-1.0,-1.0,0.8333780993162893
2021/02/10,11700.0,11733.3,11416.6,11433.3,190700,-1.0,-1.0,0.8064472225309165
2021/02/12,11700.0,11733.3,11483.3,11550.0,197100,-1.0,-1.0,0.792478099447597
2021/02/15,11766.6,11866.6,11700.0,11850.0,143500,-1.0,-1.0,0.7979283229629768
2021/02/16,11916.6,12033.3,11700.0,11783.3,185600,-1.0,-1.0,0.7883187276664922
2021/02/17,11716.6,11716.6,11266.6,11650.0,266900,-1.0,-1.0,0.7726790349614655
2021/02/18,11500.0,11616.6,11433.3,11500.0,127300,-1.0,-1.0,0.7727016910383888
2021/02/19,11283.3,11650.0,11250.0,11650.0,140000,-1.0,-1.0,0.7930944186895141
2021/02/22,11650.0,11833.3,11516.6,11833.3,195000,-1.0,-1.0,0.8214555129509693
2021/02/24,11600.0,11650.0,11366.6,11516.6,169200,-1.0,-1.0,0.8128741090027409
2021/02/25,11616.6,11783.3,11566.6,11616.6,114500,-1.0,-1.0,0.7861975064393303
2021/02/26,11300.0,11350.0,11050.0,11133.3,226700,-1.0,-1.0,0.9166958819673743
2021/03/01,11366.6,11766.6,11283.3,11583.3,235600,-1.0,-1.0,1.0010267482405053
2021/03/02,11633.3,11733.3,11316.6,11433.3,215400,-1.0,-1.0,0.992336311463665
2021/03/03,11433.3,11483.3,11116.6,11233.3,193100,-1.0,-1.0,0.951020172500285
2021/03/04,11000.0,11183.3,10883.3,10983.3,175500,-1.0,-1.0,0.9260942164651743
2021/03/05,10666.6,10966.6,10583.3,10950.0,192300,-1.0,-1.0,0.9593417142724202
2021/03/08,11133.3,11150.0,10683.3,10700.0,238000,-1.0,-1.0,1.0566095107427182
2021/03/09,10533.3,10766.6,10316.6,10666.6,242800,-1.0,-1.0,1.0359176381627044
2021/03/10,11133.3,11250.0,10816.6,10883.3,231300,-1.0,-1.0,1.125429486739848
2021/03/11,10766.6,11000.0,10683.3,10950.0,143600,-1.0,-1.0,1.0694990284698658
2021/03/12,11150.0,11450.0,11083.3,11416.6,233000,-1.0,-1.0,1.1810575043787888
2021/03/15,11300.0,11400.0,11150.0,11283.3,148000,-1.0,-1.0,1.095149027222888
2021/03/16,11383.3,11683.3,11383.3,11616.6,168700,-1.0,-1.0,1.161055804384423
2021/03/17,11650.0,11716.6,11216.6,11350.0,306200,-1.0,-1.0,1.050984260951568
2021/03/18,11583.3,11783.3,11500.0,11650.0,226200,-1.0,-1.0,1.1030529786817953
2021/03/19,11333.3,11466.6,11283.3,11433.3,198500,-1.0,-1.0,1.1143519993022848
2021/03/22,11383.3,11400.0,11233.3,11266.6,170100,-1.0,-1.0,1.0336437022094844
2021/03/23,11566.6,11666.6,11316.6,11333.3,168100,-1.0,-1.0,1.0511126493959242
2021/03/24,11266.6,11666.6,11250.0,11333.3,255100,-1.0,-1.0,1.076381987450491
2021/03/25,11383.3,11500.0,11183.3,11483.3,180400,-1.0,-1.0,1.087430337113407
2021/03/26,11466.6,11600.0,11400.0,11583.3,112600,-1.0,-1.0,1.0825285423099564
2021/03/29,11816.6,11900.0,11666.6,11750.0,173300,-1.0,-1.0,0.9874352790763226
2021/03/30,11683.3,11783.3,11533.3,11750.0,157300,-1.0,-1.0,0.9949606856031267
2021/03/31,11750.0,11750.0,11583.3,11583.3,144800,-1.0,-1.0,0.9973791011891493
2021/04/01,11850.0,12200.0,11833.3,12200.0,261500,-1.0,-1.0,1.0850916764144272
2021/04/02,12383.3,12450.0,12216.6,12333.3,182200,-1.0,-1.0,1.1324024001403337
2021/04/05,12500.0,12666.6,12416.6,12566.6,169500,-1.0,-1.0,1.1808476629982119
2021/04/06,12600.0,12600.0,12266.6,12316.6,181900,-1.0,-1.0,1.2058783160501485
2021/04/07,12166.6,12500.0,12133.3,12466.6,240000,-1.0,-1.0,1.2178392859388412
2021/04/08,12516.6,12666.6,12416.6,12666.6,170000,-1.0,-1.0,1.2686116460034016
2021/04/09,12600.0,12766.6,12550.0,12616.6,174000,-1.0,-1.0,1.190238471589235
2021/04/12,12716.6,12716.6,12466.6,12583.3,130900,-1.0,-1.0,1.1698175585288053
2021/04/13,12533.3,12633.3,12400.0,12566.6,131300,-1.0,-1.0,1.1652407550868575
2021/04/14,12616.6,12633.3,12500.0,12566.6,90700,-1.0,-1.0,1.1660978835754248
2021/04/15,12433.3,12633.3,12333.3,12583.3,140800,-1.0,-1.0,1.1115426391778158
2021/04/16,12766.6,12766.6,12433.3,12433.3,136600,-1.0,-1.0,1.1753906193613506
2021/04/19,12433.3,12600.0,12416.6,12583.3,89400,-1.0,-1.0,1.2309351505095654
2021/04/20,12400.0,12583.3,12383.3,12466.6,132500,-1.0,-1.0,1.2346046541729727
2021/04/21,12250.0,12333.3,12083.3,12116.6,152500,-1.0,-1.0,1.2188158895543628
2021/04/22,12466.6,12583.3,12350.0,12566.6,174500,-1.0,-1.0,1.236444448818454
2021/04/23,12233.3,12550.0,12066.6,12516.6,319400,-1.0,-1.0,1.1680110601776095
2021/04/26,12566.6,12783.3,12466.6,12700.0,207900,-1.0,-1.0,1.1777581335212013
2021/04/27,12716.6,12733.3,12400.0,12433.3,199100,-1.0,-1.0,1.1437396474998678
2021/04/28,12400.0,12450.0,12233.3,12300.0,198300,-1.0,-1.0,1.126215823718825
2021/04/30,12216.6,12266.6,11716.6,11800.0,272600,-1.0,-1.0,1.0139018411486305
2021/05/06,11850.0,11866.6,11500.0,11716.6,277900,-1.0,-1.0,0.9203067192204604
2021/05/07,11733.3,11966.6,11566.6,11766.6,208900,-1.0,-1.0,0.9598137664464622
2021/05/10,11700.0,11766.6,11650.0,11700.0,167400,-1.0,-1.0,0.9422009595603816
2021/05/11,11466.6,11516.6,11133.3,11183.3,311900,-1.0,-1.0,0.8896544735498811
2021/05/12,11283.3,11333.3,10683.3,10800.0,334100,-1.0,-1.0,0.8554006723907711
2021/05/13,10483.3,10533.3,10333.3,10383.3,301300,-1.0,-1.0,0.8506104230762048
2021/05/14,10533.3,10750.0,10500.0,10683.3,254000,-1.0,-1.0,0.849736066749613
2021/05/17,10916.6,10933.3,10366.6,10433.3,224300,-1.0,-1.0,0.8506257870075095
2021/05/18,10516.6,10583.3,10416.6,10516.6,175700,-1.0,-1.0,0.8436124298254485
2021/05/19,10383.3,10416.6,10233.3,10316.6,176200,-1.0,-1.0,0.8413428845620122
2021/05/20,10333.3,10616.6,10333.3,10500.0,154300,-1.0,-1.0,0.8504624118621598
2021/05/21,10800.0,10800.0,10366.6,10383.3,191100,-1.0,-1.0,0.8205119639976172
2021/05/24,10483.3,10633.3,10433.3,10550.0,198200,-1.0,-1.0,0.8114599223279613
2021/05/25,10750.0,10850.0,10616.6,10850.0,186800,-1.0,-1.0,0.8481372125741403
2021/05/26,10983.3,11000.0,10833.3,10883.3,169900,-1.0,-1.0,0.8525103974404821
2021/05/27,10983.3,11183.3,10916.6,11133.3,325000,-1.0,-1.0,0.9048201792911481
2021/05/28,11350.0,11366.6,11133.3,11200.0,164900,-1.0,-1.0,0.9056075405582027
2021/05/31,11200.0,11316.6,11133.3,11200.0,104500,-1.0,-1.0,1.0177668048533932
2021/06/01,11233.3,11266.6,11083.3,11183.3,98200,-1.0,-1.0,1.014987359536544
2021/06/02,11183.3,11200.0,11016.6,11066.6,136300,-1.0,-1.0,1.0020784339111728
2021/06/03,11166.6,11500.0,11116.6,11483.3,176900,-1.0,-1.0,1.03634566246203
2021/06/04,11350.0,11433.3,11250.0,11333.3,170100,-1.0,-1.0,1.0237968175994014
2021/06/07,11566.6,11633.3,11300.0,11350.0,152600,-1.0,-1.0,1.03179555963589
2021/06/08,11350.0,11400.0,11066.6,11066.6,173200,-1.0,-1.0,0.9814157041128048
2021/06/09,11033.3,11100.0,10833.3,11050.0,159200,-1.0,-1.0,0.9793741402024418
2021/06/10,11083.3,11266.6,11050.0,11250.0,177000,-1.0,-1.0,1.0093797830467517
2021/06/11,11266.6,11350.0,11183.3,11283.3,165000,-1.0,-1.0,1.0284573767141012
2021/06/14,11333.3,11633.3,11250.0,11616.6,145700,-1.0,-1.0,1.0945872870073234
2021/06/15,11666.6,11733.3,11566.6,11700.0,181900,-1.0,-1.0,1.0878173936397741
2021/06/16,11466.6,11616.6,11450.0,11600.0,133600,-1.0,-1.0,1.0797667752466744
2021/06/17,11483.3,11583.3,11400.0,11566.6,131300,-1.0,-1.0,1.1219660616008214
2021/06/18,11666.6,11766.6,11600.0,11633.3,182700,-1.0,-1.0,1.1275961580762466
2021/06/21,11400.0,11616.6,11366.6,11400.0,210800,-1.0,-1.0,1.1958903835363028
2021/06/22,11483.3,11633.3,11416.6,11583.3,159800,-1.0,-1.0,1.189917946182974
2021/06/23,11583.3,11633.3,11450.0,11600.0,130300,-1.0,-1.0,1.1974828249107905
2021/06/24,11716.6,11716.6,11516.6,11600.0,87100,-1.0,-1.0,1.1150723401519267
2021/06/25,11633.3,11716.6,11516.6,11583.3,141600,-1.0,-1.0,1.0980531927225918
2021/06/28,11483.3,11533.3,11300.0,11366.6,124400,-1.0,-1.0,0.9870808872859564
2021/06/29,11500.0,11500.0,11216.6,11233.3,193000,-1.0,-1.0,0.9672204070071084
2021/06/30,11300.0,11450.0,11200.0,11316.6,198300,-1.0,-1.0,0.9805970741317704
2021/07/01,11283.3,11500.0,11250.0,11450.0,150500,-1.0,-1.0,1.004286219011126
2021/07/02,11350.0,11350.0,11050.0,11233.3,227300,-1.0,-1.0,0.9738177176588727
2021/07/05,11300.0,11400.0,11233.3,11400.0,108500,-1.0,-1.0,0.9730734531781552
2021/07/06,11400.0,11450.0,11333.3,11400.0,84000,-1.0,-1.0,0.9728210629247698
2021/07/07,11283.3,11350.0,11216.6,11250.0,163600,-1.0,-1.0,0.9747465794199226
2021/07/08,11200.0,11250.0,10950.0,10966.6,198400,-1.0,-1.0,1.0035939633695916
2021/07/09,10766.6,10900.0,10633.3,10883.3,228600,-1.0,-1.0,0.9951290578329561
2021/07/12,11116.6,11116.6,10983.3,11083.3,116000,-1.0,-1.0,0.8867395470618255
2021/07/13,11016.6,11033.3,10833.3,10850.0,164100,-1.0,-1.0,0.8393335161459269
2021/07/14,10866.6,11033.3,10800.0,11000.0,137400,-1.0,-1.0,0.8622287788707486
2021/07/15,10833.3,10983.3,10833.3,10883.3,161400,-1.0,-1.0,0.835413377323023
2021/07/16,10566.6,10766.6,10500.0,10716.6,213400,-1.0,-1.0,0.828615561223266
2021/07/19,10500.0,10600.0,10333.3,10366.6,232300,-1.0,-1.0,0.7676622182394722
2021/07/20,10200.0,10450.0,10200.0,10266.6,254300,-1.0,-1.0,0.7628490743564156
2021/07/21,10583.3,10600.0,10150.0,10216.6,534900,-1.0,-1.0,0.8052654785632836
2021/07/26,10450.0,10500.0,10283.3,10350.0,187100,-1.0,-1.0,0.8981366763470037
2021/07/27,10333.3,10400.0,10250.0,10333.3,134200,-1.0,-1.0,0.8892015237798533
2021/07/28,10283.3,10316.6,10150.0,10216.6,198300,-1.0,-1.0,0.8907017817403962
2021/07/29,10316.6,10466.6,10250.0,10466.6,202100,-1.0,-1.0,0.943362133888241
2021/07/30,10466.6,10550.0,10366.6,10383.3,135100,-1.0,-1.0,0.9388595440844999
2021/08/02,10550.0,10566.6,10433.3,10500.0,117600,-1.0,-1.0,0.9183281117515553
2021/08/03,10583.3,10683.3,10516.6,10633.3,139900,-1.0,-1.0,0.9347241080587709
2021/08/04,10750.0,10800.0,10666.6,10783.3,136600,-1.0,-1.0,0.9524052723324252
2021/08/05,10866.6,11033.3,10850.0,11033.3,146400,-1.0,-1.0,0.9814653877380183
2021/08/06,11000.0,11000.0,10850.0,10950.0,123500,-1.0,-1.0,0.9689978699909487
2021/08/10,11000.0,11133.3,10916.6,11100.0,139300,-1.0,-1.0,1.0125052202436349
2021/08/11,11050.0,11083.3,10800.0,10883.3,147600,-1.0,-1.0,0.9647104271679748
2021/08/12,10816.6,10816.6,10633.3,10666.6,141400,-1.0,-1.0,0.9847188747747938
2021/08/13,10616.6,10666.6,10400.0,10433.3,140700,-1.0,-1.0,0.9037518588352785
2021/08/16,10350.0,10416.6,10300.0,10400.0,114900,-1.0,-1.0,0.9442297813775544
2021/08/17,10666.6,10700.0,10316.6,10316.6,141100,-1.0,-1.0,0.94368975699302
2021/08/18,10316.6,10683.3,10316.6,10616.6,202500,-1.0,-1.0,0.9764373680858575
2021/08/19,10500.0,10583.3,10316.6,10316.6,170200,-1.0,-1.0,0.9644427059162212
2021/08/20,10500.0,10550.0,10216.6,10250.0,140400,-1.0,-1.0,0.9801075207911587
2021/08/23,10366.6,10433.3,10266.6,10333.3,110800,-1.0,-1.0,0.9581964948986672
2021/08/24,10466.6,10533.3,10416.6,10483.3,118400,-1.0,-1.0,0.9598995998123815
2021/08/25,10466.6,10550.0,10316.6,10366.6,107100,-1.0,-1.0,0.9439905424653828
2021/08/26,10416.6,10566.6,10383.3,10450.0,119200,-1.0,-1.0,0.9627827527989795
2021/08/27,10516.6,10566.6,10383.3,10433.3,118400,-1.0,-1.0,0.9629361253153186
2021/08/30,10600.0,10666.6,10516.6,10616.6,169100,-1.0,-1.0,0.9414814375107167
2021/08/31,10500.0,10683.3,10500.0,10683.3,140300,-1.0,-1.0,0.9315754598949496
2021/09/01,10583.3,10750.0,10583.3,10700.0,151400,-1.0,-1.0,0.9237470110899493
2021/09/02,10833.3,10866.6,10733.3,10816.6,127100,-1.0,-1.0,0.9169776242758473
2021/09/03,10866.6,11183.3,10850.0,11100.0,194900,-1.0,-1.0,0.9040209602834957
2021/09/06,11266.6,11300.0,11183.3,11216.6,124900,-1.0,-1.0,0.8808554282537842
2021/09/07,11300.0,11350.0,11116.6,11183.3,148900,-1.0,-1.0,0.8683242815633913
2021/09/08,11266.6,11550.0,11216.6,11550.0,214400,-1.0,-1.0,0.8984022590138013
2021/09/09,11416.6,11650.0,11400.0,11500.0,162300,-1.0,-1.0,0.8991937870461584
2021/09/10,11600.0,11933.3,11550.0,11916.6,285600,-1.0,-1.0,0.9785721456719223
2021/09/13,11966.6,12083.3,11816.6,11933.3,179400,-1.0,-1.0,1.0400016242586807
2021/09/14,12033.3,12200.0,12016.6,12116.6,225000,-1.0,-1.0,1.0401686215512154
2021/09/15,12033.3,12183.3,12000.0,12066.6,226700,-1.0,-1.0,1.047528194523254
2021/09/16,11600.0,11700.0,11133.3,11216.6,429700,-1.0,-1.0,0.9216746365184783
2021/09/17,11400.0,11550.0,11316.6,11416.6,294200,-1.0,-1.0,0.9054533216643416
2021/09/21,10950.0,11316.6,10950.0,11233.3,177600,-1.0,-1.0,0.9251351050135102
2021/09/22,11183.3,11250.0,11033.3,11050.0,165700,-1.0,-1.0,0.9231993529967196
2021/09/24,11400.0,11400.0,11133.3,11133.3,214300,-1.0,-1.0,0.922356325493565
2021/09/27,11083.3,11183.3,11000.0,11066.6,148800,-1.0,-1.0,0.9111944535946953
2021/09/28,11033.3,11133.3,10966.6,11066.6,179100,-1.0,-1.0,0.9141229533487134
2021/09/29,10600.0,10650.0,10500.0,10633.3,350400,-1.0,-1.0,0.9203306914540066
2021/09/30,10616.6,10616.6,10316.6,10450.0,199200,-1.0,-1.0,0.9132459926900479
2021/10/01,10233.3,10500.0,10233.3,10333.3,250300,97.27193947959326,98.45095407605353,0.927267792735543
2021/10/04,10266.6,10350.0,9846.6,9886.6,399100,96.26937662887299,97.43067860490942,0.8949197759767901
2021/10/05,9720.0,9736.6,9353.3,9600.0,447900,94.42375696725628,94.72415172374093,0.8833680806894639
2021/10/06,9916.6,10100.0,9570.0,9606.6,406400,91.22471059635352,90.9047176008412,0.8602338926730303
2021/10/07,9773.3,9910.0,9676.6,9763.3,288500,89.69185838720011,89.60213274787337,0.8856265176841652
2021/10/08,10050.0,10083.3,9876.6,9923.3,215600,90.33834463619682,90.08290412042115,0.8652551816397159
2021/10/11,9833.3,9893.3,9623.3,9810.0,211500,87.89436274839699,87.5126161398532,0.8136399072719022
2021/10/12,9783.3,9913.3,9606.6,9643.3,161000,85.43476451234133,84.99717610031348,0.7924489014424769
2021/10/13,9500.0,9633.3,9473.3,9510.0,152900,84.94305319861188,84.25939050777292,0.7878957096901672
2021/10/14,9670.0,9763.3,9603.3,9693.3,187800,85.84770829356341,85.62891993072044,0.7968460707430299
2021/10/15,9866.6,10066.6,9853.3,10000.0,219500,87.19195201869717,86.5341787787023,0.7956131739290104
2021/10/18,10183.3,10266.6,10050.0,10183.3,258100,88.78989723753484,88.31744137076247,0.9248173176695708
2021/10/19,10366.6,10516.6,10283.3,10400.0,187400,86.81590464431062,86.33708047529113,0.9568017620679178
2021/10/20,10483.3,10516.6,10216.6,10250.0,288600,85.47308371585603,85.43004641211951,0.9297531962832013
2021/10/21,10250.0,10283.3,10000.0,10033.3,293100,84.34573472509643,83.50944665572187,0.9202139917648058
2021/10/22,10366.6,10500.0,10116.6,10333.3,369900,91.03897322408798,90.51978977051614,0.971897296461438
2021/10/25,10133.3,10433.3,10116.6,10433.3,164900,91.56654696528673,90.43842897029066,1.0101677083556473
2021/10/26,10516.6,10566.6,10300.0,10333.3,164600,88.89122347740674,88.28385859157595,0.9812558503742603
2021/10/27,10233.3,10250.0,10016.6,10133.3,218700,86.08790668661675,85.65334066118974,0.9536146245076174
2021/10/28,10166.6,10350.0,10150.0,10350.0,456800,88.10800161545681,87.67592225694149,0.9791479159974587
2021/10/29,10250.0,10316.6,10150.0,10200.0,143200,86.8175811395217,86.15621459416985,0.9716657912839515
2021/11/01,10433.3,10483.3,10250.0,10483.3,152000,88.10004727485804,88.17086436582814,1.0378223605098351
2021/11/02,10400.0,10500.0,10400.0,10466.6,82800,89.40590880920601,89.21461376259916,1.039944637836782
2021/11/04,10700.0,10700.0,10533.3,10633.3,201200,89.80086739748454,89.09237804886718,1.0785587706884885
2021/11/05,10716.6,10800.0,10650.0,10716.6,163200,91.67101623637264,90.66027179285044,1.0882310370123518
2021/11/08,10800.0,10916.6,10683.3,10900.0,187200,93.18868933567619,91.48060136670125,1.1076425923303324
2021/11/09,10983.3,11133.3,10933.3,11033.3,199300,98.01409688458762,97.09797288256637,1.1348153493792128
2021/11/10,11000.0,11100.0,10933.3,10966.6,138800,98.76941387586182,97.65692555006466,1.1314459666924508
2021/11/11,10750.0,11050.0,10700.0,11033.3,133900,97.80531443193753,96.15694238050321,1.123795299281468
2021/11/12,11133.3,11316.6,11116.6,11233.3,135500,97.74166570855056,95.15651266830648,1.1364916413593547
2021/11/15,11333.3,11500.0,11333.3,11433.3,143600,98.00392846224199,95.22820355034163,1.1086271576243347
2021/11/16,11383.3,11516.6,11300.0,11450.0,90500,99.43111864880804,96.36606540300644,1.1088489217054154
2021/11/17,11400.0,11483.3,11300.0,11333.3,179000,98.28111645572972,95.73337537054498,1.1060406248634247
2021/11/18,11283.3,11283.3,11000.0,11050.0,290600,95.22397499418868,93.25342367317623,1.0514606057598659
2021/11/19,11133.3,11266.6,11100.0,11233.3,163500,94.66691329845938,93.19996146856883,1.0812203412067891
2021/11/22,11133.3,11166.6,11000.0,11033.3,144800,90.4774078228156,88.822458377017,1.0259643525530209
2021/11/24,10800.0,10883.3,10650.0,10750.0,174200,90.30252383951128,88.09314215170876,1.0303007398176094
2021/11/25,10816.6,10866.6,10700.0,10733.3,83600,88.71930869881564,86.57500009485642,1.0640577973992507
2021/11/26,10683.3,10716.6,10400.0,10516.6,200600,89.00407981013544,86.43964682528362,1.1170265948704592
2021/11/29,10433.3,10750.0,10383.3,10650.0,243500,89.80438876326251,86.54498163081864,1.1058769548985483
2021/11/30,10966.6,11250.0,10866.6,10866.6,334500,94.68466251722744,90.18226426902147,1.1492561699675417
2021/12/01,10850.0,10900.0,10600.0,10783.3,184000,94.19138910841123,89.92776305075164,1.1333448966547437
2021/12/02,10733.3,10933.3,10700.0,10833.3,110700,94.70422945220851,90.34795087480428,1.1430811532425162
2021/12/03,10833.3,10883.3,10616.6,10866.6,150400,94.71244414234341,90.01734865954424,1.1094686100379185
2021/12/06,10866.6,10983.3,10816.6,10916.6,124500,96.6822476467505,91.95290199822493,1.0561770592895023
2021/12/07,10816.6,11016.6,10683.3,11000.0,176200,93.86516976520059,89.19998349421502,1.0432126147158431
2021/12/08,11216.6,11233.3,10850.0,10916.6,227500,91.80046426474297,87.79857225970264,1.006064746964117
2021/12/09,10933.3,11116.6,10833.3,11033.3,143200,94.14038480413711,90.17515340369474,1.0213570425743248
2021/12/10,10933.3,11100.0,10916.6,11016.6,145100,93.58039942191328,90.06989441194804,1.0315043218969877
2021/12/13,11066.6,11100.0,10983.3,11033.3,131700,91.94869317005383,89.16855961005018,0.9758789004732564
2021/12/14,11083.3,11083.3,10833.3,10866.6,170400,88.95190575631446,85.56054815502465,0.9501470106235641
2021/12/15,10833.3,11016.6,10833.3,10900.0,113700,91.50014100128693,87.64520347476747,0.9501067327631884
2021/12/16,11066.6,11116.6,10933.3,11083.3,171200,89.66378232848791,86.57285699769129,0.9619625254597219
2021/12/17,10983.3,11066.6,10933.3,11016.6,163100,93.19212653966105,89.81985962626396,0.9822529732179256
2021/12/20,11083.3,11133.3,10950.0,10966.6,189300,94.6141962768566,91.18555101302064,1.0481128251370744
2021/12/21,11150.0,11366.6,11083.3,11366.6,193100,95.93720466370323,92.52663151259945,1.1021428715071622
2021/12/22,11400.0,11450.0,11183.3,11383.3,169500,94.80985022099897,91.40936857644783,1.1070083334811558
2021/12/23,11466.6,11483.3,11383.3,11450.0,122800,95.23790072087209,91.72181111022456,1.1169072045867994
2021/12/24,11500.0,11583.3,11483.3,11566.6,105800,96.9434532195895,93.69697094172587,1.127524937346576
2021/12/27,11666.6,11700.0,11600.0,11600.0,178400,96.41598555302546,93.07606476161754,1.0935086785210237
2021/12/28,11666.6,11716.6,11616.6,11716.6,188700,96.34366327458119,92.17326644982754,1.0838134032603994
2021/12/29,11733.3,11783.3,11633.3,11716.6,159700,96.03248793342996,91.31852392482091,1.085998126042057
2021/12/30,11666.6,11800.0,11633.3,11716.6,153800,96.73853873497337,92.03879191421858,1.0637243996742702
2022/01/04,11833.3,12016.6,11783.3,12000.0,267500,94.5244073065988,89.97794786785649,1.0540457024732202
2022/01/05,11900.0,11900.0,11783.3,11800.0,168600,93.56160457319153,89.34169865780784,1.0297716452926162
2022/01/06,11483.3,11633.3,11416.6,11516.6,208500,93.78270334879186,88.87872424126384,1.0564604752233206
2022/01/07,11916.6,12016.6,11666.6,11783.3,479800,96.75497108759018,91.01671403338668,1.0996265247382797
2022/01/11,11716.6,11733.3,11450.0,11566.6,244900,93.4637417885398,87.58140764643055,1.0601912847422352
2022/01/12,11733.3,11983.3,11666.6,11916.6,251700,92.45931907780069,86.29140135255423,1.0823385852493228
2022/01/13,11700.0,11816.6,11633.3,11633.3,256400,94.3792705037397,87.5110598381693,1.064972282775712
2022/01/14,11600.0,11716.6,11516.6,11716.6,229700,93.921863164879,86.95211171233255,1.0930718154660553
2022/01/17,11866.6,11866.6,11666.6,11733.3,277200,93.56389819351779,87.19415643752731,1.0458114333811082
2022/01/18,11733.3,11916.6,11666.6,11766.6,272600,95.13262737264316,88.0676429533893,1.056699377044831
2022/01/19,11550.0,11616.6,11300.0,11316.6,310000,93.63895021804584,86.87753114394252,1.0596407869059454
2022/01/20,11166.6,11216.6,11000.0,11083.3,315000,93.42729897915969,86.60517759993141,0.9777486200429281
2022/01/21,10850.0,10866.6,10600.0,10666.6,326300,90.2152895525532,83.5461267683174,0.9329865268998733
2022/01/24,10483.3,10783.3,10383.3,10783.3,260800,90.85157159462011,83.90379880175777,0.9477623027370238
2022/01/25,10866.6,10933.3,10300.0,10416.6,408600,87.32910670686242,80.87306498400322,0.9432772706404583
2022/01/26,10616.6,10850.0,10316.6,10766.6,535000,94.85238119186263,87.97037095736763,1.0208497076217935
2022/01/27,11083.3,11200.0,10550.0,10550.0,595200,97.29434600188941,90.12388017589427,1.0323730453344955
2022/01/28,10700.0,10716.6,10233.3,10233.3,370800,93.35380560501797,86.88939463382144,0.9672924461695082
2022/01/31,10166.6,10383.3,10166.6,10366.6,322900,92.70555859371129,86.00510529841395,0.9589181164032422
2022/02/01,10716.6,10883.3,10633.3,10683.3,315500,94.42831653340758,87.82266173011399,0.9828973354705544
2022/02/02,10733.3,11066.6,10733.3,11050.0,212700,98.26186106349257,91.25152618847632,0.9957237796704677
2022/02/03,10983.3,11033.3,10666.6,10733.3,231100,99.70501075618242,93.09768718041825,0.9211643604970334
2022/02/04,10616.6,10816.6,10600.0,10800.0,177600,100.98506295220614,94.31033005859659,0.9433611660617192
2022/02/07,10766.6,10866.6,10666.6,10750.0,205100,102.45223144417797,94.89257946773706,0.9289132711138799
2022/02/08,10733.3,10816.6,10716.6,10733.3,191400,98.92500550764879,91.07426920850484,0.9251664134416716
2022/02/09,10900.0,11133.3,10900.0,11133.3,234800,104.37766398406751,96.30866074737378,0.9610262169273887
2022/02/10,11333.3,11450.0,11266.6,11450.0,290000,105.66291322943529,97.68300631386012,0.979073839760858
2022/02/14,11000.0,11216.6,11000.0,11183.3,226500,104.844894198214,95.51229910654044,0.9791743275420398
2022/02/15,11266.6,11316.6,10933.3,10950.0,229300,105.38957454991125,95.37327204893234,0.9628510803895542
2022/02/16,11200.0,11216.6,11050.0,11200.0,200500,106.0512789607045,96.87122318291075,0.9777189949957517
2022/02/17,11333.3,11733.3,11316.6,11550.0,350500,111.51065334233803,100.98967953006988,1.0256424124752288
2022/02/18,11316.6,11366.6,11166.6,11283.3,233600,107.19338198563281,97.08589614742456,1.0058402859838416
2022/02/21,11050.0,11333.3,10983.3,11316.6,204900,107.16587613799942,97.01844988925392,1.0481604363467159
2022/02/22,11083.3,11166.6,10700.0,10733.3,225400,104.55195110774125,94.28801273288617,0.9710685123474706
2022/02/24,10550.0,10550.0,10000.0,10116.6,322200,101.16267099324399,90.30590711000022,0.9403646211739969
2022/02/25,10416.6,10816.6,10366.6,10783.3,228100,105.96339839033813,96.24971314549387,0.9900378803304328
2022/02/28,10400.0,10800.0,10400.0,10716.6,225300,103.45748533814188,93.2801051581047,1.0288514297118303
2022/03/01,10866.6,10883.3,10733.3,10766.6,150400,103.1611324804234,94.05363109543555,1.026125375690398
2022/03/02,10533.3,10616.6,10383.3,10466.6,151000,104.35186734552371,95.40901968257239,1.0233550658278385
2022/03/03,10600.0,10750.0,10583.3,10633.3,142900,105.38406271016656,96.9645986674073,1.0088360418856772
2022/03/04,10400.0,10416.6,10066.6,10100.0,227800,102.45614447201281,94.79917749116406,0.9952790863788502
2022/03/07,9800.0,9923.3,9470.0,9613.3,318700,102.38945419673038,94.82932835232681,1.0354700995322332
2022/03/08,9376.6,9883.3,9376.6,9690.0,337200,106.3704055621621,98.99101707781907,1.0647233286608677
2022/03/09,9813.3,10033.3,9670.0,9860.0,230300,106.42812423285135,98.8826390005887,1.0808852255738135
2022/03/10,10200.0,10300.0,10100.0,10233.3,160400,106.26412254414954,98.30057598426988,1.052866253771254
2022/03/11,9940.0,10066.6,9576.6,9783.3,337500,101.2061862189768,92.90898311622534,0.9794146774179996
2022/03/14,9760.0,9936.6,9673.3,9726.6,185600,101.39214220935683,93.6452562565613,0.9458242841445594
2022/03/15,9560.0,9853.3,9526.6,9750.0,179800,99.0798489308192,91.04771920183885,0.9408610197333824
2022/03/16,9850.0,10050.0,9770.0,10000.0,237000,102.30660528996984,94.32316486515236,0.9540524681250058
2022/03/17,10450.0,10566.6,10300.0,10500.0,189300,102.18021642942008,95.32572574013206,0.9824502908946403
2022/03/18,10600.0,10633.3,10516.6,10633.3,251000,103.28037011145167,98.01722933525973,0.9760806085061244
2022/03/22,10683.3,10733.3,10533.3,10666.6,145600,100.24271628376617,95.95418456773632,0.9228857139160941
2022/03/23,10900.0,11216.6,10883.3,11216.6,194400,100.2598623879824,96.46339717420527,0.9480304370138201
2022/03/24,10916.6,11283.3,10883.3,11283.3,112500,100.42373399665601,96.96859924277965,1.015083192479483
2022/03/25,11500.0,11583.3,11350.0,11433.3,180500,102.3056299536286,98.83903202099373,1.0844212198247234
2022/03/28,11366.6,11433.3,11200.0,11233.3,117600,100.5312838086029,96.57002659345342,0.9718551756757228
2022/03/29,11400.0,11583.3,11400.0,11450.0,165300,101.51777018928156,96.77160995393339,0.9827695253361585
2022/03/30,11500.0,11533.3,11333.3,11366.6,182100,102.16101814400919,97.45093675011913,0.9912287094967226
2022/03/31,11400.0,11666.6,11333.3,11466.6,185900,99.28377264116662,94.53128610701225,1.0136246994697922
2022/04/01,11200.0,11283.3,11050.0,11116.6,238400,97.26333423541948,91.40276283456029,1.0026806483455062
2022/04/04,11000.0,11083.3,10866.6,11050.0,127000,95.39039810570817,89.27772885341189,1.0194382925682173
2022/04/05,11233.3,11316.6,11066.6,11116.6,144200,96.45646290479104,90.4987717269306,1.0259142779103245
2022/04/06,10800.0,10833.3,10683.3,10716.6,161000,93.4444152689133,87.9527306004188,1.0124411705700953
2022/04/07,10333.3,10450.0,10083.3,10116.6,350800,88.24590433156193,82.35605129909143,0.9146844343105482
2022/04/08,10316.6,10333.3,10033.3,10066.6,254000,88.01480129557916,82.42516879117777,0.8883410225256335
2022/04/11,10016.6,10133.3,9916.6,10016.6,183700,87.66661007204034,82.3383916175609,0.9743500522888012
2022/04/12,9916.6,10066.6,9860.0,10016.6,183900,90.04923323075407,83.76787718127908,0.9879319744714284
2022/04/13,9986.6,10200.0,9986.6,10150.0,212400,89.12690820419326,83.4242899195667,0.9825429499794661
2022/04/14,10266.6,10266.6,10133.3,10266.6,139600,89.0078062421202,83.77329445444302,0.9846067958227571
2022/04/15,9993.3,10133.3,9936.6,9963.3,173400,87.79501502344957,82.86216218359161,0.9574208940947506
2022/04/18,10033.3,10066.6,9920.0,10016.6,133300,88.17351460374941,82.84048281267314,0.9581444643028303
2022/04/19,10166.6,10300.0,10133.3,10233.3,157800,88.52021709659881,83.40857907000725,0.9666067255569473
2022/04/20,10366.6,10400.0,9973.3,10016.6,262700,86.58863086981658,81.50423182134674,0.9378703344393945
2022/04/21,10116.6,10466.6,10100.0,10433.3,312500,87.95103060797263,82.78720541271466,0.9928568158341948
2022/04/22,10533.3,10966.6,10450.0,10816.6,645100,92.52469346042433,86.86392788042751,1.0524667065608835
2022/04/25,10466.6,10733.3,10416.6,10500.0,247000,90.56049254133475,84.51133199987723,1.033884952096661
2022/04/26,10800.0,10866.6,10650.0,10700.0,249500,93.4460272443001,87.20635658949102,1.0476595148121781
2022/04/27,10483.3,10700.0,10350.0,10666.6,273000,95.48660540756936,88.97133646065066,1.054861803284863
2022/04/28,10633.3,10700.0,10500.0,10700.0,182500,97.31378195094146,90.61209208835528,1.0226301817709562
2022/05/02,10700.0,10700.0,10250.0,10350.0,264400,96.61312400653958,89.6879947790399,0.9905250467742841
2022/05/06,10333.3,10533.3,10183.3,10533.3,228400,97.32316947660003,90.31948380568127,0.9918821282622637
2022/05/09,10350.0,10466.6,10333.3,10333.3,108400,99.05356546590475,91.79251931197852,1.060761523099403
2022/05/10,10316.6,10450.0,10116.6,10400.0,210900,101.6726688335565,95.16992613855852,1.0758465874647527
2022/05/11,10300.0,10616.6,10300.0,10566.6,165400,105.05679880355743,99.25535012769843,1.1050081330231822
2022/05/12,10350.0,10583.3,10300.0,10450.0,165200,107.28428397795793,101.73508457127805,1.093029515530056
2022/05/13,10600.0,10783.3,10550.0,10733.3,175100,106.766628842653,101.50385075064683,1.0990648189806822
2022/05/16,10850.0,10933.3,10666.6,10783.3,149100,108.3293766986581,104.21997204958117,1.1132914612392115
2022/05/17,10850.0,10933.3,10733.3,10933.3,121500,110.77525584195884,106.24738280501809,1.131154232844979
2022/05/18,11166.6,11366.6,11133.3,11233.3,253200,113.47093371469211,109.49519284765425,1.1485428056195879
2022/05/19,10783.3,11083.3,10783.3,11066.6,153100,112.16401375941452,107.42696305944872,1.1463990265494137
2022/05/20,11116.6,11116.6,10950.0,11116.6,153200,113.38377145588785,108.6203017684136,1.185077798618655
2022/05/23,11316.6,11316.6,11083.3,11133.3,119700,110.85621752148825,106.55770222041676,1.0589455276182531
2022/05/24,11066.6,11133.3,10966.6,11000.0,120200,108.22709722571722,103.60957177691796,1.055292945222714
2022/05/25,11100.0,11283.3,10966.6,11200.0,163100,110.4876231286814,105.32781900004666,1.088221023313811
2022/05/26,11100.0,11266.6,11033.3,11050.0,138400,106.50469855082783,101.01948449020178,1.0400159744929027
2022/05/27,11350.0,11483.3,11316.6,11383.3,183600,110.62215412237298,104.87532147209552,1.0590568841606802
2022/05/30,11616.6,11750.0,11533.3,11733.3,306400,110.46734853708804,104.79103394830082,1.1202559473005709
2022/05/31,11716.6,11833.3,11616.6,11700.0,282300,110.50536943969772,105.3592594833663,1.1242885175445188
2022/06/01,11600.0,11666.6,11566.6,11600.0,157300,110.5012711385185,105.01942236879583,1.0953497518548794
2022/06/02,11650.0,11683.3,11550.0,11650.0,105900,107.53654289070201,103.15325167370337,1.1156682277475678
2022/06/03,11816.6,11933.3,11750.0,11783.3,158500,108.38966228528884,105.37165422296744,1.1217670219255265
2022/06/06,11600.0,11766.6,11600.0,11750.0,112400,107.61592947024828,104.68487325706009,1.1057006205611979
2022/06/07,11650.0,11800.0,11600.0,11716.6,119100,109.73660917622195,106.72289712828129,1.1021863602513307
2022/06/08,11800.0,11833.3,11616.6,11633.3,158700,107.61483495000384,104.59254386623773,1.082217205827936
2022/06/09,11366.6,11566.6,11316.6,11466.6,217000,104.49463636253155,101.28760442514586,1.045215085459738
2022/06/10,11300.0,11333.3,11083.3,11100.0,227900,102.3510419105196,98.92884332035294,0.9758763074026614
2022/06/13,10766.6,10833.3,10583.3,10650.0,212000,99.06567653698022,94.50949042598444,0.9539225978825715
2022/06/14,10466.6,10733.3,10416.6,10650.0,237300,100.63564754483161,95.72750583371052,0.9683541323811888
2022/06/15,10583.3,10700.0,10533.3,10616.6,155300,101.8296605975933,97.43658247737889,0.9776924072429234
2022/06/16,10900.0,11000.0,10700.0,10716.6,192800,101.72011400326504,97.40135439240993,0.9630921056821717
2022/06/17,10266.6,10466.6,10166.6,10383.3,278700,99.57202494363915,94.63488248649986,0.937671721875374
2022/06/20,10416.6,10416.6,9860.0,9926.6,290000,94.64293949784376,90.92957538022452,0.9269338854610093
2022/06/21,9950.0,10200.0,9836.6,10116.6,209800,96.11547382744496,92.19968192935319,0.9214250972827317
2022/06/22,10350.0,10350.0,9956.6,9970.0,262900,94.90591659156277,90.4246470805566,0.91049428485113
2022/06/23,9933.3,10250.0,9926.6,10100.0,233200,96.0648194172009,91.55280047880427,0.925457159038771
2022/06/24,10566.6,10816.6,10383.3,10816.6,366900,102.45476686145585,98.17980006973556,0.9807397566830821
2022/06/27,10900.0,11050.0,10716.6,10983.3,222200,104.4553314069431,100.6339051140153,0.9946390352649914
2022/06/28,10866.6,11233.3,10850.0,11233.3,244500,106.51820534746167,102.2072161813589,1.0062014223805429
2022/06/29,11083.3,11166.6,10900.0,11033.3,288400,104.72367518474405,100.07101021651516,0.9823138170599188
2022/06/30,11133.3,11150.0,10666.6,10733.3,263600,101.95928471125208,97.16740837880286,0.9628665541774917
2022/07/01,10833.3,11000.0,10150.0,10200.0,404300,100.77120745571516,96.27747752832684,0.949356952118136
2022/07/04,9966.6,10166.6,9866.6,10050.0,331000,96.39728298416989,91.89599203253853,0.9027995013773827
2022/07/05,10100.0,10216.6,9973.3,9976.6,293900,94.86577217015461,91.02461874651294,0.8904087852214091
2022/07/06,9976.6,10266.6,9973.3,10200.0,276400,98.51276541550105,94.65831164656043,0.9233021018629497
2022/07/07,9966.6,10183.3,9936.6,10150.0,407600,98.23998368972364,94.42171411153068,0.9085314717682309
2022/07/08,10383.3,10450.0,10233.3,10233.3,247000,99.07419107886656,95.27050006296587,0.9275506810309684
2022/07/11,10366.6,10383.3,10116.6,10216.6,217200,98.2196934912393,94.04187019868175,0.9558253161768043
2022/07/12,10216.6,10233.3,10000.0,10116.6,192600,101.6721398481957,97.41615339874302,0.9669473089324166
2022/07/13,10200.0,10283.3,10066.6,10133.3,129900,99.53030697869207,95.74507445848492,0.9644904057396191
2022/07/14,10116.6,10433.3,10083.3,10400.0,191000,101.42585717111221,97.90541561975085,0.9773947242211808
2022/07/15,10400.0,10466.6,10100.0,10100.0,291800,98.51951020794328,96.22286746784867,0.9383214002607021
2022/07/19,10250.0,10383.3,10150.0,10233.3,185600,101.25231717144132,98.94751040503324,0.9825656061546266
2022/07/20,10500.0,10633.3,10450.0,10566.6,224900,102.93161488172169,101.19249630428328,0.9784200389059615
2022/07/21,10483.3,10550.0,10383.3,10433.3,265900,100.91465281941403,99.51440257156939,0.971919922829968
2022/07/22,10566.6,10683.3,10483.3,10633.3,342900,102.43772367651512,101.14306627555405,0.9981393172200992
2022/07/25,10566.6,10600.0,10400.0,10400.0,210600,100.96934154594186,99.57351557872272,0.8943484391945223
2022/07/26,10400.0,10466.6,10350.0,10466.6,144900,102.44376015197807,101.02259692398161,0.8988254049260391
2022/07/27,10400.0,10733.3,10400.0,10716.6,158400,104.38651434554369,103.48696364334286,0.9277310482881137
2022/07/28,10883.3,10916.6,10683.3,10750.0,202200,102.58558769611197,101.57879066627795,0.9190373424198225
2022/07/29,10700.0,10916.6,10683.3,10766.6,202600,101.75933861251269,101.5950263707769,0.9446462132647979
2022/08/01,10833.3,10966.6,10750.0,10966.6,161600,103.651601585989,103.37491909467698,1.0722212021145474
2022/08/02,10950.0,10950.0,10750.0,10800.0,151900,101.74107713126985,101.86574849380472,1.0818277017079152
2022/08/03,10500.0,10800.0,10500.0,10800.0,169200,99.58510129914796,99.67037510468174,1.0828255834927956
2022/08/04,10933.3,11233.3,10933.3,11200.0,237800,100.76921550349253,101.41887195408563,1.211035001523163
2022/08/05,11216.6,11483.3,11216.6,11416.6,158200,102.94448401266749,103.30648014330528,1.1656851737515972
2022/08/08,11383.3,11533.3,11266.6,11300.0,146800,100.50054156922204,101.01249496148557,1.1630496973211102
2022/08/09,11133.3,11283.3,11083.3,11183.3,141700,100.34813173767894,100.71196074289266,1.1564898832492532
2022/08/10,10966.6,11033.3,10850.0,10916.6,148300,101.21163337146442,101.3657572191708,1.123229105626792
2022/08/12,11133.3,11350.0,11066.6,11266.6,145600,105.83138531825527,107.06805415015224,1.10267895011124
2022/08/15,11416.6,11483.3,11383.3,11450.0,110800,104.95360385043533,106.76935264729221,1.1064137784671566
2022/08/16,11483.3,11616.6,11383.3,11400.0,153200,104.97263908076565,106.80338162350493,1.1103558387703973
2022/08/17,11450.0,11650.0,11400.0,11616.6,171300,103.29029447252758,104.89303893028944,1.1203478198059944
2022/08/18,11433.3,11600.0,11366.6,11566.6,135000,105.68211023942192,106.86063969315728,1.1266095660533257
2022/08/19,11750.0,11966.6,11700.0,11916.6,274600,108.55552867198158,109.6238390164663,1.1823469738158094
2022/08/22,11800.0,12033.3,11783.3,12000.0,188200,110.88540462641954,111.61557182922787,1.2188828195002428
2022/08/23,11883.3,11983.3,11850.0,11916.6,228100,110.79313650819414,111.52498219053135,1.2067131919240903
2022/08/24,11783.3,11883.3,11550.0,11600.0,221500,109.57133965672425,110.10489396640459,1.1369652638782195
2022/08/25,11600.0,11666.6,11500.0,11616.6,130000,108.28795795410554,108.84374361851863,1.1221351572530804
2022/08/26,11716.6,11850.0,11650.0,11683.3,90400,108.07017245419472,109.10609803127262,1.0857811091071323
2022/08/29,11233.3,11350.0,11216.6,11283.3,162700,105.93794951418988,106.60998213559174,1.06499721538245
2022/08/30,11366.6,11450.0,11300.0,11416.6,137800,106.46208208608614,106.4470343021981,1.059624783756185
2022/08/31,11266.6,11400.0,11233.3,11400.0,147700,107.90548497088975,107.49884841395318,1.0600294828074024
2022/09/01,11250.0,11333.3,10983.3,11050.0,194600,105.41529531577751,104.69552229070547,1.0084720773581095
2022/09/02,11116.6,11150.0,10883.3,10966.6,168300,104.07657723667427,103.16336310198521,1.0070022844118487
2022/09/05,10866.6,11033.3,10800.0,11000.0,125200,105.31335458247852,103.7854139281989,0.9665610117777937
2022/09/06,11100.0,11300.0,11050.0,11166.6,123000,108.12609441690387,106.94073221381034,0.9789698369328802
2022/09/07,11250.0,11250.0,11050.0,11183.3,167100,106.53543434139334,105.11234479994651,0.9855120017780593
2022/09/08,11383.3,11550.0,11283.3,11550.0,218900,107.38770605995865,105.94027219387527,0.980832530559259
2022/09/09,11533.3,11650.0,11433.3,11633.3,193300,105.12074541451568,103.88668878727216,1.0067424096118704
2022/09/12,11733.3,11783.3,11600.0,11633.3,91400,103.99347205208404,103.27004708750074,0.9885281028016254
2022/09/13,11666.6,11783.3,11650.0,11783.3,106100,104.23491611970017,103.7257546597962,0.9955460980106945
2022/09/14,11300.0,11583.3,11300.0,11500.0,156800,104.53070748421098,102.59269942715142,0.9897756786244379
2022/09/15,11500.0,11566.6,11450.0,11533.3,109300,111.8511202317434,110.18983183051871,0.9978861967047087
2022/09/16,11383.3,11533.3,11250.0,11316.6,306400,109.66801565364266,107.38766109609625,0.9696581591523185
2022/09/20,11433.3,11533.3,11333.3,11400.0,154900,109.36891858322706,107.59614859837829,0.934855118933771
2022/09/21,11366.6,11433.3,11116.6,11150.0,199100,109.49909389459704,107.35337698658738,0.9274119364758261
2022/09/22,11016.6,11400.0,10933.3,11383.3,257500,113.89940858864831,111.56389576880098,0.9709558407391807
2022/09/26,11150.0,11266.6,11033.3,11150.0,354300,115.27116206608157,112.83034765500275,1.0034763020144692
2022/09/27,11200.0,11333.3,11166.6,11266.6,252400,115.6465711262919,113.15436522173495,1.0070018079144876
2022/09/28,11266.6,11483.3,11083.3,11283.3,283600,119.77656657471157,116.5883111967398,1.0132602441081684
2022/09/29,11333.3,11350.0,11083.3,11316.6,231700,120.71401330603535,117.64327775775065,1.011344060765747
2022/09/30,11150.0,11150.0,10550.0,10666.6,364700,114.50375432027195,111.68002850580108,0.9653526356120625
2022/10/03,10733.3,11133.3,10683.3,11050.0,270300,121.27090642952925,119.41025054096441,1.0125853107779785
2022/10/04,11450.0,11450.0,11233.3,11283.3,252100,121.14811960098896,120.05284987925397,0.9881624414227291
2022/10/05,11366.6,11433.3,11266.6,11366.6,194700,120.10223288107488,120.11386989097241,0.9909340657286461
2022/10/06,11366.6,11750.0,11366.6,11700.0,252400,121.44645849397038,120.90557025072808,1.0144234189225336
2022/10/07,11233.3,11333.3,10866.6,10866.6,621200,113.2730582872915,112.6673852450815,0.8927674691091327
2022/10/11,10400.0,10500.0,10300.0,10383.3,427200,115.13450473695255,114.0861324274835,0.8887687765561888
2022/10/12,10216.6,10333.3,10083.3,10200.0,357300,114.33950131697279,113.27135582549776,0.8604583788560181
2022/10/13,10233.3,10433.3,10166.6,10333.3,290500,116.00227752187764,114.21051687900095,0.8758852613980015
2022/10/14,10600.0,10633.3,10300.0,10450.0,327800,112.12944321237231,111.42229439624083,0.8655293510938997
2022/10/17,10216.6,10516.6,10200.0,10433.3,192400,111.06314697062354,110.06842524450815,0.893320312050734
2022/10/18,10600.0,10633.3,10333.3,10533.3,287700,108.962408903588,107.9468808508289,0.8934783695150395
2022/10/19,10500.0,10583.3,10450.0,10566.6,225500,110.64595980978392,109.72359271188725,0.8968355537706212
2022/10/20,10483.3,10550.0,10300.0,10333.3,331100,109.47910809494275,108.71711568870887,0.870883770845256
2022/10/21,10566.6,11183.3,10466.6,11150.0,801100,115.58494685310737,114.79812364358341,1.2322640666704763
2022/10/24,11200.0,11533.3,11200.0,11416.6,439700,116.01856924539904,115.70011323205658,1.193956046076688
2022/10/25,11316.6,11583.3,11283.3,11516.6,282400,119.04110511198867,117.95324881567136,1.1913676620433526
2022/10/26,11466.6,11500.0,11300.0,11433.3,227100,119.68300403609655,118.4521754573471,1.176843374414803
2022/10/27,11433.3,11683.3,11383.3,11683.3,250700,118.97035898367288,118.45644917243456,1.2155370657575293
2022/10/28,11550.0,11650.0,11433.3,11583.3,326200,121.05075275223933,119.66906205424695,1.2003621160146212
2022/10/31,11850.0,11933.3,11700.0,11900.0,251500,121.9885744054648,120.29671424263898,1.2289425430919292
2022/11/01,11816.6,11983.3,11783.3,11950.0,148800,121.77068002315269,119.66017690890733,1.2317272678516116
2022/11/02,11950.0,12033.3,11750.0,11766.6,181000,119.18229125618728,117.22180012484908,1.2094636908081056
2022/11/04,11616.6,11833.3,11600.0,11783.3,180800,119.7034301707398,117.1879065845005,1.1726730730736379
2022/11/07,11883.3,11933.3,11733.3,11916.6,188800,117.18787425853196,115.04309212862192,1.230758260918678
2022/11/08,12016.6,12233.3,11966.6,12233.3,219200,116.4985183456771,114.34309916932372,1.2356622147913514
2022/11/09,12466.6,13100.0,12316.6,12833.3,614100,122.89188802704312,120.53145214882315,1.2790092097299126
2022/11/10,12616.6,12800.0,12500.0,12516.6,306800,121.01511974412766,117.99177013033211,1.2680525610258557
2022/11/11,13166.6,13516.6,13116.6,13333.3,482300,124.34869837998673,122.46573311819195,1.2883948246047598
2022/11/14,13500.0,13766.6,13450.0,13666.6,438600,127.2845952944856,125.12971617413848,1.2360643729144463
2022/11/15,13633.3,14033.3,13466.6,13933.3,286500,129.59180864389975,127.05390990230082,1.2643528309015823
2022/11/16,13700.0,13983.3,13566.6,13666.6,396700,127.73005816918983,125.19767708547388,1.2636626411771132
2022/11/17,13200.0,13450.0,13033.3,13400.0,331500,128.50936320690508,125.53722733614543,1.2467829899498641
2022/11/18,13633.3,13666.6,13250.0,13366.6,247300,126.86436409915058,123.67903792291615,1.2459597549866248
2022/11/21,13433.3,13550.0,13366.6,13500.0,137800,130.3665821618628,126.71441379402377,1.1085612842666528
2022/11/22,13450.0,13500.0,13316.6,13466.6,168500,130.55906271420486,126.80113853283501,1.091493017249236
2022/11/24,13766.6,14000.0,13733.3,13933.3,190400,134.91879746248475,130.25680096753544,1.110395758854706
2022/11/25,13866.6,13900.0,13733.3,13783.3,125200,133.2337460294104,128.91778245264902,1.1141942396971098
2022/11/28,13800.0,13816.6,13600.0,13700.0,129200,129.1915967438578,125.05527583363028,1.1054721971808228
2022/11/29,13583.3,13583.3,13450.0,13533.3,158200,123.62462821438068,120.50224249849973,1.1031128473180218
2022/11/30,13333.3,13550.0,13100.0,13533.3,366200,125.3526594266055,122.4159877527378,1.1058621493073482
2022/12/01,13783.3,13916.6,13566.6,13633.3,230200,123.73865155586377,122.03941110457599,1.113204114115742
2022/12/02,13466.6,13816.6,13433.3,13733.3,270200,127.52585720029165,126.6317899498911,1.1691815283513072
2022/12/05,13683.3,13750.0,13350.0,13366.6,154900,122.91368051425096,122.42025593713667,1.1251718131382833
2022/12/06,13266.6,13516.6,13233.3,13433.3,176600,124.615934189153,124.6025017457238,1.1281225127523173
2022/12/07,13466.6,13533.3,13283.3,13283.3,152000,126.84044333045922,125.04797332937522,1.1238581061178903
2022/12/08,13416.6,13450.0,13216.6,13316.6,150400,125.73278265208248,123.7587697238664,1.1271085557266671
2022/12/09,13600.0,13733.3,13466.6,13733.3,176700,127.05827031327792,125.54469518194873,1.0307400036578023
2022/12/12,13566.6,13583.3,13500.0,13550.0,86200,126.33065139721673,124.1151067299102,1.007346421917247
2022/12/13,13666.6,13700.0,13533.3,13616.6,116300,127.44858523942244,125.8251697316744,1.0055607010386305
2022/12/14,13733.3,13783.3,13616.6,13733.3,105100,127.35172635649342,126.41920182530508,1.0038048782105835
2022/12/15,13650.0,13700.0,13550.0,13616.6,83400,127.30060156479456,125.2955013372485,0.9656373407055917
2022/12/16,13266.6,13350.0,13166.6,13266.6,282900,124.87964942809775,122.53924857285203,0.9732607386364394
2022/12/19,13133.3,13433.3,13116.6,13316.6,120700,124.55014445011476,121.80012579250383,1.018190661329395
2022/12/20,13350.0,13450.0,13000.0,13050.0,266900,123.23481073743217,118.67804891702629,1.0128430769325996
2022/12/21,12950.0,12983.3,12550.0,12633.3,281100,120.12642943770845,115.56427244932624,0.9654520602488468
2022/12/22,12750.0,12883.3,12700.0,12700.0,218000,120.50118268987751,115.64046606029383,0.9774327068226871
2022/12/23,12500.0,12616.6,12200.0,12433.3,290700,117.93028827228132,112.52473438954216,0.8758513294836869
2022/12/26,12400.0,12766.6,12400.0,12700.0,173900,118.89697057040223,113.82058967887984,0.9414606016620343
2022/12/27,12900.0,12900.0,12500.0,12633.3,154000,118.51054261510122,113.1791536726571,0.9221125406830469
2022/12/28,12566.6,12783.3,12500.0,12766.6,196200,119.57788092185177,114.09688587094975,0.9416948708926849
2022/12/29,12650.0,12816.6,12600.0,12750.0,141400,120.07175954070526,114.39282030641395,0.9536556194368359
2022/12/30,12733.3,12850.0,12583.3,12583.3,152100,117.74933865597508,112.53868777455345,0.9304588898085968
2023/01/04,12233.3,12483.3,12233.3,12316.6,157200,119.0515172602525,113.93884588079315,0.9368811043676332
2023/01/05,12433.3,12583.3,12383.3,12433.3,136300,119.11114920973351,115.3602810272068,0.9401401107596109
2023/01/06,12450.0,12716.6,12350.0,12716.6,161800,118.32752304325278,114.82004441032032,0.9909499137470895
2023/01/10,13050.0,13050.0,12783.3,12883.3,132200,120.09380226412219,117.65728905312791,0.9816873600828376
2023/01/11,13116.6,13200.0,13016.6,13133.3,172900,119.87699626663316,117.05663229927981,0.9950423668370073
2023/01/12,13350.0,13416.6,12783.3,12866.6,302000,119.12895659697584,116.24693804916437,0.9181974827857826
2023/01/13,12766.6,13116.6,12766.6,13083.3,217700,120.23527963115454,116.04068419239411,0.9402494580007628
2023/01/16,13016.6,13183.3,12833.3,12833.3,136900,120.01166063404058,115.19657912179693,0.8986908945864941
2023/01/17,12950.0,13200.0,12900.0,12983.3,132500,119.28349191181722,114.7176208093128,0.9070505911555988
2023/01/18,13033.3,13333.3,12950.0,13183.3,151800,119.43515130863038,115.57949721048135,0.8937520477534883
2023/01/19,13000.0,13183.3,13000.0,13050.0,104300,123.84348586123338,119.15289170660957,0.8976959146869999
2023/01/20,12983.3,13066.6,12916.6,13033.3,109600,126.64563096120398,122.20760909913434,0.9618187740039138
2023/01/23,13300.0,13300.0,13166.6,13300.0,158700,126.46670734934828,122.3555184324691,0.9678104752722081
2023/01/24,13466.6,13700.0,13416.6,13466.6,239600,128.48530375548174,124.28045182454932,0.9645775977092503
2023/01/25,13000.0,13233.3,12950.0,13000.0,478700,119.05270824205454,115.3280540620417,0.9327969048795504
2023/01/26,13116.6,13366.6,12883.3,13016.6,341600,118.00327432722084,114.90114326671221,0.9518225599732463
2023/01/27,12950.0,13016.6,12750.0,12933.3,262200,123.31412189972708,119.64215336661341,0.9275291628855586
2023/01/30,12966.6,13133.3,12866.6,13083.3,181300,124.22154710990365,120.70130567569682,0.9469589013765
2023/01/31,13033.3,13133.3,12900.0,12900.0,147700,119.65059528060922,115.90706124559505,0.941868522867009
2023/02/01,13033.3,13166.6,13016.6,13100.0,176400,119.36149000878346,116.4078891517315,0.9492766349444248
2023/02/02,13333.3,13533.3,13250.0,13533.3,259000,125.34741293215303,123.18375769463911,0.9818190035735493
2023/02/03,13533.3,13566.6,13366.6,13450.0,164600,124.22254202466823,122.02766245176913,0.9750725469537568
2023/02/06,13516.6,13516.6,13183.3,13233.3,150000,121.1233828293861,119.78974788517824,0.9197013712465041
2023/02/07,13283.3,13466.6,13200.0,13466.6,182300,123.64857322224134,122.34446503183271,0.9432886963664945
2023/02/08,13616.6,13866.6,13616.6,13816.6,216800,123.98203697267327,122.11553872184575,0.9665882308983126
2023/02/09,13600.0,13666.6,13516.6,13566.6,138600,118.96551364028562,117.14911982224775,0.9559362689848755
2023/02/10,13383.3,13750.0,13350.0,13516.6,181400,118.28101172372352,117.4388829120604,0.9491001363291707
2023/02/13,13433.3,13550.0,13316.6,13333.3,122300,117.71353083033095,116.39046393660163,1.0147670694385396
2023/02/14,13550.0,13650.0,13483.3,13600.0,115100,120.88211191920557,119.31598100661549,1.0292359552364745
2023/02/15,13700.0,13750.0,13433.3,13483.3,156400,120.20512019135101,117.8967979023917,1.0204544522997028
2023/02/16,13650.0,13850.0,13633.3,13850.0,221000,117.90636543027115,115.7277249267118,1.0529589361878346
2023/02/17,13616.6,13700.0,13433.3,13433.3,206200,117.36251586030357,115.01316181125745,1.0121347330862247
2023/02/20,13400.0,13400.0,13250.0,13333.3,133200,115.16290441067851,112.57517342577295,0.9918893752707134
2023/02/21,13400.0,13416.6,13166.6,13266.6,139300,118.99753700454684,116.40068646453561,0.9884635677381368
2023/02/22,13100.0,13416.6,13083.3,13416.6,203800,127.07351388692084,124.7192094212616,1.0090521893505577
2023/02/24,13833.3,14533.3,13800.0,14416.6,644300,128.93604117381875,126.15248129039307,1.1258940631391052
2023/02/27,14183.3,14216.6,13900.0,14066.6,317100,126.96591323147679,124.28781426695498,1.099239766617629
2023/02/28,14100.0,14333.3,14066.6,14233.3,238700,129.3045498362431,125.82442780129965,1.1090331993548477
2023/03/01,14333.3,14583.3,14183.3,14533.3,249000,133.18465708724776,129.27167115264257,1.124079843056617
2023/03/02,14566.6,14566.6,14000.0,14000.0,342000,127.2493255944212,124.21789069750426,1.0718402055849119
2023/03/03,14083.3,14233.3,13933.3,13950.0,320900,128.5144068751754,126.17895380688455,1.0547284038333482
2023/03/06,14233.3,14450.0,14216.6,14366.6,258800,133.4812658201764,131.65244344208443,1.0731629175943236
2023/03/07,14333.3,14400.0,14266.6,14350.0,147200,129.68636289116412,127.44335013896631,1.0647047224987163
2023/03/08,14283.3,14466.6,14250.0,14333.3,126400,126.32251828757677,124.65159231250962,1.0599995161266853
2023/03/09,14633.3,14733.3,14566.6,14700.0,206700,128.93032233259166,126.92900223350443,1.0492793399955582
2023/03/10,14466.6,14766.6,14433.3,14633.3,242300,133.73040703333413,132.4904212415936,1.0613175374749588
2023/03/13,14466.6,14583.3,14383.3,14583.3,171100,136.32974113378754,135.79229653846173,1.1031065116449479
2023/03/14,14433.3,14433.3,14066.6,14133.3,271400,134.96959638700014,135.95749735563837,1.1784070648256664
2023/03/15,14366.6,14416.6,14283.3,14316.6,208300,135.4503987465059,135.36027870742646,1.172719174951972
2023/03/16,14083.3,14516.6,14083.3,14383.3,205300,135.16963915361572,134.29024011347354,1.1869621642034685
2023/03/17,14683.3,14700.0,14516.6,14666.6,256600,135.37566332692532,134.40059543756428,1.1951179832777306
2023/03/20,14700.0,14700.0,14316.6,14316.6,175100,135.6059001851774,134.52784905982494,1.2230078173635484
2023/03/22,14450.0,14583.3,14416.6,14500.0,183900,131.97212086245557,130.3112500504794,1.2092784804915486
2023/03/23,14350.0,14750.0,14316.6,14750.0,205800,134.01749087463676,132.3430923405948,1.2408078697094316
2023/03/24,14833.3,15083.3,14766.6,14766.6,287200,132.76027165942682,130.88159247471233,1.2144651953781072
2023/03/27,14733.3,14883.3,14633.3,14800.0,181300,133.99048589355374,132.52545208533266,1.082209540832568
2023/03/28,14666.6,14800.0,14550.0,14800.0,173700,132.70615637887332,130.90008751298942,1.0794605178687453
2023/03/29,14650.0,14883.3,14550.0,14883.3,183300,131.61260907326255,129.10946849957824,1.0713192332208843
2023/03/30,15070.0,15280.0,14650.0,14820.0,723700,129.42403773438414,126.83901049387485,1.0370604982785674
2023/03/31,15080.0,15350.0,14910.0,15300.0,951400,135.78899651985253,133.5631583074076,1.0565682736284454
2023/04/03,15100.0,15140.0,14610.0,14730.0,958100,131.1671501702809,129.0715410611822,1.0099003565868772
2023/04/04,14710.0,14830.0,14360.0,14450.0,664400,127.69077031520324,125.25356305186173,0.9481712669146689
2023/04/05,14250.0,14420.0,14150.0,14260.0,817700,130.84969160983056,128.9777569832159,0.9566077249642977
2023/04/06,14100.0,14100.0,13800.0,13930.0,790200,134.7671383083565,132.8937661189349,0.9286350995216417
2023/04/07,13950.0,14330.0,13950.0,14160.0,563100,137.9411936705257,135.75001997604502,0.9780643769539163
2023/04/10,14230.0,14360.0,14010.0,14170.0,300600,137.30757445902847,135.24623442197253,0.9204681934836436
2023/04/11,14380.0,14480.0,14280.0,14420.0,608800,135.77196112889183,134.6939199537097,0.932091567985033
2023/04/12,14240.0,14540.0,14200.0,14540.0,434900,136.92996047335967,134.90992299648138,0.9446023488743379
2023/04/13,14310.0,14460.0,14230.0,14460.0,509300,135.91811382833916,133.8390464905244,0.9293526918268757
2023/04/14,14600.0,14610.0,14410.0,14520.0,466300,138.57286937532115,136.89785978359217,0.9415524530938992
2023/04/17,14610.0,14660.0,14450.0,14640.0,377600,137.3664943195871,135.5656791381684,0.9344521014020767
2023/04/18,14600.0,14610.0,14280.0,14380.0,563200,132.31485173361713,130.5248468463801,0.9010240647058586
2023/04/19,14660.0,14940.0,14440.0,14550.0,842400,138.2062890842495,136.3434876875011,0.9383740645260737
2023/04/20,14460.0,14640.0,14360.0,14590.0,672200,134.4510111201072,132.1806681092779,0.9527156673592106
2023/04/21,15190.0,16680.0,15180.0,16640.0,3766000,145.9793682356131,144.01724846262206,1.2647201639167074
2023/04/24,16630.0,16670.0,16070.0,16170.0,1798000,143.21357146654196,141.84381595609958,1.1892363733926374
2023/04/25,16150.0,16430.0,16060.0,16110.0,895800,140.4604714208968,138.4961291254108,1.1840362612906103
2023/04/26,15950.0,16090.0,15470.0,15570.0,1017300,135.54278454041594,134.20352232851423,1.1594930036293751
2023/04/27,15270.0,15310.0,14960.0,15290.0,1472200,134.8138581751573,133.55426146125555,1.1529047733542086
2023/04/28,15410.0,15420.0,15020.0,15410.0,923200,138.37400363084765,137.37349681271365,1.1634855670182647
2023/05/01,15560.0,15630.0,15290.0,15500.0,728500,137.90738491479652,136.80738831056703,1.1464323770629163
2023/05/02,15450.0,15950.0,15400.0,15910.0,767600,139.8845538756957,139.4285834818462,1.1671482899405732
2023/05/08,15820.0,16160.0,15720.0,16120.0,833900,141.82546817512963,141.47758327613926,1.107939950828921
2023/05/09,16330.0,16380.0,16090.0,16350.0,728700,140.67624285472223,139.5855283545091,1.121531938724438
2023/05/10,16630.0,16970.0,16470.0,16680.0,910500,142.09023345993262,140.0898996081449,1.138684860993004
2023/05/11,16990.0,17090.0,16750.0,16800.0,762800,142.1206074269945,141.16967062709884,1.1531314429124306
2023/05/12,16810.0,17170.0,16690.0,17170.0,896200,143.8537239231741,142.25169540195324,1.1629090743214332
2023/05/15,17450.0,17620.0,17260.0,17270.0,863200,143.50892623114123,141.1024455576789,1.1537489523768447
2023/05/16,17630.0,18050.0,17600.0,18020.0,1061000,147.23710200588945,144.63591076754875,1.1906949146174894
2023/05/17,18070.0,18150.0,17740.0,17760.0,1083100,141.3821781240594,139.65628721070917,1.1835416079146917
2023/05/18,18400.0,18890.0,18330.0,18580.0,1241600,144.9876043186604,144.72443676122828,1.2126818681579028
2023/05/19,18760.0,18870.0,18300.0,18630.0,925600,145.45145997995277,145.5450152599151,1.2009112016147268
2023/05/22,18630.0,19070.0,18630.0,19020.0,782700,148.38790895604208,148.7504624917155,1.1870443156179127
2023/05/23,19040.0,19150.0,18730.0,18880.0,821800,148.29729284881833,149.1460595994601,1.303787928192271
2023/05/24,18610.0,19450.0,18610.0,19100.0,1218800,148.27641127083524,148.682359558765,1.2708495117334917
2023/05/25,19870.0,20120.0,19430.0,19590.0,1228000,153.1320722700231,155.09954930343056,1.3340281783673738
2023/05/26,19970.0,20490.0,19780.0,20100.0,1128000,152.9600578153817,155.30000838009482,1.494258099461479
2023/05/29,21100.0,21240.0,20180.0,20440.0,1133100,152.65297041736548,154.99906869715392,1.4650669221544668
2023/05/30,20340.0,20670.0,20190.0,20490.0,770300,152.49738287395175,155.1312344747479,1.4710489065298171
2023/05/31,20490.0,20740.0,20220.0,20350.0,1618600,155.95003760095497,159.62303200914997,1.5063705020988278
2023/06/01,19900.0,20580.0,19830.0,20580.0,1103600,155.47467118687646,158.33197975728413,1.4642620131286237
2023/06/02,20580.0,20810.0,20410.0,20630.0,962600,154.18139351326911,155.0606327678625,1.4286788602293614
2023/06/05,20630.0,21025.0,20145.0,21005.0,1008100,154.89785509985714,156.1620043989214,1.4287327370025122
2023/06/06,20835.0,21625.0,20815.0,21570.0,1218400,158.25680187990326,160.28578372392099,1.55992872102831
2023/06/07,21460.0,21580.0,20240.0,20340.0,1600800,154.6846394356706,156.1152298530265,1.4796260079609098
2023/06/08,20200.0,20815.0,20080.0,20570.0,1553800,160.14405676571803,161.18139051785022,1.5431650182442618
2023/06/09,20820.0,21205.0,20655.0,21190.0,1196500,164.62588072301884,166.76450849317172,1.5242261089164961
2023/06/12,20840.0,21315.0,20770.0,21150.0,686100,165.24257017718298,168.6347640464299,1.4318375541651678
2023/06/13,21605.0,22340.0,21560.0,22140.0,1240100,167.6631337863408,172.4247915532882,1.5083506522353372
2023/06/14,22365.0,22540.0,21680.0,22220.0,1367400,164.46365489440697,169.28810807280007,1.4931485044131887
2023/06/15,22585.0,23235.0,22455.0,22660.0,1699800,166.90260192913092,172.1661813438926,1.3881976135427803
2023/06/16,22345.0,23165.0,22180.0,23165.0,1496000,171.84762269864257,178.053336849159,1.453875030855546
2023/06/19,22860.0,22925.0,22415.0,22585.0,1400600,175.7085434142661,180.6789884026865,1.2886431603686184
2023/06/20,22620.0,23260.0,22550.0,23180.0,834700,180.1129193060599,186.22416880616558,1.3458391369531384
2023/06/21,23370.0,23610.0,23205.0,23355.0,1055800,182.44463657174407,189.1008634462832,1.3205686930947083
2023/06/22,22895.0,22950.0,22300.0,22350.0,1313100,174.09835139422526,178.43075450588813,1.2550231876197975
2023/06/23,22550.0,23180.0,21830.0,22235.0,1332300,166.12357430631087,169.43733481868287,1.272747339778421
2023/06/26,21740.0,22180.0,21680.0,21830.0,822800,163.33420178764254,165.97716267049404,1.0768418512494509
2023/06/27,21330.0,21545.0,21055.0,21465.0,1231600,158.84993302152168,161.7124505558826,1.0642291733278186
2023/06/28,21820.0,22230.0,21585.0,22230.0,799100,162.6986343534695,165.9785620438383,1.0719218706608618
2023/06/29,22395.0,22795.0,22240.0,22505.0,741900,166.51398712560493,170.8278141357511,1.0848653614641197
2023/06/30,22105.0,22675.0,22055.0,22610.0,740900,173.2217151605873,178.70482682280334,1.090046096795177
2023/07/03,23255.0,23715.0,23235.0,23570.0,943800,181.72382092425835,188.9418591866226,1.1166369783475791
2023/07/04,23335.0,24200.0,23270.0,23960.0,1118700,189.8693709530119,195.67249749025754,1.1966878646653563
2023/07/05,24140.0,24420.0,23910.0,24145.0,1110200,185.37286357190615,190.51669416915755,1.1995147905787074
2023/07/06,23205.0,23800.0,23175.0,23520.0,1013900,187.30331313947275,191.5529083526817,1.1608266855201637
2023/07/07,23390.0,23660.0,22980.0,23105.0,1112200,184.85363913476135,188.98782802599217,1.2149074000712514
2023/07/10,22800.0,23020.0,22385.0,22525.0,1126300,183.6433242023262,188.17282701070837,1.1785734263221488
2023/07/11,22970.0,23370.0,22810.0,23260.0,824100,188.03201916072098,193.6177435279208,1.2144012399365105
2023/07/12,23020.0,23080.0,22345.0,22425.0,803200,183.4387207917757,188.1640335921107,1.1779571425863329
2023/07/13,22815.0,22955.0,22195.0,22900.0,849000,180.96208431346793,185.8468666652719,1.1261465097715195
2023/07/14,22980.0,23780.0,22940.0,23325.0,1265200,190.99427363253446,195.19229791319097,1.1603019809938309
2023/07/18,23625.0,24050.0,23490.0,23690.0,840800,192.085507134759,195.57702453872594,1.1249089754688466
2023/07/19,23790.0,23915.0,23370.0,23915.0,1071400,190.4415878417783,193.3025265222937,1.1323207023653903
2023/07/20,23415.0,23855.0,23060.0,23105.0,1140300,189.50438998302332,191.05962328709091,1.0287306809178547
2023/07/21,22605.0,24075.0,22370.0,23205.0,3564700,188.57589855377233,188.68818075727143,1.036710755808414
2023/07/24,23535.0,24165.0,22990.0,24165.0,1402200,196.81637717036182,197.9309192290498,1.1434897209995851
2023/07/25,24490.0,24720.0,24020.0,24660.0,1483100,199.3650394617551,200.32715328633057,1.1918641399539989
2023/07/26,25035.0,25375.0,24685.0,24835.0,1518100,196.6105018978326,197.50184215492118,1.206029395201388
2023/07/27,24865.0,26430.0,24820.0,26225.0,2332400,206.30720767355655,207.1458629164032,1.259317226442838
2023/07/28,25865.0,26525.0,25625.0,26225.0,1928900,206.7157886216219,206.32739166816742,1.3150081550269377
2023/07/31,26800.0,27025.0,26490.0,26640.0,1339100,204.99466305145563,205.01031811026587,1.2492049385188964
2023/08/01,27055.0,27820.0,26905.0,27720.0,1221800,211.5702191402666,211.4390166683782,1.3028492908589973
2023/08/02,27830.0,27940.0,26710.0,27010.0,1797200,212.12270553024223,209.78350262407906,1.304717204191845
2023/08/03,26330.0,27440.0,26085.0,27305.0,1708800,211.7497880305247,207.50837869093047,1.2805217638570545
2023/08/04,27310.0,27860.0,27020.0,27145.0,1334900,208.10011431076362,203.53831175584526,1.2489863944756072
2023/08/07,26955.0,26990.0,26030.0,26745.0,1187200,207.29069384682052,202.22269590504442,1.2534800099027004
2023/08/08,26950.0,27005.0,25800.0,25905.0,1138500,200.32287155123547,195.7871913375978,1.1887161621030051
2023/08/09,25850.0,26555.0,25640.0,26265.0,901300,207.83678020922832,203.81857935927087,1.237784836623799
2023/08/10,25765.0,26050.0,25430.0,25975.0,991100,202.671063152307,197.487350508461,1.200273247239201
2023/08/14,25300.0,25590.0,24805.0,25090.0,1163100,197.33605214786084,190.69644326572103,1.1874814920764394
2023/08/15,26090.0,26285.0,25755.0,25865.0,1119300,203.16923136360407,196.33975619787017,1.2441279582282327
2023/08/16,25870.0,26590.0,25635.0,26140.0,1187100,207.0018303740924,199.75696370476862,1.284048602057764
2023/08/17,25920.0,26420.0,25565.0,25980.0,932300,205.551099031723,198.43709216541416,1.286899977290774
2023/08/18,25665.0,26290.0,25270.0,25905.0,1031200,199.96476534945623,193.79713345229084,1.3003107653780188
2023/08/21,25910.0,26160.0,25605.0,26000.0,789200,197.6455517243854,192.60752148496488,1.2584970042510009
2023/08/22,27000.0,27110.0,26375.0,26860.0,1093000,201.31538800594853,196.1249695169385,1.3041373217191334
2023/08/23,26770.0,27050.0,26575.0,26795.0,913900,204.31472560241804,199.55715577247943,1.2802296557630444
2023/08/24,28000.0,28460.0,27805.0,27930.0,1682000,212.07343462431103,207.8367734194028,1.3133036135669491
2023/08/25,27205.0,27250.0,26185.0,26250.0,1423400,203.48718879638204,196.24674809476198,1.0909058348953808
2023/08/28,26650.0,27520.0,26495.0,27465.0,1116500,210.94493932898052,205.7643394160622,1.0385670755839864
2023/08/29,27550.0,27695.0,27145.0,27430.0,822100,210.20864871836355,205.31785491171433,1.0354385895739067
2023/08/30,28350.0,28875.0,28065.0,28595.0,1662500,217.92570632197516,212.8599567155709,1.113317523462025
2023/08/31,28670.0,28870.0,28310.0,28745.0,1319300,220.597263791319,215.90486114883998,1.042957793413907
2023/09/01,28740.0,28830.0,27890.0,28075.0,1286800,216.40501210228865,210.29147382591196,1.0242778072357022
2023/09/04,28030.0,28130.0,27645.0,27965.0,807500,213.17039841583494,206.57405069811495,1.0057502722330327
2023/09/05,27600.0,28110.0,27520.0,28110.0,926900,210.50793092119986,203.9588143772596,1.0095924463680968
2023/09/06,28530.0,28690.0,28140.0,28680.0,756900,211.62422831720477,205.33734556776088,1.0316208593439906
2023/09/07,28550.0,28645.0,28105.0,28280.0,801500,208.2908860470313,201.10947096522227,1.11900029022784
2023/09/08,27980.0,28310.0,27790.0,28100.0,1016700,209.01183886602567,201.25720916961555,1.0868808675912554
2023/09/11,27750.0,27795.0,27055.0,27215.0,1009800,205.65494628202043,196.25400500550637,1.0747395615777893
2023/09/12,27250.0,27365.0,25915.0,26335.0,1519500,195.1163526104783,186.55621708848307,0.9841761397644222
2023/09/13,25910.0,26380.0,25725.0,25820.0,1188800,190.9675790212073,183.82231278670056,0.9599027299454015
2023/09/14,26395.0,27315.0,26115.0,27300.0,1474400,198.9378947447113,191.9205269752712,0.9724111685874776
2023/09/15,27395.0,27855.0,27205.0,27600.0,1657000,200.50226746276212,194.69541157511904,0.9450327829533984
2023/09/19,26790.0,26795.0,26030.0,26340.0,1336600,192.44837135924624,185.13017236338627,0.9034080860808915
2023/09/20,26500.0,26875.0,26120.0,26230.0,1145900,194.5665206162742,187.80620943903335,0.9077827949311407
2023/09/21,25780.0,26120.0,25650.0,25875.0,858300,189.5011191056001,182.74105324904892,0.8911846175659657
2023/09/22,25450.0,26340.0,25200.0,25965.0,1298600,189.95852046896186,182.69590576828412,0.8985917222380578
2023/09/25,26110.0,27045.0,26035.0,27045.0,1034700,196.18736850349117,189.55875078599897,0.9821022893002941
2023/09/26,26825.0,27150.0,26360.0,26415.0,863700,192.7857929419971,185.13738974653089,0.9675610050126227
2023/09/27,25565.0,26310.0,25510.0,26305.0,996300,188.4966980335767,181.7565275621099,0.961132504912174
2023/09/28,26520.0,26865.0,26260.0,26685.0,1016200,195.47955848070274,187.87836764992275,0.9825969080385634
2023/09/29,27180.0,27645.0,27005.0,27580.0,1235300,210.5126426840297,204.31705532703091,0.9477796468281454
2023/10/02,27600.0,28525.0,27475.0,28140.0,1199400,210.20638896267147,203.29146282153368,1.0057435637027679
2023/10/03,28015.0,28460.0,27730.0,27910.0,1022100,213.737024358878,207.28994119349883,1.0162521575836656
2023/10/04,27450.0,27650.0,26900.0,27285.0,1376400,213.2598669742091,206.94475130524336,1.0246210512393097
2023/10/05,27940.0,27965.0,27410.0,27940.0,990000,209.8779165218304,202.80083071836646,1.0044424226845292
2023/10/06,28160.0,28545.0,26930.0,27520.0,1602500,221.56191941788012,213.28883570142918,0.9643960977505639
2023/10/10,27885.0,28660.0,27745.0,28620.0,1206400,229.22524971371047,223.06950381080105,1.0133595697339715
2023/10/11,28740.0,29320.0,28435.0,28450.0,1278300,230.5400693561121,225.8841218475747,1.002720227870337
2023/10/12,29350.0,30670.0,29350.0,30520.0,1745400,238.48145973026215,233.84082938186475,1.193162442204995
2023/10/13,30110.0,30160.0,29360.0,29450.0,1668200,236.25049788890018,231.70306639759826,1.2254147345067286
2023/10/16,28450.0,29060.0,27945.0,28940.0,1253100,234.5964955870498,229.31392399869077,1.2032670163456316
2023/10/17,29635.0,29985.0,29255.0,29595.0,945200,238.1362396143642,233.08093141001675,1.2108766593681752
2023/10/18,29195.0,29830.0,28690.0,29660.0,1456900,238.77946976828252,232.96866583065906,1.2155125778070086
2023/10/19,29180.0,29205.0,28200.0,28405.0,1575400,236.19924694851932,230.11864568934044,1.1610318366062136
2023/10/20,27120.0,28050.0,26240.0,28000.0,3688600,216.02462078988606,209.52046773627427,1.11080769108034
2023/10/23,28185.0,29315.0,28160.0,28575.0,2880200,217.79801025655226,210.98318420728464,1.0851643082836744
2023/10/24,29075.0,29125.0,27605.0,28170.0,2193300,214.58493266411332,208.18796033130283,1.0729054365463975
2023/10/25,28400.0,29120.0,28100.0,28510.0,1684400,218.75288381400293,212.17333026694746,1.0865909111195065
2023/10/26,27110.0,27500.0,26725.0,26960.0,2149400,206.2003556970906,197.69395415086007,1.0801633042490735
2023/10/27,27260.0,27550.0,26725.0,27230.0,1654000,205.59980279191143,198.0033793352338,1.0815708414479073
2023/10/30,27250.0,27770.0,27160.0,27385.0,1033200,206.81504653634676,198.997913923283,1.0268908033374236
2023/10/31,26385.0,26410.0,25485.0,26155.0,2133200,196.31623755248995,188.25766411156079,0.9739807539139326
2023/11/01,26435.0,26650.0,25660.0,26140.0,1963900,194.46893413128842,186.56040788602047,0.94940121729487
2023/11/02,27400.0,28000.0,27080.0,27960.0,1688700,202.0066272501649,195.70168389073984,1.0073412534420845
2023/11/06,29235.0,29260.0,28590.0,29065.0,1511400,205.27052029375682,199.84716859739186,1.0440233246340629
2023/11/07,29015.0,29820.0,28915.0,29105.0,1385800,205.48038284848045,199.63701838205026,1.0574625318242088
2023/11/08,29300.0,29550.0,28610.0,28845.0,1317600,193.6716036592165,190.02175380928793,1.0703278420477416
2023/11/09,29205.0,29275.0,28235.0,28235.0,1269400,189.6469944242844,187.08785586829558,1.0413204426410583
2023/11/10,28475.0,29060.0,28330.0,29060.0,1274300,189.14393502267095,184.46962821162762,1.0790941732088803
2023/11/13,30200.0,30220.0,29410.0,29605.0,1360900,185.89874280614387,181.41998450453906,1.0178641732627691
2023/11/14,29450.0,30380.0,29250.0,30190.0,1126700,185.49019861067234,181.4691069388589,1.0901738240384808
2023/11/15,31000.0,31900.0,30860.0,31890.0,1363200,195.1150052781398,193.03696936445158,1.234072884386966
2023/11/16,31950.0,32300.0,31460.0,32210.0,1507700,200.863939093543,199.54272385066582,1.2331241872216585
2023/11/17,32170.0,32360.0,31580.0,32070.0,1218600,199.310735722911,197.3787225176314,1.2143440867223065
2023/11/20,32160.0,32680.0,31640.0,31730.0,1519900,196.71902302178984,195.40883762460913,1.414286146911669
2023/11/21,32430.0,32550.0,31590.0,32030.0,1159200,200.49278540796726,200.37533892201503,1.4585500936493616
2023/11/22,31730.0,32100.0,31260.0,31810.0,1007800,193.70885510503192,193.80118511184955,1.4290850970025755
2023/11/24,32000.0,32090.0,31300.0,31300.0,981100,191.00640230031348,191.6653527691369,1.4147194103590628
2023/11/27,31480.0,31600.0,30830.0,30890.0,881800,189.84876006736306,189.7423334005107,1.4673966397892602
2023/11/28,30900.0,31260.0,30610.0,31040.0,870500,192.42083113302346,192.32802473786398,1.453681470234129
2023/11/29,30830.0,31500.0,30760.0,31440.0,701700,195.000047828181,195.0853747804595,1.4960810495660768
2023/11/30,31850.0,32210.0,31630.0,32090.0,1356100,198.4012838844025,196.8782482525342,1.6392711739958592
2023/12/01,31800.0,31870.0,31470.0,31630.0,890400,191.36728791942014,188.88951169374508,1.5644228799220958
2023/12/04,31580.0,31610.0,31090.0,31330.0,789000,196.22569410050053,193.24430774093017,1.3202707578140778
2023/12/05,31180.0,31180.0,29455.0,29565.0,1461500,187.25171418609165,183.21623390400063,1.0684940412867858
2023/12/06,30210.0,30750.0,30100.0,30530.0,963100,190.25865631976566,187.58153133591554,1.0710486804559296
2023/12/07,29950.0,30300.0,29555.0,29800.0,956700,187.7950888132136,184.1046948784768,1.0298603438410612
2023/12/08,30090.0,30410.0,29590.0,29715.0,973300,186.85837162539525,182.59062649090126,1.0382894298754977
2023/12/11,30330.0,30550.0,30010.0,30250.0,610900,189.5511413853827,185.26997754342952,1.016105186394781
2023/12/12,31490.0,31680.0,30670.0,30940.0,1060300,193.40011109481856,189.80733477214707,1.051263135816775
2023/12/13,31600.0,34390.0,31470.0,34000.0,3731500,211.70670613995836,207.8867329410086,1.3131063074558706
2023/12/14,34330.0,34980.0,33610.0,33770.0,2923600,212.84157715215804,210.88558851622344,1.3204419851375153
2023/12/15,34200.0,34230.0,32660.0,32930.0,1771400,207.23670567742113,207.55480246929602,1.183590268898329
2023/12/18,33050.0,33190.0,32390.0,32560.0,745800,203.29661436661803,204.25101834942075,1.1791699039289067
2023/12/19,33040.0,33690.0,32390.0,33570.0,1121300,205.73516499726887,210.041348695909,1.195891179667549
2023/12/20,34190.0,34190.0,33320.0,33620.0,1210600,208.52735750888982,214.4626435594556,1.1889856986479355
2023/12/21,32860.0,33260.0,32750.0,33160.0,869400,208.84638853992587,214.2011945451767,1.1732067966964466
2023/12/22,33470.0,33900.0,33130.0,33380.0,834000,212.34991603396006,218.0869227010922,1.1810946516019833
2023/12/25,33610.0,33970.0,33340.0,33970.0,612900,212.39682602107032,217.71483221481057,1.2142570997051751
2023/12/26,33820.0,34440.0,33690.0,34400.0,760200,216.227941071084,222.3846871598496,1.2368735891232876
2023/12/27,34770.0,35130.0,34460.0,34810.0,951300,213.2380559331843,220.05673132788942,1.230645389921914
2023/12/28,35100.0,35270.0,34470.0,34790.0,836600,212.28595988512527,218.94335141191007,1.231626367952575
2023/12/29,34490.0,35040.0,34150.0,34980.0,794700,216.76750366827324,222.22529560895396,1.2170629169438778
2024/01/04,32830.0,33780.0,32520.0,33630.0,1407500,209.80636625654282,212.50561726009337,1.306261661837109
2024/01/05,33490.0,33560.0,32650.0,32920.0,1131100,201.45236962704809,202.87353491689495,1.3027181929600298
2024/01/09,34230.0,34780.0,34070.0,34590.0,1528200,208.14983923330524,209.27194499761814,1.2841664977480627
2024/01/10,35040.0,35300.0,34660.0,35060.0,1063900,204.9808118065389,207.63032590010644,1.2816167344128215
2024/01/11,35470.0,36500.0,35310.0,36410.0,1472000,213.54692025861556,217.48145897386317,1.289160401595028
2024/01/12,36500.0,37040.0,36070.0,36340.0,1356400,203.92109201231762,211.92791709453243,0.9735675227830617
2024/01/15,36880.0,38170.0,36730.0,38170.0,1657400,213.92570391179316,222.2308269937537,1.1597840872031784
2024/01/16,38080.0,38480.0,37690.0,38410.0,1467600,217.0995631925579,224.82367521892215,1.173861550010328
2024/01/17,39110.0,39430.0,38290.0,38370.0,1619800,219.7872346252995,225.59123812185726,1.2182030085955666
2024/01/18,38240.0,39580.0,38140.0,39350.0,1574900,224.49666218372673,231.78208495357487,1.240967771066152
2024/01/19,40000.0,41140.0,39980.0,40840.0,2466300,231.36327960533652,240.54971371685255,1.3586249035420854
2024/01/22,41500.0,42060.0,40640.0,41070.0,2249600,227.33782796044414,236.04965705526456,1.3378761742464187
2024/01/23,40960.0,42950.0,40610.0,40610.0,3170600,225.4358182474301,234.0437236160755,1.1801122948950142
2024/01/24,40380.0,40910.0,39950.0,40730.0,1956800,236.92799752684076,245.35841606381487,1.1906771175196522
2024/01/25,41900.0,42050.0,39380.0,41480.0,4045000,240.63292330812436,249.00342027207097,1.1629449160047725
2024/01/26,40350.0,41030.0,39470.0,39600.0,2599000,234.51511432999874,243.05384697021503,1.1025588827777315
2024/01/29,39590.0,40560.0,39340.0,40560.0,1627500,236.06570910971655,242.96330442964978,1.1402158732233496
2024/01/30,41000.0,41790.0,40630.0,41170.0,1911300,241.8179689373357,249.4734959972415,1.1835279061048618
2024/01/31,39900.0,40620.0,39760.0,40380.0,1657800,232.30320946410208,238.30057861584035,1.1630201433633462
2024/02/01,40170.0,40570.0,39810.0,40000.0,1493000,224.9047394206785,229.214950942114,1.1591598103459009
2024/02/02,40780.0,41470.0,40540.0,41470.0,1990600,234.57902443908947,239.1973106935938,1.1976795515834229
2024/02/05,41600.0,42140.0,40780.0,41750.0,1591700,240.33355281220557,244.2310758059242,1.1856703186639757
2024/02/06,41960.0,43490.0,41720.0,43390.0,2305200,246.68755571359188,251.67294868687375,1.2832892174746278
2024/02/07,42840.0,43120.0,42390.0,42850.0,1570900,237.03560284339824,241.29764184344063,1.2568341563157026
2024/02/08,43900.0,44480.0,43310.0,44250.0,1964800,244.06810787085448,252.64857889695796,1.278578946613569
2024/02/09,44250.0,44800.0,43510.0,43730.0,1801200,242.62779770400894,251.31648312528458,1.2800764473047745
2024/02/13,44890.0,44920.0,43240.0,43580.0,1955100,232.98575182329668,244.51024850854165,1.1886989779099593
2024/02/14,43170.0,43910.0,43100.0,43890.0,1363900,237.43889153190568,250.3440655759309,1.198616345839768
2024/02/15,44660.0,46010.0,44300.0,45530.0,2484100,238.60904698196356,253.8076072810575,1.2477875220032668
2024/02/16,45660.0,46480.0,43760.0,44280.0,2705800,235.6395206541238,250.1579652466636,1.1532888906399965
2024/02/19,44020.0,44340.0,42880.0,43540.0,1211000,233.70129131668867,247.38015941922464,1.0420606927702718
2024/02/20,44010.0,44950.0,43750.0,44100.0,1508000,238.04943449028514,252.24447462997963,1.0526233671164131
2024/02/21,42900.0,43330.0,42520.0,43330.0,1474700,228.7785218413363,242.80555679562332,1.043287629859801
2024/02/22,45980.0,47460.0,45010.0,47410.0,3056200,230.90982619686216,245.76120011998682,1.1464982646678705
2024/02/26,47800.0,47840.0,46300.0,46950.0,1811700,233.30134782348523,248.7746553271597,1.1569587331789892
2024/02/27,47390.0,47590.0,46570.0,47240.0,1394200,232.14145175375984,246.99458375292457,1.1574040055348636
2024/02/28,46800.0,47590.0,46380.0,47120.0,1242900,227.54101309122547,242.1472589745829,1.160690435170591
2024/02/29,46550.0,48260.0,46350.0,48260.0,2122600,242.02643478980187,256.9604455072605,1.158993518964847
2024/03/01,48780.0,50090.0,48600.0,50090.0,2132700,251.25676697990338,267.6385388887077,1.1976642604872656
2024/03/04,51750.0,51970.0,50720.0,51520.0,2107700,252.46901163136633,269.8555833112476,1.1710493474784425
2024/03/05,51510.0,54190.0,51180.0,53450.0,4380200,262.96871694384095,280.04456355718605,1.1873716082430543
2024/03/06,52450.0,53060.0,51910.0,52350.0,2882300,259.13111288514665,274.35406615892066,1.1753251984131812
2024/03/07,52640.0,52660.0,50280.0,51100.0,2946200,251.26960304659312,264.82977382467567,1.1103197421880788
2024/03/08,51800.0,53260.0,51680.0,51920.0,2547900,251.5986269320643,264.34618734149467,1.1377231962030463
2024/03/11,48680.0,49650.0,48050.0,49650.0,2092400,244.0966535501047,255.45418921910667,1.2491393807750548
2024/03/12,49310.0,50460.0,48930.0,49940.0,2169900,247.92582923302305,258.9766241378881,1.2675063426199873
2024/03/13,51300.0,51390.0,49260.0,50000.0,1888800,245.7557700042878,258.4706030959726,1.295466000129033
2024/03/14,49450.0,50370.0,48540.0,50350.0,1843200,243.64696451787972,254.77207311530682,1.3013918421810922
2024/03/15,49360.0,49490.0,47860.0,48080.0,1925200,231.49316439315902,240.50337783779702,1.2096993541442271
2024/03/18,48000.0,51000.0,47960.0,50890.0,1989200,241.01766532975054,251.94503176174575,1.3545481964087032
2024/03/19,50180.0,51750.0,50010.0,51500.0,2472000,243.8626066757441,253.43009418746698,1.3582894403547316
2024/03/21,52100.0,52960.0,51360.0,52960.0,2741700,241.20727699754525,251.33212625152015,1.3708753595228296
2024/03/22,53200.0,55570.0,53080.0,54790.0,3393900,248.50610612687794,257.8902575189544,1.49125847569904
2024/03/25,55360.0,55650.0,54380.0,54400.0,2108500,249.90291190975515,259.6120291890803,1.3008655734284145
2024/03/26,55100.0,56310.0,54420.0,55000.0,2275000,253.1404796023272,262.8226030619226,1.3375126560706083
2024/03/27,55440.0,55690.0,54630.0,55290.0,2242900,254.11818181668627,264.81854324630837,1.321030047032704
2024/03/28,54830.0,55750.0,54520.0,55190.0,2249600,257.5782984378458,268.50006015404097,1.31947695545304
2024/03/29,55130.0,57850.0,54720.0,57190.0,7176200,259.6431517329481,270.4921467446826,1.4281740243225125
2024/04/01,57320.0,57590.0,55370.0,55820.0,2849600,268.37179476796985,280.98020189848125,1.4036863915505247
2024/04/02,56600.0,57200.0,56230.0,57010.0,2427800,280.136104458862,293.99889926531233,1.397979009831455
2024/04/03,56220.0,57050.0,55270.0,56210.0,2692000,277.893623843112,288.92895470156833,1.380139724862179
2024/04/04,57180.0,57200.0,56190.0,56750.0,2291700,281.4006573854326,292.4648341056886,1.2757513433544085
2024/04/05,56300.0,57000.0,53880.0,54560.0,3443300,271.9295876826303,280.21147255015586,1.21160186530626
2024/04/08,55600.0,57460.0,55430.0,56060.0,3579300,277.8494786150955,286.6100052254137,1.291792458233585
2024/04/09,55790.0,56900.0,55630.0,56600.0,2147700,275.5682841660657,283.81481933001413,1.2899145006786796
2024/04/10,56080.0,56530.0,55350.0,55500.0,2182900,270.8144212104527,279.29687736058787,1.2553429855436966
2024/04/11,55000.0,56000.0,54950.0,55550.0,2168900,274.24317158236295,280.80963390446453,1.2058830347682763
2024/04/12,56450.0,56580.0,54980.0,56280.0,2561600,279.4324691301576,283.5379054712009,1.220161813044294
2024/04/15,55650.0,55860.0,54350.0,55200.0,1843400,274.04300550125186,277.5923932330314,1.168232654361395
2024/04/16,53810.0,53840.0,52460.0,52700.0,2187400,273.0074209948164,277.31455709644905,1.165738246555139
2024/04/17,53560.0,54220.0,52840.0,53240.0,2371000,275.7381954900266,280.34349473626145,1.1909771393530602
2024/04/18,51350.0,54590.0,50900.0,54130.0,2948300,279.2084635957148,282.6402765175421,1.2052940983555616
2024/04/19,52130.0,52330.0,49270.0,49800.0,3550100,230.62023787709808,231.90258942316495,1.1285282696920043
2024/04/22,48220.0,49530.0,46650.0,47620.0,3567600,224.91958702691807,225.3511565700832,0.9596031398345034
2024/04/23,48990.0,49010.0,46250.0,46400.0,2631500,219.5119708962296,220.60353537454142,0.9227150208233952
2024/04/24,47800.0,49250.0,47610.0,48430.0,3065200,229.81893114106197,232.23551981311036,0.9401445602146725
2024/04/25,47150.0,48030.0,46730.0,47080.0,2159400,232.86905721066842,234.96548246529616,0.9246688383280107
2024/04/26,48500.0,48790.0,45360.0,46010.0,4055600,227.119804248454,228.6660054149393,0.9047845051800216
2024/04/30,46650.0,46880.0,45350.0,45800.0,2389300,218.55314097286094,217.80687845928432,0.796969166170563
2024/05/01,45900.0,47190.0,45280.0,46120.0,2026500,216.4046603137606,217.110690303416,0.806388306032518
2024/05/02,45420.0,46490.0,44720.0,46490.0,2185000,218.35745736457488,218.92225341272336,0.8389003592817437
2024/05/07,48000.0,50610.0,47850.0,50610.0,3454300,233.0845050581902,236.42618621265547,0.8968983495552137
2024/05/08,49800.0,50600.0,49260.0,49860.0,2647400,227.87139088622942,230.3854221190321,0.8965978405552647
2024/05/09,49550.0,51580.0,49380.0,50960.0,3191200,232.05099825830337,232.86528393023454,0.9140338861426296
2024/05/10,50910.0,51990.0,49880.0,50880.0,2469600,227.80176494675447,227.7042257875164,0.9216560546530017
2024/05/13,51500.0,52710.0,51030.0,52710.0,2573600,236.83664467974518,236.95200646525066,0.9650989468482698
2024/05/14,52980.0,53520.0,51200.0,51970.0,2511400,224.3914341389799,224.64068893834036,0.9491561173037678
2024/05/15,52570.0,54080.0,52470.0,53850.0,3058900,237.70972069814985,236.89460349678444,0.9835167800664347
2024/05/16,55300.0,56140.0,54980.0,56140.0,2799500,237.35710302398695,238.17023051023946,1.0495423771302648
2024/05/17,55650.0,56590.0,55460.0,56060.0,2221000,239.01118936331738,236.91536215102343,1.0213397749315216
2024/05/20,55510.0,56260.0,55240.0,55700.0,2303800,233.01352342799368,230.20314525642132,1.1250622020116932
2024/05/21,56240.0,58060.0,56170.0,57130.0,3010300,240.52414162834674,237.00114477500443,1.1574251200900643
2024/05/22,57240.0,58070.0,56820.0,57670.0,2839400,239.89998348804087,237.41472465464096,1.1779089871193782
2024/05/23,60000.0,62670.0,59840.0,62260.0,4931700,250.33917043013133,247.60109516158474,1.2986931647843385
2024/05/24,61130.0,62480.0,60860.0,61500.0,3388800,244.7715432439284,239.39960222079816,1.2551451100218154
2024/05/27,62000.0,62550.0,61310.0,61790.0,2405100,242.72174680845308,236.1092650691288,1.3378171020187581
2024/05/28,62030.0,62620.0,60790.0,62240.0,3482700,244.9127895107614,236.908144887673,1.346518425865535
2024/05/29,63240.0,64990.0,62440.0,62730.0,3929700,246.94327537721188,239.55853698436593,1.3704249995755227
2024/05/30,61570.0,62120.0,60750.0,61300.0,3390800,243.80556368416077,234.82936767567816,1.3467593694567899
2024/05/31,59900.0,61700.0,59770.0,61490.0,3338700,244.13238801026398,234.65473664810398,1.3125395337777481
2024/06/03,61000.0,61100.0,59230.0,59990.0,2819000,236.39616601410472,226.57369722148766,1.1633737898402519
2024/06/04,59880.0,60120.0,58920.0,59030.0,2304200,229.05816181163513,219.55182820615207,1.149105786356244
2024/06/05,58340.0,59320.0,57190.0,57230.0,2807300,233.29244278978786,225.88420636217438,1.1299812531851647
2024/06/06,59600.0,60070.0,58780.0,59870.0,2377600,237.9460613067763,231.33611946512406,1.1782440392314253
2024/06/07,59340.0,59980.0,58590.0,59800.0,1956600,235.3821883701963,227.84587049467987,1.1782009710455152
2024/06/10,59710.0,60070.0,58640.0,59400.0,1832100,233.33895358427034,225.9706004945978,1.1032645767812819
2024/06/11,59960.0,60560.0,59720.0,60390.0,1969100,230.13555368613595,222.4696395570265,1.123950721376747
2024/06/12,60050.0,61990.0,59970.0,61970.0,2192500,240.3389255925,232.15745717669415,1.1618760351932607
2024/06/13,63300.0,64300.0,62760.0,64110.0,3040100,244.67066904222935,237.57890931412638,1.2332215005130511
2024/06/14,64420.0,66100.0,64080.0,65600.0,3035200,245.91505357190496,237.17578415973665,1.211222003163741
2024/06/17,65210.0,65510.0,63750.0,63880.0,2428500,247.7157939782515,239.9439124405312,1.1757546399671883
2024/06/18,64700.0,65000.0,63350.0,63550.0,2269300,237.87318526805836,230.55700004038638,1.162897224573166
2024/06/19,63980.0,64870.0,60800.0,61130.0,3153400,227.84219719960532,220.14704739063865,1.1133336124832323
2024/06/20,60900.0,62180.0,60800.0,62110.0,2379000,239.28270190891413,234.15201066245248,1.1008034095401598
2024/06/21,60510.0,63750.0,60250.0,63560.0,3743500,242.7887282898157,237.59981052855395,1.1072578197884828
2024/06/24,62330.0,63620.0,61770.0,63200.0,2931500,243.95600888250382,238.7941985900088,1.0325875925308883
2024/06/25,62000.0,62130.0,59380.0,59700.0,3384900,231.02033122305215,224.88791516456143,0.9588931379809353
2024/06/26,61310.0,62500.0,60810.0,62500.0,3774400,235.27180851386134,230.5624648062737,0.9982864301341643
2024/06/27,61800.0,62400.0,60570.0,60830.0,2618200,228.33468523119757,222.16630943283837,0.9685298106472212
2024/06/28,60980.0,61930.0,60850.0,61040.0,2285300,226.35967882089503,219.9048079323029,0.9495052394323845
2024/07/01,61480.0,61800.0,60350.0,60740.0,1659000,219.48060166719486,211.76151801886127,1.0031058199910112
2024/07/02,60950.0,62050.0,60340.0,61850.0,2538300,215.28903473020037,208.41520415180918,1.009873427023843
2024/07/03,62850.0,64500.0,62600.0,64290.0,2935000,218.74830716141517,213.78120229273895,1.0440264109362318
2024/07/04,65000.0,65260.0,63640.0,64580.0,2579600,219.94240046676703,215.70996206325944,1.0521271019769582
2024/07/05,65000.0,65350.0,63000.0,63240.0,2873700,216.6810904261649,213.98868703253805,1.0529245461537675
2024/07/08,62990.0,63380.0,62350.0,63120.0,1915800,221.18967389165044,219.2175241695717,1.031084055884499
2024/07/09,63650.0,64780.0,63250.0,64680.0,2539300,215.36645490854607,214.77252141272362,1.046371999946277
2024/07/10,64880.0,66360.0,64380.0,66270.0,3940100,225.66506906256615,225.65935767375245,1.0670642229388614
2024/07/11,67670.0,68850.0,67060.0,68540.0,3658100,229.8016138619199,229.18773762357517,1.0759178026624743
2024/07/12,65800.0,66040.0,62150.0,62530.0,5457800,210.8121593611913,207.37562595152104,0.9608883319494091
2024/07/16,63250.0,64070.0,62310.0,63460.0,3243900,210.8865049672706,207.7236793810804,0.9234835252835167
2024/07/17,62600.0,62990.0,60460.0,60610.0,3553200,202.8616604413215,198.12654306732725,0.8787693562696325
2024/07/18,55610.0,56950.0,54500.0,55260.0,4272700,193.65642617541772,188.50016107082038,0.8232129185663325
2024/07/19,54270.0,54500.0,52100.0,52700.0,5090200,183.1203772033635,179.5841440979391,0.8222623580761748
2024/07/22,51700.0,52370.0,49530.0,49910.0,4428700,170.5598433315301,166.62996543043877,0.7653215584411974
2024/07/23,52000.0,52220.0,49300.0,49680.0,4474800,166.29158053528928,162.49521639021927,0.760219191744236
2024/07/24,49160.0,49880.0,48210.0,48800.0,4600000,163.94461644754222,160.61610686208658,0.7575195163087886
2024/07/25,45630.0,47180.0,45250.0,46850.0,5291300,155.1613690832674,151.3060960581918,0.8072034904335516
2024/07/26,46400.0,47290.0,45180.0,46100.0,4958700,152.88094355513604,149.15809015458228,0.7658548937967206
2024/07/29,47000.0,47870.0,46020.0,47580.0,4407300,154.0132318601294,150.31419901132574,0.8016785216903626
2024/07/30,46880.0,47280.0,45380.0,46750.0,3994800,146.54672462883545,143.1130058805274,0.789186568054365
2024/07/31,45350.0,50000.0,45210.0,49460.0,5877500,153.17307412655475,150.84216344251448,0.8230387087263306
2024/08/01,50160.0,50200.0,46790.0,47710.0,5324700,147.38339287529848,146.59542157292435,0.8150144154765486
2024/08/02,44000.0,46160.0,43200.0,44600.0,7028700,147.2961219548423,147.27621349266923,0.7851993312537746
2024/08/05,39000.0,41170.0,37600.0,37600.0,4062200,144.14495873703473,144.1712167598134,0.766993128099656
2024/08/06,39630.0,41600.0,37520.0,39100.0,6915700,140.93258728200396,142.10146930740535,0.7297461479175724
2024/08/07,38400.0,45540.0,38130.0,43950.0,9031900,153.57378123094367,153.44192639945706,0.8021404889205235
2024/08/08,42550.0,43140.0,40260.0,42150.0,6611400,151.2882902210415,151.84377737193654,0.7665200349879633
2024/08/09,43340.0,44490.0,40000.0,41330.0,6213500,150.7817914380464,151.30033742979825,0.7306221342482068
2024/08/13,42730.0,43550.0,42110.0,42950.0,4206000,147.75165190331631,148.93630966737697,0.7698216401342552
2024/08/14,44000.0,44730.0,43150.0,43850.0,4771900,146.22796240141426,146.89074222280718,0.7773229554475494
2024/08/15,43700.0,45980.0,43540.0,45180.0,4887800,149.75114388463703,150.65419528342667,0.7950948353978835
2024/08/16,47000.0,48290.0,45900.0,48290.0,6015400,154.0300667517353,155.6997896197956,0.867111411912635
2024/08/19,47880.0,48610.0,46020.0,46020.0,4449400,149.4336586907996,150.21684954224304,0.987131119392539
2024/08/20,46720.0,47070.0,45830.0,45830.0,3428600,142.80475510284103,144.76016953766316,0.9722331421704545
2024/08/21,44430.0,45520.0,44230.0,44570.0,2992100,140.2961313867596,142.1304207625671,0.947518913358531
2024/08/22,44570.0,44950.0,43330.0,43560.0,3281400,131.78286245176858,133.4954038750927,0.9299802361677592
2024/08/23,43000.0,43780.0,42830.0,43240.0,3142300,135.7844649474008,139.05734747190095,0.921841933389641
2024/08/26,42810.0,42910.0,41950.0,42550.0,2660200,130.77641600357623,133.8752006427352,0.92730050180144
2024/08/27,41850.0,41960.0,40910.0,41650.0,2800000,106.3522077362708,106.63888938838691,0.901121404444214
2024/08/28,41220.0,42250.0,40810.0,42250.0,2815500,107.62924210632536,107.97797372897222,0.9102590669599661
2024/08/29,40150.0,41700.0,40000.0,41210.0,3989900,106.10484867338432,106.63641377578752,0.9016050048497337
2024/08/30,41420.0,42660.0,40970.0,42660.0,4102700,108.14643659250072,108.529350559257,0.8884704591161843
2024/09/02,42900.0,43150.0,41250.0,41350.0,3226400,107.95557684410697,108.75616566683999,0.9017973824912249
2024/09/03,41530.0,41610.0,39640.0,40160.0,3154100,104.95138840907111,105.06541407543064,0.8703076332308377
2024/09/04,37600.0,37920.0,36150.0,36210.0,5367600,105.03948341059274,105.22415401843658,0.8144388356345837
2024/09/05,36500.0,36740.0,34910.0,35140.0,5882200,104.56551319136084,104.92057634566073,0.8347487749692807
2024/09/06,35460.0,35580.0,34020.0,34650.0,4079900,105.30899206127586,105.64767943689044,0.7555508809831589
2024/09/09,31850.0,33730.0,31730.0,33570.0,4899600,105.82389709162479,106.19934738964456,0.773674503581602
2024/09/10,33370.0,34080.0,32340.0,33630.0,4876300,103.8603381354865,104.0048196267551,0.7760168940138509
2024/09/11,33820.0,34290.0,32470.0,33020.0,4551400,105.73053025673967,106.69732774479877,0.775751725100726
2024/09/12,35080.0,35720.0,33950.0,34640.0,4234600,105.07639010686718,105.9184494773216,0.794401976687926
2024/09/13,34830.0,36130.0,34680.0,35300.0,4232700,105.71207896811636,106.92194262710345,0.8083860311788723
2024/09/17,34600.0,34980.0,33260.0,33710.0,3510500,106.80625008150372,107.80379312086708,0.7569784083392036
2024/09/18,34420.0,34940.0,33830.0,34830.0,3897600,106.34257900551285,107.64488523040241,0.7791987928841357
2024/09/19,35500.0,36020.0,34970.0,35450.0,3828900,106.0129565223507,107.11653473584443,0.7893749150434454
2024/09/20,36280.0,37350.0,36110.0,36290.0,4569800,106.48658748654589,107.71752496735853,0.821161140737924
2024/09/24,36820.0,37090.0,35480.0,35660.0,3029900,105.64725594639165,106.7402094668699,0.8395491744591549
2024/09/25,35430.0,36460.0,35410.0,35920.0,2685400,107.20974346972964,108.41483099786183,0.847658144894729
2024/09/26,37200.0,39250.0,36860.0,39250.0,3746800,107.07414556949696,108.31850093587099,0.9284133480522221
2024/09/27,40540.0,41090.0,39370.0,40700.0,5265500,103.97362787944917,104.93546394747194,0.9461556379634456
2024/09/30,38700.0,39550.0,37460.0,37490.0,4107300,103.218096392048,104.265945000617,0.9306536850292844
2024/10/01,37910.0,39570.0,37790.0,39360.0,3505700,105.55297479329433,106.62875603594217,0.9607923831222912
2024/10/02,37940.0,38440.0,37370.0,37410.0,3472600,103.00155094102278,103.91708115006486,0.9265596673149394
2024/10/03,38810.0,40630.0,38630.0,40400.0,4470400,104.04640729448262,105.32787077409371,1.0245534289727753
2024/10/04,39840.0,40290.0,39550.0,39710.0,3327500,104.830948622051,106.24759903627516,1.0719984564337381
2024/10/07,38210.0,39030.0,36470.0,37220.0,6753100,103.53364845081146,104.50709372546163,1.04410798147038
2024/10/08,36880.0,37730.0,36600.0,36860.0,3979100,101.52697029813271,102.66261776492279,1.0494245590207238
2024/10/09,37610.0,38040.0,37350.0,37850.0,3576200,102.93914908606807,103.62239075752106,1.0743902006837287
2024/10/10,38550.0,38770.0,37300.0,37370.0,3202100,103.20053496209329,103.97490840664804,1.0554463327018617
2024/10/11,37440.0,37850.0,37220.0,37560.0,2300800,103.46382917869595,104.55520109578971,1.0637122034106028
2024/10/15,38240.0,39000.0,37740.0,38340.0,3670200,102.93446270428697,103.76606265954523,1.0672714277946351
2024/10/16,36100.0,36360.0,35030.0,36110.0,3660800,101.39655815963859,102.0373624118584,1.0174896077379139
2024/10/17,35780.0,35970.0,35030.0,35580.0,3096400,101.83328617289756,102.53656067487714,1.003611116197499
2024/10/18,36360.0,38830.0,35320.0,38310.0,10266700,105.03818374720282,105.48314979268193,1.0493518129173005
2024/10/21,38510.0,40420.0,38370.0,39540.0,7969000,103.02238372566518,103.686491683847,1.0992147230030305
2024/10/22,39520.0,40180.0,37820.0,39320.0,8502500,103.34987371782012,103.80127616709093,1.104823421785049
2024/10/23,39720.0,39720.0,37600.0,37680.0,5472500,103.87244129769931,104.99026726698837,1.0645680627564031
2024/10/24,37320.0,38380.0,37220.0,37600.0,5413500,104.47485169753718,105.51758539237353,1.0628680946290654
2024/10/25,37230.0,38180.0,37150.0,37700.0,4839600,104.51367460779936,105.83506021946002,1.062453930914473
2024/10/28,37700.0,39920.0,37480.0,39670.0,5570700,105.43850309479387,106.93653271858891,1.0534349498043112
2024/10/29,39150.0,41050.0,38950.0,40750.0,6390400,106.23003660349656,107.4390622258433,1.0723341880860073
2024/10/30,41820.0,46130.0,41690.0,45320.0,11573300,108.18953682574781,109.80518819113314,1.1830217763809103
2024/10/31,44850.0,45650.0,44310.0,44470.0,5515300,107.34635532024922,108.56914707865693,1.1278446488685057
2024/11/01,42620.0,43610.0,42420.0,42810.0,4474400,106.89263964698446,107.98178616404743,1.1476787314067238
2024/11/05,44860.0,45460.0,43860.0,44540.0,4895200,108.61953289140914,109.93734825392924,1.230413550728189
2024/11/06,45240.0,46750.0,44700.0,46750.0,5998600,107.8866022545302,108.66610302162141,1.2668994255757633
2024/11/07,47700.0,47830.0,44270.0,44750.0,6801200,107.4133072424169,107.88023366184999,1.194610301219004
2024/11/08,45390.0,45400.0,43810.0,44300.0,4937000,106.85054594593558,107.32802952528061,1.1555091607601093
2024/11/11,44180.0,44700.0,43510.0,44700.0,3569900,106.31679326247492,107.00056630493393,1.1590285049339688
2024/11/12,44330.0,44450.0,43060.0,43750.0,4393900,105.69274092038278,106.42776620685531,1.1336345463207695
2024/11/13,44450.0,44520.0,42070.0,42070.0,4409200,104.7108630455066,104.81065849708102,1.1034252889221134
2024/11/14,42070.0,42150.0,40300.0,40300.0,4698100,103.71658231250493,103.75517756052324,1.0598185648736618
2024/11/15,41000.0,42800.0,40900.0,42580.0,5122500,102.79251462697971,102.77160620678269,1.1700514508769186
2024/11/18,41880.0,43190.0,41420.0,42420.0,5006500,105.80828805097744,105.97191035326813,1.0681146537786566
2024/11/19,42260.0,42670.0,42020.0,42550.0,3306000,105.44906848409364,105.72525619141658,1.0641650959032871
2024/11/20,43250.0,43270.0,41630.0,42310.0,3417000,106.00435481466049,106.32014201243256,1.0627667188526249
2024/11/21,42240.0,42990.0,40880.0,42380.0,4926500,108.18619611416963,108.35665492429436,1.0652320982604357
2024/11/22,42600.0,43370.0,42200.0,42590.0,4603200,105.35473680895268,105.36801387136228,1.1053378241563787
2024/11/25,42960.0,43320.0,42280.0,42730.0,5106900,106.714990510896,107.71306879414018,1.0542022076147957
2024/11/26,42380.0,42430.0,40710.0,41390.0,4464000,105.73053762443833,106.27683767567382,1.0310331582059769
2024/11/27,41040.0,42740.0,40760.0,41880.0,6142300,104.91434700299635,105.65974767789689,1.0527151777797703
2024/11/28,41180.0,43370.0,40430.0,41770.0,6870400,106.24041631542563,106.68400207570761,1.0230243110327715
2024/11/29,41330.0,41630.0,40310.0,40600.0,4538900,105.16721092795515,106.21150958405593,0.9035413063544577
2024/12/02,41300.0,42450.0,40760.0,41330.0,5734000,105.15756878819427,105.58001523576522,0.9106820041116824
2024/12/03,42890.0,44470.0,42850.0,43840.0,6093000,108.10048093441718,108.89316197371465,0.9523558167732942
2024/12/04,44500.0,44770.0,43320.0,43420.0,3571100,106.82182033130427,107.33968023393375,0.9476992950160444
2024/12/05,44200.0,44480.0,43120.0,43450.0,3655900,109.22604353637904,110.22794781673346,0.9477869206228494
2024/12/06,42750.0,43100.0,41430.0,41540.0,3456000,106.02051572981554,107.05628885301778,0.8848744942402221
2024/12/09,42030.0,42100.0,40470.0,40470.0,3118300,102.36326772328054,102.49996184971539,0.9070642777175003
2024/12/10,41170.0,42040.0,40600.0,41940.0,3967500,103.49555127604958,104.14456073057059,0.9376629363486567
2024/12/11,41180.0,41380.0,40370.0,40410.0,3406200,100.07679496531057,100.38620337293699,0.900860313480974
2024/12/12,41810.0,41990.0,40570.0,41020.0,3882400,101.77884132287478,102.31650152582009,0.9269460308759732
2024/12/13,41020.0,41080.0,40120.0,40510.0,3046900,101.92668712107655,102.46613242862128,0.9495474076580087
2024/12/16,40800.0,41870.0,40710.0,41190.0,3611100,101.59891445053849,102.38484129922651,0.9544906501025563
2024/12/17,41870.0,42380.0,41000.0,41280.0,3139900,103.01778197160988,103.19243803185894,0.9601280439709433
2024/12/18,41550.0,43650.0,41320.0,43360.0,4756200,103.63842752068044,103.67145748721221,1.0115952878721062
2024/12/19,42000.0,43480.0,41640.0,42520.0,3760900,103.10789304359318,102.96618822441468,0.9978956992687149
2024/12/20,42150.0,42400.0,41140.0,41540.0,5024500,104.3639442376002,104.55983483970488,0.9804565525853065
2024/12/23,42160.0,42640.0,41710.0,42500.0,3300200,103.95589406427571,104.20243566079786,0.9905538907208192
2024/12/24,42990.0,43290.0,42130.0,42150.0,2862900,102.32794105706397,102.05347232095204,0.9822090769725723
2024/12/25,42370.0,42630.0,41390.0,42200.0,2748100,102.57851905174158,102.27868118499546,0.9810001807788982
2024/12/26,41730.0,43050.0,41660.0,42770.0,3547800,103.8806477374254,103.89617137939098,1.004497403801731
2024/12/27,43010.0,43850.0,42830.0,43760.0,3211100,104.39324044423732,104.34352601807194,0.9940419838695778
2024/12/30,43370.0,43500.0,42570.0,42730.0,2546700,103.25985407991963,103.61176695120015,1.007812651524869
2025/01/06,43430.0,43750.0,42660.0,43180.0,3033200,102.2301255359219,102.13518188747972,1.05851691008594
2025/01/07,45280.0,46950.0,44870.0,46420.0,5160000,104.03069813338192,104.72692997610174,1.1256138581651347
2025/01/08,45760.0,48600.0,45700.0,48600.0,5343900,106.61708049881105,106.88213776968581,1.1855250981473107
2025/01/09,48540.0,49710.0,48180.0,48680.0,4526100,105.95442585404388,106.64554184962259,1.1630348860131015
2025/01/10,48180.0,49530.0,47710.0,48000.0,4521000,107.35035592462333,107.60424602584729,1.2032255719931533
2025/01/14,47040.0,47240.0,44300.0,44350.0,4503400,103.76900385262833,103.88810764644583,1.0990942459467454
2025/01/15,44600.0,44640.0,43370.0,44070.0,3808100,101.48712160240062,101.70452122853602,1.0888147860658353
2025/01/16,44560.0,45100.0,43580.0,44260.0,4434300,102.00646612336023,102.0420372770904,1.088099418040192
2025/01/17,43910.0,45010.0,43400.0,44030.0,3670300,101.82598282757158,102.0423185689998,1.0307818526141352
2025/01/20,44320.0,45040.0,43720.0,44020.0,3712500,103.25877815961461,103.48146318303573,1.0416745857541478
2025/01/21,44720.0,46600.0,44580.0,46600.0,5824500,102.78181135527396,102.29721269858467,1.1018206050358235
2025/01/22,47500.0,52200.0,46900.0,52140.0,8801600,104.87376556322732,105.012092370938,1.2221397822541502
2025/01/23,53000.0,53680.0,50720.0,50860.0,6776400,104.10615026594033,104.23191388090072,1.1959084178214479
2025/01/24,47150.0,48480.0,46430.0,47430.0,8477600,102.34902561536352,102.44228217354473,1.1169147836619964
2025/01/27,46100.0,46800.0,44960.0,46580.0,5838800,102.99354946462586,103.10590726409343,1.1007128360484335
2025/01/28,44000.0,45600.0,42180.0,45230.0,7458900,101.0840519673596,100.78915511043286,1.0692651335091934
2025/01/29,45930.0,45930.0,43910.0,45310.0,5857800,103.58291717462629,103.27424738090494,1.0639435334692022
2025/01/30,45290.0,45910.0,44880.0,45880.0,4371700,101.56081051596925,101.22126236743053,1.0527703944049944
2025/01/31,45560.0,45770.0,44740.0,44740.0,3447700,102.1340773680179,102.00070953929718,1.0241341889094024
2025/02/03,43200.0,43880.0,42700.0,42940.0,3148300,100.94216928801659,100.99771005641936,1.0075980594838863
2025/02/04,43590.0,44930.0,43330.0,43970.0,3916800,101.74530838794834,101.67161740364605,1.0251237646469857
2025/02/05,43870.0,44100.0,43170.0,43510.0,2750000,101.88727072220983,101.83309516941776,1.0116687245514755
2025/02/06,43800.0,44810.0,43720.0,44760.0,2938400,100.45962933493693,100.22219813418337,0.9762811598670615
2025/02/07,44310.0,46640.0,44190.0,46000.0,4576900,101.99005368523838,101.8437211900161,0.9578335395960434
