"日付","始値","高値","安値","終値","前日比","出来高","売買代金","貸株残高","融資残高","貸借倍率","逆日歩","特別空売り料","5DMA","25DMA","75DMA","100DMA","200DMA","5DVMA","25DVMA","75DVMA"
"2019/07/12","788.0","793.0","788.0","792.0","+9.0","3,400","2,687","-","-","-","-","-","784.80","783.96","815.85","843.76","862.58","3,300","5,860","7,720"
"2023/11/10","1,320.0","1,355.0","1,320.0","1,341.0","+14.0","12,700","17,081","1,300","0","0.00","0.00","-","1,365.60","1,328.00","1,256.85","1,187.34","1,042.55","23,080","18,144","20,450"
"2023/11/09","1,329.0","1,337.0","1,282.0","1,327.0","-22.0","22,000","28,904","1,200","0","0.00","0.00","-","1,370.80","1,325.56","1,253.08","1,183.15","1,040.32","25,560","18,564","20,606"
"2023/09/20","1,357.0","1,361.0","1,310.0","1,317.0","-40.0","15,800","21,058","700","0","0.00","0.00","-","1,309.20","1,237.16","1,087.20","1,041.68","965.60","17,620","16,208","18,305"
"2023/07/21","1,035.0","1,044.0","1,030.0","1,044.0","+13.0","12,000","12,449","1,500","0","0.00","0.00","-","1,019.20","973.36","925.53","917.14","899.12","14,160","12,456","11,348"
"2023/07/20","1,024.0","1,031.0","1,022.0","1,031.0","+11.0","16,000","16,435","1,000","0","0.00","-","-","1,010.40","968.60","923.32","915.64","898.28","14,940","13,132","11,304"
"2023/07/19","1,005.0","1,023.0","1,004.0","1,020.0","+19.0","20,300","20,551","0","100","0.00","-","-","1,003.80","964.32","921.19","914.30","897.50","13,180","13,296","11,145"
"2023/07/18","1,000.0","1,007.0","999.0","1,001.0","+1.0","12,100","12,117","0","0","0.00","-","-","998.40","960.32","919.19","913.10","896.77","11,540","12,876","11,209"
"2023/07/14","1,001.0","1,002.0","994.0","1,000.0","0.0","10,400","10,393","0","200","0.00","-","-","995.80","956.88","917.69","912.08","896.14","11,220","12,916","11,505"
"2023/07/13","998.0","1,002.0","995.0","1,000.0","+2.0","15,900","15,877","0","0","0.00","-","-","991.60","953.56","916.23","911.06","895.48","10,340","12,880","11,448"
"2023/07/12","998.0","998.0","991.0","998.0","+5.0","7,200","7,172","0","3,600","0.00","-","-","987.00","950.20","914.76","910.05","894.83","8,680","12,452","11,349"
"2023/07/11","993.0","997.0","986.0","993.0","+5.0","12,100","12,021","0","0","0.00","-","-","981.20","946.80","913.29","909.05","894.19","9,180","12,572","11,396"
"2023/07/10","979.0","991.0","977.0","988.0","+9.0","10,500","10,337","100","0","0.00","-","-","978.80","943.56","911.92","908.09","893.59","8,240","12,592","11,276"
"2023/07/07","975.0","979.0","964.0","979.0","+2.0","6,000","5,838","100","0","0.00","-","-","976.20","940.68","910.60","907.12","893.02","7,460","12,472","11,166"
"2023/07/06","961.0","979.0","961.0","977.0","+8.0","7,600","7,387","100","0","0.00","-","-","972.40","938.16","909.40","906.23","892.53","8,120","12,560","11,142"
"2023/07/05","981.0","981.0","966.0","969.0","-12.0","9,700","9,466","100","0","0.00","-","-","966.60","935.80","908.23","905.39","891.99","8,220","12,464","11,104"
"2023/06/22","944.0","951.0","943.0","951.0","+7.0","13,200","12,501","0","700","0.00","-","-","936.80","917.88","901.11","899.47","887.96","18,040","13,432","10,777"
"2023/06/20","930.0","945.0","930.0","941.0","+15.0","16,700","15,656","0","700","0.00","-","-","927.60","913.72","899.81","898.45","887.18","23,160","14,372","10,570"
"2023/06/19","930.0","935.0","925.0","926.0","+4.0","35,600","33,117","0","700","0.00","-","-","923.40","912.40","899.21","898.04","886.87","21,780","14,040","10,397"
"2023/06/16","925.0","925.0","920.0","922.0","-3.0","14,500","13,382","0","1,300","0.00","-","-","921.20","911.56","898.76","897.76","886.61","17,280","13,572","10,056"
"2023/06/15","920.0","927.0","914.0","925.0","+1.0","28,900","26,574","0","700","0.00","-","-","920.20","910.68","898.40","897.49","886.40","16,280","14,840","9,934"
"2023/06/13","916.0","922.0","916.0","920.0","+5.0","9,800","9,007","0","700","0.00","-","-","916.20","908.84","897.63","896.96","885.94","9,560","13,904","9,474"
"2023/06/12","917.0","920.0","914.0","915.0","-2.0","13,100","12,015","0","700","0.00","-","-","914.60","908.08","897.36","896.77","885.79","10,120","13,688","9,444"
"2023/05/15","901.0","910.0","895.0","905.0","+5.0","23,900","21,550","0","600","0.00","-","-","901.80","894.72","893.25","893.13","883.50","20,020","9,052","7,570"
"2023/05/12","902.0","913.0","885.0","900.0","-2.0","46,200","41,519","0","900","0.00","-","-","901.80","893.44","893.16","892.88","883.30","16,020","8,228","7,266"
"2023/05/11","907.0","910.0","891.0","902.0","+1.0","20,800","18,758","0","600","0.00","-","-","902.80","892.56","893.09","892.58","883.13","7,240","6,748","6,785"
"2023/05/10","900.0","905.0","900.0","901.0","0.0","4,800","4,328","0","0","0.00","-","-","902.80","891.60","893.05","892.24","882.95","3,820","6,264","6,524"
"2023/05/08","905.0","907.0","904.0","905.0","0.0","3,900","3,530","100","0","0.00","0.00","-","903.40","889.16","893.00","891.64","882.49","3,280","7,064","6,504"
"2023/05/01","904.0","910.0","902.0","902.0","+1.0","3,700","3,349","100","0","0.00","0.00","-","901.00","887.92","892.85","890.92","881.99","5,420","8,432","6,485"
"2023/04/28","904.0","904.0","896.0","901.0","-3.0","2,700","2,435","0","100","0.00","-","-","900.20","887.44","892.77","890.56","881.74","5,440","8,624","6,465"
"2023/04/27","897.0","904.0","897.0","904.0","+6.0","3,800","3,422","100","0","0.00","0.00","-","898.20","886.92","892.75","890.20","881.51","7,300","8,944","6,442"
"2023/04/25","900.0","903.0","898.0","900.0","+2.0","14,800","13,324","100","0","0.00","0.00","-","895.80","886.00","892.64","889.52","881.21","8,040","8,924","6,401"
"2023/04/21","897.0","900.0","887.0","891.0","-6.0","12,000","10,769","100","0","0.00","0.00","-","893.00","885.20","892.53","888.81","881.09","8,660","8,536","6,181"
"2023/04/19","893.0","894.0","887.0","893.0","+1.0","5,400","4,818","100","0","0.00","0.00","-","891.20","884.80","892.47","888.22","880.85","7,920","8,608","5,982"
"2023/04/18","893.0","894.0","884.0","892.0","0.0","9,800","8,738","100","0","0.00","-","-","890.40","884.68","892.45","887.90","880.64","11,180","8,808","5,926"
"2023/04/17","892.0","892.0","887.0","892.0","0.0","11,900","10,601","0","100","0.00","-","-","888.40","884.96","892.43","887.68","880.48","10,020","8,772","5,805"
"2023/04/06","873.0","873.0","870.0","873.0","0.0","1,300","1,133","0","0","0.00","-","-","874.60","889.60","892.55","886.75","879.33","5,320","8,004","6,548"
"2023/04/05","878.0","878.0","871.0","873.0","-5.0","3,300","2,891","0","0","0.00","-","-","874.00","890.52","892.60","886.66","879.23","10,080","8,100","6,625"
"2023/04/04","881.0","881.0","870.0","878.0","0.0","9,200","8,073","0","100","0.00","-","-","877.20","891.28","892.69","886.64","879.14","16,280","8,368","6,698"
"2023/04/03","872.0","883.0","872.0","878.0","+7.0","8,700","7,626","0","200","0.00","-","-","879.60","891.96","892.59","886.67","879.02","15,660","8,216","6,632"
"2023/03/29","888.0","890.0","888.0","889.0","-1.0","34,300","30,485","16,700","0","0.00","0.50","-","889.40","894.84","892.47","886.72","878.75","12,540","7,580","6,454"
"2023/03/28","889.0","890.0","889.0","890.0","0.0","6,100","5,427","1,500","0","0.00","0.00","-","889.40","895.24","892.21","886.58","878.58","6,140","6,432","6,037"
"2023/03/27","890.0","890.0","888.0","890.0","+2.0","8,500","7,562","900","0","0.00","0.00","-","889.20","895.56","891.92","886.39","878.40","5,760","6,316","5,989"
"2023/03/23","890.0","890.0","888.0","890.0","+1.0","3,100","2,758","300","0","0.00","0.00","-","889.20","896.32","891.29","886.12","878.03","4,380","5,828","5,789"
"2023/03/22","890.0","890.0","887.0","889.0","0.0","2,300","2,045","200","0","0.00","0.00","-","889.00","896.60","891.00","885.95","877.84","5,840","6,028","5,772"
"2023/03/20","889.0","890.0","887.0","889.0","0.0","4,200","3,732","200","0","0.00","0.00","-","889.20","896.68","890.69","885.85","877.66","7,460","6,036","5,761"
"2023/03/17","890.0","890.0","886.0","889.0","0.0","4,700","4,178","300","0","0.00","0.00","-","891.20","896.72","890.37","885.68","877.45","8,400","6,160","5,724"
"2023/03/15","890.0","890.0","887.0","889.0","-1.0","10,400","9,251","300","0","0.00","0.00","-","896.80","896.92","889.67","885.40","877.06","8,560","7,552","5,685"
"2023/03/14","899.0","899.0","885.0","890.0","-9.0","10,400","9,262","200","0","0.00","-","-","900.00","896.96","889.36","885.25","876.87","6,820","7,172","5,588"
"2023/03/13","900.0","900.0","893.0","899.0","-2.0","8,900","7,991","200","0","0.00","-","-","903.00","896.96","888.97","885.08","876.66","5,500","6,816","5,566"
"2023/03/10","900.0","903.0","900.0","901.0","-4.0","8,100","7,294","200","0","0.00","-","-","903.60","896.52","888.59","884.79","876.38","5,860","6,552","5,514"
"2023/03/09","906.0","908.0","904.0","905.0","0.0","5,000","4,526","300","0","0.00","0.00","-","903.40","896.16","888.19","884.44","876.11","5,000","6,384","5,428"
"2023/03/08","902.0","906.0","902.0","905.0","0.0","1,700","1,538","300","0","0.00","0.00","-","902.00","895.72","887.77","884.01","875.78","4,820","6,212","5,412"
"2023/03/07","902.0","906.0","902.0","905.0","+3.0","3,800","3,435","300","0","0.00","0.00","-","900.20","895.24","887.36","883.64","875.46","5,220","6,184","5,437"
"2023/03/06","902.0","904.0","898.0","902.0","+2.0","10,700","9,654","300","0","0.00","0.00","-","897.60","894.84","887.00","883.27","875.13","6,460","6,056","5,429"
"2023/03/03","900.0","900.0","897.0","900.0","+2.0","3,800","3,418","200","0","0.00","-","-","896.20","894.56","886.60","882.93","874.81","5,400","5,676","5,316"
"2023/03/02","896.0","900.0","896.0","898.0","+2.0","4,100","3,684","100","0","0.00","-","-","895.00","894.36","886.16","882.54","874.51","6,500","5,628","5,288"
"2023/03/01","892.0","896.0","892.0","896.0","+4.0","3,700","3,305","300","0","0.00","0.00","-","894.80","894.36","885.80","882.15","874.24","6,720","5,656","5,257"
"2023/02/27","894.0","895.0","893.0","895.0","+1.0","5,400","4,827","300","0","0.00","0.00","-","897.00","894.76","885.09","881.45","873.74","6,600","5,204","5,514"
"2023/02/24","895.0","895.0","893.0","894.0","-3.0","9,300","8,321","300","0","0.00","0.00","-","897.60","894.76","884.91","881.10","873.49","6,160","5,392","5,486"
"2023/02/22","900.0","900.0","895.0","897.0","-3.0","5,200","4,667","300","0","0.00","0.00","-","898.60","894.96","884.71","880.91","873.27","5,000","5,068","5,381"
"2023/02/21","899.0","900.0","897.0","900.0","+1.0","7,500","6,741","300","0","0.00","-","-","898.80","894.96","884.41","880.69","873.03","4,660","4,996","5,317"
"2023/02/20","898.0","899.0","897.0","899.0","+1.0","5,600","5,030","200","0","0.00","-","-","898.20","895.00","884.01","880.43","872.75","4,780","4,868","5,234"
"2023/02/17","897.0","898.0","896.0","898.0","-1.0","3,200","2,871","200","0","0.00","-","-","896.60","895.04","883.69","880.19","872.47","4,160","4,736","5,170"
"2023/02/16","899.0","900.0","896.0","899.0","+1.0","3,500","3,145","300","0","0.00","0.00","-","895.00","895.08","883.33","879.90","872.22","4,980","4,708","5,130"
"2023/02/15","899.0","899.0","894.0","898.0","+1.0","3,500","3,144","300","0","0.00","0.00","-","893.80","894.96","883.03","879.61","871.97","5,980","4,656","5,086"
"2023/02/14","898.0","899.0","893.0","897.0","+6.0","8,100","7,269","300","0","0.00","0.00","-","892.20","895.00","882.72","879.32","871.70","13,000","4,556","5,045"
"2023/02/13","897.0","897.0","890.0","891.0","+1.0","2,500","2,233","300","0","0.00","-","-","890.80","894.96","882.40","879.08","871.49","11,560","4,296","5,008"
"2023/02/10","893.0","894.0","889.0","890.0","-3.0","7,300","6,511","400","0","0.00","0.00","-","890.60","895.24","882.24","878.92","871.31","11,360","4,244","4,998"
"2023/02/07","890.0","890.0","887.0","890.0","0.0","900","801","1,900","0","0.00","0.00","-","890.80","895.64","881.56","878.30","870.85","1,860","2,168","4,357"
"2023/02/06","888.0","890.0","888.0","890.0","+2.0","1,500","1,334","1,900","0","0.00","0.00","-","891.40","895.64","881.35","878.04","870.70","1,880","2,168","4,385"
"2023/02/03","890.0","890.0","888.0","888.0","-4.0","2,300","2,044","1,900","0","0.00","0.00","-","892.40","895.72","881.12","877.78","870.53","1,700","2,156","4,420"
"2023/02/02","894.0","895.0","889.0","892.0","-2.0","3,900","3,480","1,600","0","0.00","0.00","-","893.80","895.80","880.88","877.57","870.36","1,480","2,092","4,460"
"2023/02/01","893.0","895.0","893.0","894.0","+1.0","700","626","1,600","0","0.00","0.00","-","894.40","895.40","880.53","877.30","870.14","1,220","1,996","4,421"
"2023/01/27","895.0","895.0","895.0","895.0","0.0","1,200","1,074","1,600","0","0.00","0.00","-","897.20","895.24","879.41","876.69","869.54","2,200","4,948","4,484"
"2022/12/19","877.0","880.0","872.0","879.0","+3.0","5,100","4,469","100","0","0.00","0.00","-","876.40","870.04","870.19","873.92","865.61","6,280","4,444","3,413"
"2022/12/15","871.0","877.0","871.0","877.0","-3.0","7,100","6,190","200","0","0.00","0.00","-","872.80","869.36","869.97","873.88","865.67","7,840","4,132","3,337"
"2022/12/13","870.0","875.0","870.0","870.0","+2.0","4,200","3,657","0","100","0.00","-","-","870.00","868.48","869.92","873.72","865.75","6,360","4,816","3,233"
"2022/12/12","878.0","878.0","868.0","868.0","-1.0","2,200","1,918","0","200","0.00","-","-","869.60","868.92","870.05","873.67","865.82","6,020","4,780","3,186"
"2022/12/08","870.0","878.0","870.0","873.0","+3.0","5,500","4,803","0","100","0.00","-","-","868.40","869.60","870.32","873.53","865.96","3,040","4,088","2,998"
"2022/12/07","872.0","872.0","865.0","870.0","+2.0","3,000","2,607","0","200","0.00","-","-","867.40","869.48","870.55","873.33","866.02","2,300","3,920","2,933"
"2022/12/06","867.0","871.0","867.0","868.0","+2.0","2,500","2,172","0","100","0.00","-","-","866.60","869.68","870.80","873.18","866.07","2,000","3,832","2,933"
"2022/12/05","863.0","866.0","862.0","866.0","+1.0","1,300","1,123","0","100","0.00","-","-","866.00","869.80","871.09","873.05","866.13","1,780","3,740","2,972"
"2022/12/02","868.0","868.0","863.0","865.0","-3.0","2,900","2,510","0","200","0.00","-","-","865.20","870.20","871.47","872.91","866.23","2,060","3,696","2,994"
"2022/12/01","868.0","870.0","866.0","868.0","+2.0","1,800","1,562","0","0","0.00","-","-","864.80","870.60","871.81","872.82","866.33","2,820","3,596","2,973"
"2022/11/30","867.0","868.0","864.0","866.0","+1.0","1,500","1,299","0","0","0.00","-","-","864.40","870.80","872.03","872.82","866.41","3,080","3,736","2,974"
"2022/11/29","862.0","866.0","862.0","865.0","+3.0","1,400","1,210","0","0","0.00","-","-","863.40","871.32","872.21","872.90","866.49","4,540","3,748","2,981"
"2022/11/28","863.0","864.0","862.0","862.0","-1.0","2,700","2,330","0","0","0.00","-","-","864.40","871.60","872.47","873.15","866.59","5,260","3,740","3,032"
"2022/11/25","869.0","869.0","863.0","863.0","-3.0","6,700","5,815","100","0","0.00","-","-","866.20","872.08","872.87","873.36","866.72","5,040","3,652","3,062"
"2022/11/24","866.0","869.0","863.0","866.0","+5.0","3,100","2,684","100","0","0.00","-","-","868.40","872.60","873.09","873.53","866.86","4,460","3,568","2,990"
"2022/11/22","866.0","873.0","852.0","861.0","-9.0","8,800","7,580","200","0","0.00","-","-","870.00","872.92","873.31","873.47","866.98","4,560","3,564","2,978"
"2022/11/21","873.0","873.0","861.0","870.0","-1.0","5,000","4,333","200","0","0.00","-","-","873.40","873.40","873.61","873.37","867.16","3,440","3,376","2,889"
"2022/11/16","871.0","874.0","871.0","874.0","-4.0","3,600","3,137","200","0","0.00","0.00","-","872.40","872.72","874.53","872.87","867.66","2,500","3,392","3,138"
"2022/11/14","868.0","872.0","865.0","872.0","+5.0","2,200","1,909","200","0","0.00","0.00","-","869.00","872.08","875.05","872.32","867.99","7,740","3,220","3,748"
"2022/11/11","875.0","875.0","867.0","867.0","-4.0","1,700","1,481","200","0","0.00","-","-","870.80","871.92","875.21","872.17","868.18","7,960","3,200","4,040"
"2022/11/10","864.0","871.0","863.0","871.0","+7.0","1,800","1,560","200","0","0.00","-","-","873.20","871.68","875.33","872.07","868.37","7,900","3,176","4,142"
"2022/11/09","860.0","866.0","860.0","864.0","-7.0","7,700","6,634","200","0","0.00","-","-","874.00","871.20","875.39","871.90","868.53","7,620","3,244","4,209"
"2022/11/08","885.0","938.0","871.0","871.0","-10.0","25,300","22,707","0","0","0.00","-","-","875.20","871.00","875.55","871.80","868.74","6,340","3,044","4,214"
"2022/11/04","878.0","879.0","877.0","879.0","+4.0","1,400","1,229","0","400","0.00","-","-","874.00","869.68","875.25","871.37","869.01","820","2,028","3,985"
"2022/11/02","877.0","877.0","875.0","875.0","+5.0","400","350","0","0","0.00","-","-","873.40","869.52","875.08","871.12","869.13","580","2,100","4,058"
"2022/11/01","875.0","875.0","870.0","870.0","-5.0","1,300","1,137","0","0","0.00","-","-","873.40","869.52","874.84","870.91","869.26","580","2,248","4,116"
"2022/10/31","873.0","875.0","870.0","875.0","+4.0","800","697","0","0","0.00","-","-","874.00","869.68","874.61","870.77","869.41","1,380","2,324","4,126"
"2022/10/28","872.0","872.0","871.0","871.0","-5.0","200","174","0","0","0.00","-","-","874.80","869.68","874.35","870.58","869.54","1,580","2,572","4,126"
"2022/10/27","875.0","876.0","875.0","876.0","+1.0","200","175","0","0","0.00","-","-","875.00","869.60","874.13","870.40","869.72","1,780","2,688","4,149"
"2022/10/26","875.0","875.0","874.0","875.0","+2.0","400","350","0","0","0.00","-","-","874.60","869.36","873.81","870.14","869.89","1,840","2,832","4,218"
"2022/10/25","880.0","880.0","873.0","873.0","-6.0","5,300","4,659","0","0","0.00","-","-","874.80","869.12","873.56","869.93","870.03","2,680","2,968","4,326"
"2022/10/24","873.0","879.0","873.0","879.0","+7.0","1,800","1,577","0","0","0.00","-","-","875.00","869.12","873.49","869.73","870.16","2,220","2,928","4,420"
"2022/10/21","874.0","876.0","872.0","872.0","-2.0","1,200","1,049","0","0","0.00","-","-","873.80","868.96","873.43","869.47","870.29","2,680","2,944","4,629"
"2022/10/20","875.0","875.0","874.0","874.0","-2.0","500","437","0","0","0.00","-","-","873.40","869.28","873.67","869.22","870.45","3,500","2,944","4,718"
"2022/10/19","875.0","876.0","868.0","876.0","+2.0","4,600","4,019","0","0","0.00","-","-","871.80","869.12","873.79","868.99","870.58","3,600","3,064","5,302"
"2022/10/18","873.0","874.0","868.0","874.0","+1.0","3,000","2,618","0","0","0.00","-","-","869.00","868.52","873.84","868.72","870.70","3,580","3,056","5,686"
"2022/10/17","869.0","873.0","869.0","873.0","+3.0","4,100","3,566","0","0","0.00","-","-","867.80","868.12","873.65","868.49","870.81","3,480","2,960","5,761"
"2022/10/14","867.0","870.0","860.0","870.0","+4.0","5,300","4,571","0","100","0.00","-","-","866.80","867.76","873.36","868.24","870.91","2,660","2,808","5,757"
"2022/10/13","866.0","866.0","864.0","866.0","+4.0","1,000","865","0","0","0.00","-","-","866.40","867.64","873.23","867.96","871.04","1,940","2,604","5,936"
"2022/10/12","867.0","867.0","850.0","862.0","-6.0","4,500","3,857","0","0","0.00","-","-","865.40","867.60","873.12","867.78","871.20","1,960","2,664","5,980"
"2022/10/11","858.0","870.0","858.0","868.0","0.0","2,500","2,151","100","0","0.00","-","-","864.80","868.12","872.92","867.55","871.35","1,760","2,524","5,964"
"2022/10/07","-","-","-","-","-","0","-","100","0","0.00","-","-","863.00","868.36","872.61","867.27","871.46","1,800","2,500","6,033"
"2022/10/06","861.0","868.0","857.0","868.0","+7.0","1,700","1,470","100","0","0.00","-","-","861.20","868.52","872.40","866.98","871.55","2,100","2,552","6,068"
"2022/10/05","857.0","861.0","857.0","861.0","+2.0","1,100","944","100","0","0.00","-","-","859.60","868.60","872.25","866.69","871.61","2,100","2,596","6,084"
"2022/10/04","859.0","862.0","855.0","859.0","0.0","3,500","3,005","0","1,400","0.00","-","-","862.40","868.72","872.20","866.47","871.74","2,520","2,716","6,125"
"2022/07/25","883.0","892.0","881.0","884.0","+8.0","24,100","21,300","0","700","0.00","-","-","875.20","864.12","855.00","857.35","876.46","10,900","10,180","5,777"
"2022/07/22","870.0","878.0","867.0","876.0","+1.0","9,400","8,191","0","700","0.00","-","-","871.40","863.04","854.56","857.29","876.56","7,140","9,332","5,488"
"2022/07/21","878.0","878.0","868.0","875.0","-1.0","6,800","5,942","0","1,400","0.00","-","-","869.40","862.28","854.23","857.38","876.70","6,640","9,124","5,397"
"2022/07/20","878.0","878.0","869.0","876.0","+11.0","8,100","7,094","0","2,300","0.00","-","-","865.80","861.44","853.89","857.46","876.84","6,220","8,976","5,393"
"2022/07/19","867.0","867.0","856.0","865.0","0.0","6,100","5,273","0","2,300","0.00","-","-","861.20","860.56","853.53","857.56","876.98","5,020","8,768","5,497"
"2022/07/15","866.0","866.0","856.0","865.0","-1.0","5,300","4,572","0","2,300","0.00","-","-","859.20","860.12","853.56","857.77","877.17","3,960","8,572","5,778"
"2022/07/14","857.0","866.0","855.0","866.0","+9.0","6,900","5,942","0","3,200","0.00","-","-","857.20","859.72","853.55","857.97","877.35","3,280","8,456","5,898"
"2022/07/13","856.0","860.0","852.0","857.0","+4.0","4,700","4,025","0","3,300","0.00","-","-","854.40","859.24","853.49","858.15","877.53","2,980","8,232","6,128"
"2022/07/12","855.0","855.0","853.0","853.0","-2.0","2,100","1,793","0","3,300","0.00","-","-","854.20","859.12","853.63","858.39","877.78","3,740","8,088","6,269"
"2022/07/11","857.0","857.0","855.0","855.0","0.0","800","685","0","4,100","0.00","-","-","857.20","859.24","853.79","858.70","878.08","5,780","8,052","6,504"
"2022/07/08","852.0","855.0","852.0","855.0","+3.0","1,900","1,621","0","4,100","0.00","-","-","861.00","859.28","853.95","858.95","878.36","9,120","8,048","6,558"
"2022/07/07","855.0","865.0","851.0","852.0","-4.0","5,400","4,616","0","4,100","0.00","-","-","868.00","859.20","854.11","859.20","878.62","10,320","8,044","6,584"
"2022/07/06","854.0","866.0","852.0","856.0","-12.0","8,500","7,280","0","6,500","0.00","-","-","874.20","859.12","854.31","859.54","878.90","18,100","7,868","6,597"
"2022/07/05","861.0","885.0","861.0","868.0","-6.0","12,300","10,664","0","4,100","0.00","-","-","879.00","859.04","854.48","859.83","879.18","23,080","7,592","6,574"
"2022/06/24","863.0","863.0","855.0","860.0","+2.0","18,700","16,125","1,500","0","0.00","0.00","-","852.40","852.88","853.39","860.95","880.50","7,320","2,960","5,466"
"2022/06/08","855.0","856.0","854.0","854.0","-2.0","1,100","940","200","0","0.00","0.00","-","853.80","847.52","857.79","867.14","884.39","1,160","3,712","5,809"
"2022/06/07","857.0","857.0","856.0","856.0","0.0","1,200","1,028","0","0","0.00","-","-","853.80","847.32","858.15","867.60","884.67","1,260","3,732","5,878"
"2022/06/06","850.0","856.0","850.0","856.0","+3.0","700","596","0","0","0.00","-","-","853.20","846.84","858.52","868.04","884.93","1,100","3,764","5,941"
"2022/06/03","850.0","854.0","850.0","853.0","+3.0","1,800","1,531","0","0","0.00","-","-","852.60","846.36","858.84","868.49","885.18","1,180","3,804","6,036"
"2022/06/02","853.0","855.0","850.0","850.0","-4.0","1,000","853","0","100","0.00","-","-","851.40","846.12","859.20","869.04","885.44","940","4,012","6,124"
"2022/06/01","853.0","856.0","853.0","854.0","+1.0","1,600","1,366","0","100","0.00","-","-","851.60","846.08","859.68","869.63","885.72","940","4,152","6,145"
"2022/05/24","842.0","851.0","842.0","851.0","+3.0","1,900","1,604","0","100","0.00","-","-","845.60","847.24","862.47","872.67","887.61","9,480","4,996","6,348"
"2022/05/23","842.0","853.0","842.0","848.0","+6.0","2,100","1,784","0","100","0.00","-","-","843.40","847.56","862.99","873.12","887.90","9,820","4,960","6,358"
"2022/05/20","842.0","851.0","841.0","842.0","-6.0","4,200","3,552","0","100","0.00","-","-","841.60","847.88","863.64","873.57","888.00","10,460","4,996","6,381"
"2022/05/19","838.0","848.0","838.0","848.0","+9.0","7,700","6,496","0","100","0.00","-","-","841.00","848.40","864.43","874.12","888.21","10,460","4,896","6,332"
"2022/05/18","844.0","848.0","839.0","839.0","-1.0","31,500","26,656","0","100","0.00","-","-","839.20","848.40","865.15","874.61","888.50","10,600","4,724","6,308"
"2022/05/13","824.0","839.0","823.0","839.0","0.0","4,200","3,488","0","200","0.00","-","-","842.00","850.16","867.97","876.12","889.49","3,460","3,564","5,862"
"2022/05/12","844.0","847.0","822.0","839.0","-5.0","8,400","7,064","0","200","0.00","-","-","843.40","850.64","868.92","876.53","889.87","3,000","3,492","5,884"
"2022/05/11","843.0","845.0","843.0","844.0","+1.0","1,500","1,266","0","100","0.00","-","-","845.40","851.12","869.80","877.00","890.18","1,700","3,260","5,834"
"2022/05/10","842.0","845.0","842.0","843.0","-2.0","800","674","0","100","0.00","-","-","846.40","851.36","870.57","877.44","890.49","1,720","3,460","5,857"
"2022/05/09","846.0","846.0","843.0","845.0","-1.0","2,400","2,028","0","100","0.00","-","-","846.60","851.60","871.43","877.87","890.80","1,960","4,064","5,882"
"2022/05/06","849.0","849.0","846.0","846.0","-3.0","1,900","1,611","0","100","0.00","-","-","846.40","852.48","872.13","878.30","891.08","1,820","5,056","5,913"
"2022/05/02","849.0","853.0","849.0","849.0","0.0","1,900","1,616","0","100","0.00","-","-","846.60","853.20","872.96","878.70","891.39","2,840","5,552","5,897"
"2022/04/28","844.0","849.0","843.0","849.0","+5.0","1,600","1,352","0","0","0.00","-","-","846.60","853.72","873.68","879.07","891.67","3,360","6,440","5,892"
"2022/04/27","843.0","845.0","842.0","844.0","0.0","2,000","1,687","0","0","0.00","-","-","845.80","854.44","874.36","879.46","891.99","5,640","6,988","5,914"
"2022/04/26","845.0","847.0","843.0","844.0","-3.0","1,700","1,438","0","100","0.00","-","-","847.80","855.28","875.11","879.90","892.34","5,680","7,696","5,920"
"2022/04/25","849.0","850.0","844.0","847.0","-2.0","7,000","5,935","100","0","0.00","0.00","-","850.20","856.20","875.87","880.35","892.68","6,040","7,824","5,945"
"2022/04/22","845.0","849.0","842.0","849.0","+4.0","4,500","3,804","0","0","0.00","-","-","852.40","857.00","876.68","880.81","892.98","5,700","7,696","5,922"
"2022/04/21","856.0","860.0","844.0","845.0","-9.0","13,000","11,004","0","100","0.00","-","-","855.00","857.72","877.48","881.26","893.27","5,620","7,772","5,884"
"2022/04/04","849.0","852.0","849.0","851.0","0.0","2,400","2,040","2,500","0","0.00","0.05","-","853.60","864.40","884.77","886.80","896.55","10,920","8,832","6,744"
"2022/03/31","846.0","852.0","841.0","850.0","+1.0","6,500","5,503","2,400","0","0.00","0.05","-","858.40","866.84","885.63","887.72","897.01","17,600","10,160","7,038"
"2022/03/30","841.0","866.0","839.0","849.0","-18.0","15,900","13,509","2,700","0","0.00","0.05","-","861.80","868.16","886.13","888.16","897.25","19,360","9,972","7,040"
"2022/03/29","860.0","868.0","860.0","867.0","+3.0","27,200","23,482","21,900","0","0.00","1.10","-","865.00","869.64","886.63","888.62","897.49","20,120","9,500","6,976"
"2022/03/28","865.0","868.0","860.0","864.0","+2.0","14,300","12,349","6,500","0","0.00","0.05","-","865.00","870.40","886.91","888.92","897.64","15,660","8,496","6,785"
"2022/03/23","874.0","874.0","864.0","865.0","-2.0","19,700","17,067","2,000","0","0.00","0.05","-","867.00","872.68","887.80","889.87","898.13","8,320","6,916","6,189"
"2022/03/22","868.0","870.0","867.0","867.0","0.0","4,900","4,254","900","0","0.00","0.00","-","866.80","873.44","888.11","890.24","898.28","5,960","6,364","5,949"
"2022/03/18","867.0","870.0","867.0","867.0","0.0","3,800","3,297","900","0","0.00","0.00","-","865.40","873.96","888.40","890.58","898.43","5,960","6,480","5,918"
"2022/03/17","871.0","873.0","867.0","867.0","-2.0","6,400","5,569","700","0","0.00","0.00","-","863.20","874.48","888.75","890.94","898.57","6,420","6,664","5,890"
"2022/03/16","864.0","869.0","863.0","869.0","+5.0","6,800","5,880","700","0","0.00","0.00","-","862.20","875.24","889.11","891.24","898.72","5,980","6,512","5,936"
"2022/03/15","860.0","867.0","857.0","864.0","+4.0","7,900","6,807","300","0","0.00","0.00","-","860.20","875.88","889.52","891.55","898.85","5,340","6,336","5,861"
"2022/03/14","857.0","860.0","856.0","860.0","+4.0","4,900","4,201","0","0","0.00","-","-","858.80","876.68","890.00","891.91","898.94","5,580","6,456","5,781"
"2022/03/11","860.0","863.0","856.0","856.0","-6.0","6,100","5,240","0","0","0.00","-","-","860.00","877.60","890.43","892.37","899.07","6,380","6,376","5,728"
"2022/03/10","860.0","872.0","859.0","862.0","+3.0","4,200","3,619","0","200","0.00","-","-","863.00","878.72","890.95","892.78","899.21","6,720","6,256","5,664"
"2022/03/03","876.0","882.0","876.0","876.0","0.0","3,400","2,984","200","0","0.00","0.00","-","879.40","884.84","893.21","894.66","899.83","10,160","5,412","5,638"
"2022/03/01","886.0","888.0","881.0","881.0","-5.0","6,600","5,830","200","0","0.00","0.00","-","882.60","887.32","893.83","895.22","900.04","9,820","5,452","5,569"
"2022/02/28","884.0","889.0","884.0","886.0","+8.0","2,500","2,213","200","0","0.00","0.00","-","883.60","888.40","894.08","895.41","900.14","9,320","5,208","5,509"
"2022/02/25","855.0","899.0","855.0","878.0","-7.0","32,400","28,312","100","0","0.00","0.00","-","883.60","889.36","894.27","895.56","900.16","9,240","5,192","5,509"
"2022/02/24","883.0","886.0","879.0","885.0","+2.0","5,800","5,116","200","0","0.00","0.00","-","885.00","890.64","894.56","895.82","900.24","3,480","4,128","5,089"
"2022/02/22","886.0","886.0","883.0","883.0","-3.0","1,800","1,593","100","0","0.00","0.00","-","884.80","891.44","894.68","896.01","900.27","3,180","4,084","5,025"
"2022/02/21","882.0","886.0","881.0","886.0","0.0","4,100","3,618","100","0","0.00","0.00","-","884.40","892.20","894.83","896.21","900.30","4,080","4,140","5,042"
"2022/02/18","886.0","886.0","881.0","886.0","+1.0","2,100","1,857","100","0","0.00","0.00","-","884.00","893.04","894.95","896.39","900.36","4,440","4,084","5,010"
"2022/02/17","884.0","885.0","884.0","885.0","+1.0","3,600","3,183","100","0","0.00","0.00","-","882.80","893.52","895.09","896.56","900.43","5,580","4,188","5,004"
"2022/02/16","883.0","884.0","881.0","884.0","+3.0","4,300","3,797","0","0","0.00","-","-","881.80","894.44","895.24","896.72","900.51","6,540","4,072","4,980"
"2022/02/15","884.0","884.0","877.0","881.0","-3.0","6,300","5,548","0","0","0.00","-","-","882.20","895.20","895.40","896.91","900.57","6,200","3,960","4,945"
"2022/02/14","884.0","884.0","878.0","884.0","+4.0","5,900","5,198","0","0","0.00","-","-","883.00","895.96","895.60","897.17","900.66","5,420","3,840","4,969"
"2022/02/10","885.0","886.0","879.0","880.0","0.0","7,800","6,867","0","0","0.00","-","-","883.00","896.60","895.84","897.46","900.74","6,420","3,700","4,917"
"2022/02/09","884.0","884.0","878.0","880.0","-6.0","8,400","7,400","0","200","0.00","-","-","883.60","897.44","896.12","897.76","900.83","5,440","3,532","4,841"
"2022/02/08","885.0","887.0","884.0","886.0","+1.0","2,600","2,301","0","0","0.00","-","-","884.40","898.56","896.43","898.04","900.93","4,380","3,408","4,737"
"2022/02/07","888.0","888.0","883.0","885.0","+1.0","2,400","2,124","0","100","0.00","-","-","884.80","899.48","896.57","898.26","900.95","4,560","3,368","4,797"
"2022/02/04","883.0","898.0","883.0","884.0","+1.0","10,900","9,661","0","0","0.00","-","-","886.20","900.24","896.77","898.52","900.97","4,480","3,424","4,820"
"2022/02/03","884.0","891.0","883.0","883.0","-1.0","2,900","2,573","0","0","0.00","-","-","887.40","900.84","896.99","898.80","901.00","2,840","3,072","4,838"
"2022/02/02","885.0","886.0","882.0","884.0","-4.0","3,100","2,742","0","0","0.00","-","-","890.20","901.68","897.29","899.05","901.02","3,020","3,096","4,818"
"2022/02/01","892.0","892.0","888.0","888.0","-4.0","3,500","3,115","0","0","0.00","-","-","893.60","902.52","897.47","899.28","901.02","2,500","3,816","4,834"
"2022/01/31","895.0","895.0","889.0","892.0","+2.0","2,000","1,782","0","0","0.00","-","-","896.40","902.96","897.63","899.51","900.99","2,980","4,300","4,813"
"2022/01/28","892.0","892.0","889.0","890.0","-7.0","2,700","2,404","0","0","0.00","-","-","900.40","903.28","897.75","899.71","900.97","3,460","5,052","4,808"
"2022/01/27","900.0","900.0","896.0","897.0","-4.0","3,800","3,415","0","0","0.00","-","-","904.00","903.52","897.92","899.93","900.94","3,020","5,836","4,782"
"2022/01/26","900.0","902.0","900.0","901.0","-1.0","500","451","0","0","0.00","-","-","906.60","903.36","897.97","900.05","900.84","2,680","5,808","4,768"
"2022/01/25","910.0","910.0","900.0","902.0","-10.0","5,900","5,352","0","0","0.00","-","-","908.40","903.20","897.93","900.16","900.68","3,740","6,096","4,810"
"2022/01/24","908.0","914.0","904.0","912.0","+4.0","4,400","4,003","0","100","0.00","-","-","909.00","903.00","897.96","900.18","900.54","3,500","6,064","4,774"
"2022/01/21","909.0","909.0","908.0","908.0","-2.0","500","454","0","0","0.00","-","-","907.00","902.20","897.85","900.16","900.37","3,260","6,120","4,737"
"2022/01/20","909.0","910.0","907.0","910.0","0.0","2,100","1,909","0","0","0.00","-","-","906.80","901.48","897.75","900.25","900.34","3,700","6,176","4,749"
"2022/01/19","909.0","910.0","900.0","910.0","+5.0","5,800","5,249","0","0","0.00","-","-","904.40","900.56","897.63","900.44","900.29","4,220","6,208","4,733"
"2022/01/18","905.0","905.0","899.0","905.0","+3.0","4,700","4,247","0","0","0.00","-","-","904.00","899.36","897.55","900.53","900.26","3,200","6,624","4,718"
"2022/01/17","902.0","905.0","901.0","902.0","-5.0","3,200","2,887","0","0","0.00","-","-","903.60","898.60","897.53","900.62","900.25","2,560","6,872","4,666"
"2022/01/14","905.0","907.0","898.0","907.0","+9.0","2,700","2,439","0","100","0.00","-","-","903.20","898.04","897.55","900.83","900.25","2,580","7,008","4,662"
"2022/01/13","900.0","901.0","897.0","898.0","-10.0","4,700","4,227","0","0","0.00","-","-","901.80","897.20","897.51","901.07","900.23","2,520","7,344","4,701"
"2022/01/12","907.0","908.0","905.0","908.0","+5.0","700","635","0","0","0.00","-","-","902.40","896.80","897.57","901.30","900.24","2,300","7,672","4,717"
"2022/01/11","901.0","903.0","899.0","903.0","+3.0","1,500","1,351","0","0","0.00","-","-","902.40","895.92","897.48","901.43","900.19","3,220","7,720","4,777"
"2022/01/07","905.0","905.0","898.0","900.0","0.0","3,300","2,974","100","0","0.00","0.00","-","903.60","895.24","897.48","901.63","900.16","3,240","7,788","4,901"
"2022/01/06","901.0","904.0","899.0","900.0","-1.0","2,400","2,164","400","0","0.00","0.00","-","904.40","894.76","897.57","901.74","900.15","3,340","7,812","4,984"
"2022/01/05","910.0","910.0","900.0","901.0","-7.0","3,600","3,252","300","0","0.00","0.00","-","904.20","894.28","897.75","901.81","900.13","3,280","7,784","5,018"
"2022/01/04","910.0","913.0","904.0","908.0","-1.0","5,300","4,812","500","0","0.00","0.00","-","904.80","893.80","897.87","901.87","900.12","3,260","7,744","5,012"
"2021/12/30","904.0","909.0","904.0","909.0","+5.0","1,600","1,450","600","0","0.00","0.00","-","904.20","893.20","897.87","901.84","900.05","6,420","7,600","4,984"
"2021/12/29","894.0","904.0","894.0","904.0","+5.0","3,800","3,413","600","0","0.00","0.00","-","902.20","892.60","897.85","901.80","900.00","9,220","7,928","5,001"
"2021/12/28","898.0","903.0","898.0","899.0","-5.0","2,100","1,888","500","0","0.00","0.00","-","901.40","892.44","897.95","901.81","899.97","12,620","7,824","4,964"
"2021/12/27","905.0","905.0","896.0","904.0","-1.0","3,500","3,158","900","0","0.00","0.00","-","900.80","892.48","898.12","901.92","899.95","16,660","7,816","4,982"
"2021/12/24","900.0","907.0","895.0","905.0","+6.0","21,100","18,990","500","0","0.00","0.00","-","898.60","892.00","898.17","902.02","899.92","16,580","7,712","4,949"
"2021/12/23","900.0","900.0","890.0","899.0","-1.0","15,600","14,022","0","0","0.00","-","-","897.00","891.60","898.20","902.04","899.89","13,900","6,920","4,672"
"2021/12/22","900.0","901.0","885.0","900.0","+4.0","20,800","18,682","0","0","0.00","-","-","896.60","890.96","898.36","902.28","899.87","11,800","6,992","4,509"
"2021/12/20","899.0","899.0","888.0","893.0","-4.0","3,100","2,772","100","0","0.00","-","-","893.80","891.28","898.73","902.67","899.86","4,720","5,596","4,052"
"2021/12/17","898.0","899.0","890.0","897.0","0.0","7,700","6,908","0","0","0.00","-","-","892.60","891.64","898.95","902.42","899.88","4,680","5,604","4,021"
"2021/12/16","893.0","897.0","883.0","897.0","+5.0","5,100","4,547","0","100","0.00","-","-","889.20","891.60","899.15","902.30","899.89","6,380","5,408","3,933"
"2021/12/15","882.0","896.0","882.0","892.0","+2.0","5,800","5,141","0","100","0.00","-","-","887.00","891.80","899.24","902.38","899.86","7,540","5,264","3,929"
"2021/12/14","893.0","893.0","886.0","890.0","+3.0","1,900","1,691","0","0","0.00","-","-","886.20","891.96","899.48","902.51","899.86","7,700","5,136","3,860"
"2021/12/13","885.0","892.0","870.0","887.0","+7.0","2,900","2,556","0","0","0.00","-","-","885.40","892.36","899.84","902.69","899.83","9,540","5,144","3,912"
"2021/12/10","886.0","886.0","876.0","880.0","-6.0","16,200","14,333","0","0","0.00","-","-","885.60","892.88","900.40","902.85","899.81","11,540","5,128","3,917"
"2021/12/09","892.0","892.0","871.0","886.0","-2.0","10,900","9,622","0","0","0.00","-","-","886.80","893.68","900.92","903.20","899.84","8,680","4,516","3,720"
"2021/12/08","888.0","888.0","883.0","888.0","+2.0","6,600","5,842","0","300","0.00","-","-","886.80","894.00","901.29","903.36","899.85","7,140","4,120","3,656"
"2021/12/07","894.0","895.0","864.0","886.0","-2.0","11,100","9,780","0","0","0.00","-","-","886.80","894.24","901.76","903.53","899.87","6,600","3,980","3,657"
"2021/12/06","886.0","890.0","881.0","888.0","+2.0","12,900","11,406","100","0","0.00","0.00","-","887.20","894.60","902.36","903.73","899.86","4,720","3,604","3,600"
"2021/12/03","886.0","889.0","885.0","886.0","0.0","1,900","1,684","0","0","0.00","-","-","887.40","894.96","902.80","903.85","899.80","2,660","3,152","3,473"
"2021/12/02","888.0","889.0","886.0","886.0","-2.0","3,200","2,840","0","0","0.00","-","-","888.80","895.36","903.27","904.07","899.73","2,620","3,148","3,508"
"2021/12/01","888.0","894.0","887.0","888.0","0.0","3,900","3,466","0","0","0.00","-","-","890.40","895.76","903.76","904.26","899.65","3,940","3,088","3,505"
"2021/11/30","890.0","891.0","888.0","888.0","-1.0","1,700","1,512","100","0","0.00","0.00","-","892.80","896.08","904.07","904.51","899.57","3,400","3,256","3,481"
"2021/11/29","890.0","896.0","889.0","889.0","-4.0","2,600","2,316","100","0","0.00","0.00","-","895.20","896.64","904.32","904.77","899.48","3,440","3,268","3,482"
"2021/11/26","890.0","898.0","890.0","893.0","-1.0","1,700","1,518","100","0","0.00","0.00","-","895.80","897.12","904.56","905.01","899.39","3,100","3,248","3,469"
"2021/11/25","899.0","899.0","886.0","894.0","-6.0","9,800","8,763","100","0","0.00","0.00","-","896.20","897.52","904.72","905.15","899.28","3,020","3,204","3,461"
"2021/11/24","900.0","900.0","897.0","900.0","0.0","1,200","1,079","100","0","0.00","0.00","-","894.00","897.64","904.87","905.28","899.17","4,540","3,096","3,453"
"2021/11/22","894.0","901.0","894.0","900.0","+8.0","1,900","1,705","100","0","0.00","0.00","-","894.80","897.64","904.93","905.29","899.07","5,360","3,212","3,450"
"2021/11/19","892.0","895.0","892.0","892.0","-3.0","900","803","100","0","0.00","0.00","-","894.80","897.64","905.07","905.39","898.93","5,560","3,628","3,470"
"2021/11/17","900.0","900.0","883.0","883.0","-21.0","17,400","15,531","0","100","0.00","-","-","897.00","898.28","905.52","905.73","898.69","6,340","3,768","3,582"
"2021/11/16","900.0","905.0","898.0","904.0","+4.0","5,300","4,773","0","100","0.00","-","-","900.80","898.96","906.05","905.96","898.65","3,160","3,148","3,561"
"2021/11/15","903.0","903.0","899.0","900.0","-2.0","2,900","2,617","0","100","0.00","-","-","899.20","898.84","906.35","905.92","898.43","2,620","3,000","3,769"
"2021/11/12","903.0","904.0","896.0","902.0","+6.0","3,300","2,969","0","1,100","0.00","-","-","899.20","898.96","906.47","905.95","898.24","2,460","2,916","4,008"
"2021/11/11","903.0","903.0","896.0","896.0","-6.0","2,800","2,514","0","1,100","0.00","-","-","898.80","898.92","906.01","906.00","898.06","2,300","2,892","4,176"
"2021/11/10","900.0","902.0","900.0","902.0","+6.0","1,500","1,350","0","1,100","0.00","-","-","899.60","899.00","905.87","906.10","898.02","1,920","2,928","4,509"
"2021/11/09","900.0","900.0","895.0","896.0","-4.0","2,600","2,333","0","1,100","0.00","-","-","898.00","899.08","905.91","906.13","897.93","1,820","2,996","4,566"
"2021/11/08","900.0","900.0","899.0","900.0","0.0","2,100","1,890","0","1,100","0.00","-","-","897.60","899.40","906.03","906.23","897.88","1,920","2,956","4,594"
"2021/11/04","896.0","900.0","896.0","900.0","+6.0","900","809","0","1,000","0.00","-","-","896.00","899.44","906.17","906.29","897.65","1,660","2,864","4,696"
"2021/11/02","897.0","897.0","894.0","894.0","0.0","1,000","895","0","1,100","0.00","-","-","895.20","899.60","906.37","906.27","897.53","1,840","3,016","4,721"
"2021/11/01","895.0","899.0","894.0","894.0","-1.0","3,100","2,775","0","1,100","0.00","-","-","895.60","900.00","906.48","906.30","897.45","1,980","3,008","4,728"
"2021/10/29","897.0","897.0","895.0","895.0","-2.0","1,700","1,524","0","1,100","0.00","-","-","896.00","900.36","906.63","906.33","897.40","2,980","3,000","4,693"
"2021/10/28","896.0","897.0","896.0","897.0","+1.0","1,600","1,435","0","1,100","0.00","-","-","897.40","900.72","906.77","906.35","897.35","3,040","3,156","4,701"
"2021/10/27","896.0","896.0","896.0","896.0","0.0","1,800","1,613","0","1,100","0.00","-","-","898.20","900.96","906.81","906.35","897.28","3,140","3,328","4,752"
"2021/10/26","896.0","899.0","896.0","896.0","0.0","1,700","1,524","0","1,100","0.00","-","-","899.60","901.16","906.97","906.36","897.26","2,900","3,464","4,741"
"2021/10/25","897.0","900.0","896.0","896.0","-6.0","8,100","7,270","0","1,100","0.00","-","-","899.80","901.44","907.09","906.37","897.21","3,980","3,828","4,728"
"2021/10/22","903.0","904.0","901.0","902.0","+1.0","2,000","1,805","0","1,100","0.00","-","-","900.60","901.88","907.32","906.39","897.24","3,180","3,884","4,626"
"2021/10/21","905.0","905.0","900.0","901.0","-2.0","2,100","1,894","0","1,000","0.00","-","-","900.20","902.32","907.48","906.32","897.25","5,240","4,004","4,612"
"2021/10/20","903.0","903.0","901.0","903.0","+6.0","600","542","0","1,400","0.00","-","-","901.20","902.68","907.64","906.27","897.29","5,100","4,044","4,626"
"2021/10/19","905.0","905.0","895.0","897.0","-3.0","7,100","6,393","0","1,400","0.00","-","-","900.00","902.88","907.69","906.20","897.38","5,840","4,148","4,634"
"2021/10/18","899.0","902.0","899.0","900.0","0.0","4,100","3,688","0","1,400","0.00","-","-","900.60","903.32","907.83","906.20","897.44","4,800","3,980","4,549"
"2021/10/15","900.0","900.0","891.0","900.0","-6.0","12,300","11,024","0","1,400","0.00","-","-","900.80","903.76","907.84","906.15","897.44","4,300","3,856","4,528"
"2021/10/14","903.0","906.0","900.0","906.0","+9.0","1,400","1,264","0","1,700","0.00","-","-","901.40","904.24","907.97","905.97","897.45","2,000","3,504","4,640"
"2021/10/13","904.0","904.0","897.0","897.0","-3.0","4,300","3,871","0","1,700","0.00","-","-","900.40","904.32","908.05","905.76","897.42","2,260","3,488","4,673"
"2021/10/12","901.0","903.0","900.0","900.0","-1.0","1,900","1,711","0","1,700","0.00","-","-","900.60","904.72","908.21","905.64","897.43","2,140","3,328","4,688"
"2021/10/11","903.0","905.0","900.0","901.0","-2.0","1,600","1,442","0","1,700","0.00","-","-","901.40","905.16","908.29","905.44","897.43","2,400","3,388","4,720"
"2021/10/08","907.0","907.0","903.0","903.0","+2.0","800","724","0","1,700","0.00","-","-","902.00","905.60","908.28","905.26","897.41","2,400","3,360","4,725"
"2021/10/07","902.0","907.0","899.0","901.0","+3.0","2,700","2,437","0","1,700","0.00","-","-","901.40","905.96","908.28","905.10","897.40","2,520","3,644","4,732"
"2021/10/06","909.0","909.0","898.0","898.0","-6.0","3,700","3,333","0","1,700","0.00","-","-","901.40","906.28","908.36","904.99","897.38","2,160","3,568","4,849"
"2021/10/05","898.0","905.0","898.0","904.0","0.0","3,200","2,880","0","1,700","0.00","-","-","902.60","906.84","908.47","904.99","897.39","2,360","3,464","4,913"
"2021/10/04","904.0","905.0","901.0","904.0","+4.0","1,600","1,446","0","1,700","0.00","-","-","902.60","906.84","908.48","904.92","897.36","1,880","3,528","4,948"
"2021/10/01","901.0","903.0","900.0","900.0","-1.0","1,400","1,262","0","1,700","0.00","-","-","902.40","907.08","908.51","904.86","897.35","2,140","3,488","5,005"
"2021/09/30","902.0","903.0","900.0","901.0","-3.0","900","811","0","1,700","0.00","-","-","903.20","907.76","908.59","904.86","897.35","2,980","3,664","5,050"
"2021/09/29","899.0","904.0","899.0","904.0","0.0","4,700","4,231","0","1,600","0.00","-","-","903.60","908.88","908.57","904.76","897.36","3,980","3,760","5,069"
"2021/09/28","903.0","906.0","903.0","904.0","+1.0","800","723","0","1,600","0.00","-","-","903.00","909.48","908.49","904.65","897.33","4,080","3,628","5,024"
"2021/09/27","903.0","906.0","902.0","903.0","-1.0","2,900","2,622","0","1,600","0.00","-","-","902.80","909.88","908.40","904.53","897.31","6,080","3,840","5,022"
"2021/09/24","906.0","912.0","904.0","904.0","+1.0","5,600","5,074","0","1,600","0.00","-","-","903.60","910.68","908.32","904.38","897.28","7,400","3,992","4,997"
"2021/09/22","902.0","906.0","900.0","903.0","+2.0","5,900","5,319","0","1,600","0.00","-","-","905.40","911.76","908.23","904.32","897.24","7,280","4,040","4,958"
"2021/09/21","903.0","913.0","901.0","901.0","-2.0","5,200","4,708","0","1,600","0.00","-","-","906.80","912.48","908.15","904.29","897.17","6,720","3,940","4,890"
"2021/09/17","907.0","910.0","900.0","903.0","-4.0","10,800","9,772","0","1,600","0.00","-","-","908.20","913.28","908.09","904.29","897.11","6,320","3,912","4,833"
"2021/07/20","909.0","909.0","902.0","905.0","0.0","5,800","5,255","0","1,500","0.00","-","-","907.20","906.80","897.68","897.48","895.42","5,100","4,140","4,024"
"2021/07/19","908.0","909.0","905.0","905.0","-3.0","4,700","4,266","0","1,200","0.00","-","-","906.60","906.80","897.27","897.33","895.36","4,240","4,140","3,993"
"2021/07/16","900.0","909.0","900.0","908.0","+5.0","6,700","6,050","0","1,200","0.00","-","-","906.60","906.84","896.91","897.21","895.31","3,400","4,188","4,145"
"2021/07/15","916.0","917.0","902.0","903.0","-12.0","5,500","5,008","0","1,200","0.00","-","-","906.20","906.76","896.83","896.96","895.26","2,520","4,112","4,537"
"2021/07/14","908.0","915.0","905.0","915.0","+13.0","2,800","2,548","0","1,200","0.00","-","-","905.60","906.64","896.79","896.77","895.19","2,500","3,984","4,589"
"2021/07/13","909.0","909.0","901.0","902.0","-3.0","1,500","1,358","0","1,200","0.00","-","-","904.20","905.96","896.63","896.48","895.04","2,140","3,924","4,718"
"2021/07/12","907.0","910.0","905.0","905.0","-1.0","500","454","0","1,200","0.00","-","-","904.80","905.76","896.65","896.34","895.00","1,980","3,892","4,934"
"2021/07/09","900.0","906.0","900.0","906.0","+6.0","2,300","2,078","0","1,200","0.00","-","-","906.40","905.44","896.60","896.20","894.97","1,980","3,912","5,086"
"2021/07/08","904.0","909.0","899.0","900.0","-8.0","5,400","4,872","0","1,200","0.00","-","-","908.00","905.08","896.56","895.98","894.93","1,700","3,928","5,320"
"2021/06/24","910.0","912.0","908.0","912.0","+3.0","3,900","3,553","0","1,200","0.00","-","-","906.00","899.96","895.17","892.47","894.12","3,380","3,296","6,462"
"2021/06/23","906.0","909.0","906.0","909.0","+3.0","5,400","4,904","0","1,200","0.00","-","-","905.00","898.88","895.00","892.02","894.03","4,900","3,196","6,484"
"2021/06/22","908.0","908.0","904.0","906.0","+6.0","4,300","3,900","0","1,200","0.00","-","-","904.40","897.92","894.85","891.65","893.88","5,520","3,140","6,489"
"2021/06/17","898.0","907.0","898.0","907.0","+1.0","11,500","10,348","0","900","0.00","-","-","906.00","895.56","894.60","890.52","893.79","7,300","3,648","6,630"
"2021/06/16","906.0","906.0","903.0","906.0","+1.0","8,500","7,698","0","900","0.00","-","-","904.60","894.88","894.45","890.11","893.77","5,460","3,300","6,597"
"2021/06/15","905.0","906.0","901.0","905.0","-1.0","5,800","5,245","0","900","0.00","-","-","903.00","894.56","894.37","889.93","893.75","4,020","3,040","6,604"
"2021/06/14","905.0","906.0","900.0","906.0","0.0","5,900","5,336","0","900","0.00","-","-","901.40","894.24","894.17","889.72","893.74","3,000","2,852","6,578"
"2021/06/11","902.0","906.0","900.0","906.0","+6.0","4,800","4,335","0","900","0.00","-","-","899.60","893.92","894.00","889.53","893.72","2,020","2,752","6,566"
"2021/06/10","900.0","901.0","897.0","900.0","+2.0","2,300","2,069","0","900","0.00","-","-","897.80","893.68","893.69","889.25","893.71","1,600","2,852","6,540"
"2021/06/09","897.0","899.0","897.0","898.0","+1.0","1,300","1,167","0","900","0.00","-","-","897.20","893.32","893.48","889.01","893.70","1,300","2,932","6,557"
"2021/06/08","896.0","900.0","896.0","897.0","0.0","700","628","0","900","0.00","-","-","897.00","893.12","893.32","888.78","893.71","1,220","3,136","6,605"
"2021/06/07","897.0","899.0","897.0","897.0","0.0","1,000","897","0","900","0.00","-","-","897.00","892.92","893.20","888.60","893.71","2,040","3,136","6,697"
"2021/06/04","897.0","900.0","897.0","897.0","0.0","2,700","2,428","0","900","0.00","-","-","897.20","892.56","893.12","888.47","893.72","2,100","3,200","6,800"
"2021/06/03","900.0","900.0","897.0","897.0","0.0","800","719","0","900","0.00","-","-","896.80","892.60","892.95","888.35","893.70","1,740","3,180","6,893"
"2021/06/02","897.0","900.0","897.0","897.0","0.0","900","808","0","900","0.00","-","-","896.60","892.72","892.68","888.21","893.71","1,840","3,400","6,930"
"2021/06/01","898.0","900.0","897.0","897.0","-1.0","4,800","4,314","0","900","0.00","-","-","896.40","892.88","892.35","888.16","893.58","1,920","3,644","7,021"
"2021/05/31","895.0","900.0","895.0","898.0","+3.0","1,300","1,168","0","900","0.00","-","-","896.40","892.84","891.99","888.05","893.56","1,920","3,612","7,172"
"2021/05/28","895.0","898.0","895.0","895.0","-1.0","900","806","0","900","0.00","-","-","895.80","892.92","891.64","888.08","893.57","2,060","3,736","7,364"
"2021/05/27","896.0","899.0","896.0","896.0","0.0","1,300","1,166","0","900","0.00","-","-","893.20","893.08","891.31","888.17","893.59","2,460","3,904","7,425"
"2021/05/24","885.0","895.0","885.0","895.0","+13.0","2,000","1,782","0","900","0.00","-","-","885.40","893.04","890.31","888.68","893.91","3,560","4,400","7,610"
"2021/05/21","885.0","889.0","882.0","882.0","-3.0","2,900","2,567","0","900","0.00","-","-","883.00","892.80","890.09","888.73","894.12","4,420","4,372","7,686"
"2021/05/20","886.0","887.0","880.0","885.0","0.0","1,400","1,239","0","900","0.00","-","-","884.00","893.12","889.97","888.93","894.29","5,140","4,404","7,702"
"2021/05/19","884.0","885.0","880.0","885.0","+5.0","4,000","3,534","0","900","0.00","-","-","885.00","893.24","889.73","889.07","894.37","5,420","4,604","7,745"
"2021/05/18","881.0","883.0","876.0","880.0","-3.0","7,500","6,602","0","1,000","0.00","-","-","887.60","893.16","889.56","889.21","894.45","5,020","4,536","7,769"
"2021/05/17","887.0","889.0","881.0","883.0","-4.0","6,300","5,580","0","1,000","0.00","-","-","891.00","893.28","889.48","889.41","894.53","3,740","4,356","7,790"
"2021/05/14","898.0","898.0","883.0","887.0","-3.0","6,500","5,782","0","1,000","0.00","-","-","894.00","893.44","889.19","889.56","894.59","3,160","4,280","7,833"
"2021/05/13","887.0","899.0","887.0","890.0","-8.0","2,800","2,490","0","900","0.00","-","-","896.60","893.32","888.84","889.69","894.65","3,320","4,284","7,930"
"2021/05/12","896.0","898.0","893.0","898.0","+1.0","2,000","1,793","0","900","0.00","-","-","896.80","892.80","888.52","889.77","894.71","3,620","4,580","8,074"
"2021/05/07","883.0","901.0","883.0","900.0","+9.0","7,300","6,526","0","900","0.00","-","-","892.80","889.96","888.07","889.84","894.62","4,260","5,496","8,558"
"2021/05/06","893.0","895.0","889.0","891.0","-2.0","4,300","3,840","0","900","0.00","-","-","892.40","890.04","887.77","889.84","894.60","3,240","6,648","8,573"
"2021/04/30","892.0","898.0","892.0","893.0","+1.0","6,400","5,732","0","900","0.00","-","-","894.20","890.40","887.57","889.96","894.65","3,640","6,852","8,564"
"2021/01/20","888.0","888.0","866.0","866.0","-22.0","13,600","11,876","0","2,700","0.00","-","-","880.60","892.24","898.28","897.05","871.94","12,960","9,216","5,578"
"2021/01/19","896.0","897.0","888.0","888.0","+4.0","10,500","9,382","0","1,900","0.00","-","-","882.60","893.52","898.77","897.42","871.46","10,960","8,748","5,442"
"2021/01/18","893.0","900.0","882.0","884.0","-3.0","11,400","10,154","0","2,000","0.00","-","-","880.00","894.00","898.95","897.56","870.88","11,280","8,952","5,404"
"2021/01/15","880.0","892.0","879.0","887.0","+9.0","20,900","18,451","0","1,800","0.00","-","-","879.00","894.56","899.07","897.75","870.29","10,380","8,844","5,281"
"2021/01/08","880.0","880.0","874.0","879.0","-5.0","6,900","6,058","0","1,900","0.00","-","-","884.60","898.00","899.75","898.64","867.64","5,420","7,512","4,944"
"2020/12/22","906.0","907.0","890.0","900.0","-2.0","21,900","19,767","400","0","0.00","0.00","-","900.00","896.48","899.21","899.14","861.32","9,160","4,908","4,048"
"2020/12/21","899.0","902.0","897.0","902.0","+3.0","5,900","5,308","600","0","0.00","0.00","-","899.60","896.36","899.12","899.50","860.94","5,820","4,196","3,772"
"2020/12/18","899.0","899.0","890.0","899.0","0.0","5,800","5,194","400","0","0.00","0.00","-","899.20","896.16","899.08","899.64","860.61","5,100","4,056","3,726"
"2020/12/17","900.0","900.0","893.0","899.0","-1.0","5,600","5,035","400","0","0.00","0.00","-","899.00","895.72","899.01","899.66","860.43","4,320","3,900","3,654"
"2020/12/16","893.0","900.0","890.0","900.0","+2.0","6,600","5,904","400","0","0.00","0.00","-","899.20","895.24","898.76","899.69","860.39","6,320","3,884","3,596"
"2020/12/15","900.0","900.0","897.0","898.0","-2.0","5,200","4,675","400","0","0.00","0.00","-","898.80","895.16","898.60","899.64","860.40","6,740","3,768","3,573"
"2020/12/04","900.0","903.0","896.0","903.0","+6.0","1,500","1,349","400","0","0.00","0.00","-","898.60","895.52","898.87","899.35","860.45","1,860","3,064","3,418"
"2020/12/03","890.0","900.0","890.0","897.0","-3.0","2,300","2,057","400","0","0.00","0.00","-","896.00","895.68","898.81","899.33","860.45","1,860","3,084","3,461"
"2020/12/02","890.0","900.0","890.0","900.0","+2.0","3,500","3,116","400","0","0.00","0.00","-","894.40","895.80","898.85","899.34","860.48","1,620","3,112","3,485"
"2020/11/27","890.0","890.0","883.0","890.0","+1.0","1,500","1,333","3,000","0","0.00","0.00","-","888.60","896.72","898.79","899.11","860.61","2,860","3,324","3,590"
"2020/11/26","883.0","889.0","882.0","889.0","+1.0","1,100","975","3,200","0","0.00","0.00","-","888.20","897.80","898.92","899.15","860.59","3,120","3,372","3,758"
"2020/11/25","890.0","890.0","888.0","888.0","-2.0","4,100","3,649","3,200","0","0.00","0.00","-","889.20","898.80","898.67","899.24","860.64","3,720","3,384","4,014"
"2020/11/20","882.0","888.0","882.0","886.0","-2.0","2,800","2,483","3,000","0","0.00","0.00","-","892.60","901.08","898.87","899.31","860.62","3,720","3,416","3,972"
"2020/11/19","894.0","894.0","883.0","888.0","-6.0","2,800","2,488","3,200","0","0.00","0.00","-","894.80","902.44","899.04","899.45","860.67","3,640","3,572","4,056"
"2020/11/18","898.0","899.0","894.0","894.0","-4.0","4,100","3,677","3,700","0","0.00","0.00","-","894.80","903.52","899.08","899.57","860.74","3,460","3,548","4,141"
"2020/11/17","900.0","900.0","891.0","898.0","+1.0","4,800","4,314","3,000","0","0.00","0.00","-","893.40","903.64","899.49","899.54","860.80","3,680","3,600","4,170"
"2020/11/16","897.0","897.0","892.0","897.0","0.0","4,100","3,676","3,100","0","0.00","0.00","-","893.40","903.88","900.03","899.55","860.82","3,460","3,452","4,454"
"2020/11/13","898.0","898.0","888.0","897.0","+9.0","2,400","2,146","3,100","0","0.00","0.00","-","893.80","903.76","900.55","899.24","860.86","3,120","3,364","4,810"
"2020/09/14","899.0","899.0","886.0","898.0","+14.0","3,000","2,678","4,000","0","0.00","0.00","-","888.40","895.24","886.75","866.80","853.83","1,720","2,980","7,033"
"2020/09/11","890.0","890.0","884.0","884.0","+1.0","2,900","2,578","4,000","0","0.00","0.00","-","887.00","895.32","886.12","865.70","853.48","1,240","3,424","7,033"
"2020/09/09","888.0","888.0","884.0","884.0","-9.0","500","444","4,100","0","0.00","0.00","-","891.80","895.20","885.37","864.16","852.87","940","4,224","7,330"
"2020/09/08","894.0","894.0","891.0","893.0","+2.0","700","625","4,300","0","0.00","0.00","-","893.60","895.80","884.65","863.29","852.56","1,080","4,268","7,468"
"2020/09/07","891.0","894.0","891.0","891.0","-5.0","600","535","4,300","0","0.00","0.00","-","894.80","896.04","883.72","862.02","852.21","1,440","4,604","7,466"
"2020/09/04","896.0","896.0","891.0","896.0","+1.0","700","626","4,600","0","0.00","0.00","-","895.40","896.04","882.72","860.63","851.88","1,400","4,948","7,512"
"2020/09/03","893.0","899.0","893.0","895.0","+2.0","2,200","1,974","4,500","0","0.00","0.00","-","892.20","897.20","881.73","858.98","851.54","1,500","5,172","7,701"
"2020/09/02","899.0","899.0","893.0","893.0","-6.0","1,200","1,073","4,800","0","0.00","0.00","-","890.80","898.92","881.04","857.37","851.23","2,040","6,128","7,918"
"2020/09/01","894.0","899.0","893.0","899.0","+5.0","2,500","2,238","5,300","0","0.00","0.00","-","891.20","900.64","879.81","855.61","851.02","2,280","7,312","7,981"
"2020/08/25","903.0","907.0","897.0","907.0","+4.0","7,700","6,955","4,400","0","0.00","0.00","-","903.60","902.76","873.37","848.11","848.61","3,200","9,980","8,368"
"2020/08/21","900.0","902.0","897.0","902.0","-1.0","1,000","899","4,100","0","0.00","0.00","-","902.00","902.40","870.57","845.50","847.41","4,640","10,476","8,294"
"2020/08/20","903.0","903.0","899.0","903.0","0.0","2,600","2,345","4,200","0","0.00","0.00","-","901.60","901.92","869.12","844.19","846.80","5,260","10,972","8,301"
"2020/08/18","900.0","903.0","895.0","903.0","+4.0","11,600","10,438","4,400","0","0.00","0.00","-","899.40","901.12","865.88","841.07","845.47","6,020","12,732","8,442"
"2020/08/17","900.0","900.0","888.0","899.0","-1.0","4,700","4,221","4,900","0","0.00","0.00","-","897.40","900.80","864.23","839.36","844.81","4,440","12,320","8,648"
"2020/08/14","900.0","900.0","895.0","900.0","+3.0","4,100","3,685","4,100","0","0.00","0.00","-","897.60","900.88","862.85","837.93","844.15","6,320","12,180","8,658"
"2020/08/13","899.0","900.0","895.0","897.0","-1.0","7,000","6,283","4,100","0","0.00","0.00","-","891.60","900.80","861.43","836.63","843.49","9,560","12,172","8,661"
"2020/08/12","883.0","900.0","883.0","898.0","+5.0","2,700","2,423","4,700","0","0.00","0.00","-","891.00","900.52","860.08","835.22","842.84","8,980","12,032","8,610"
"2020/08/11","887.0","898.0","887.0","893.0","-7.0","3,700","3,302","4,600","0","0.00","0.00","-","891.20","900.16","858.73","833.58","842.19","8,760","12,008","8,630"
"2020/08/07","892.0","900.0","880.0","900.0","+30.0","14,100","12,587","4,600","0","0.00","0.00","-","892.40","900.08","857.32","832.30","841.55","9,840","12,044","8,692"
"2020/08/06","894.0","900.0","857.0","870.0","-24.0","20,300","18,120","5,800","0","0.00","0.00","-","890.60","899.84","855.83","830.92","840.89","8,860","11,868","8,657"
"2020/08/05","899.0","899.0","893.0","894.0","-5.0","4,100","3,665","3,000","0","0.00","0.00","-","901.60","900.96","854.95","829.82","840.38","6,060","11,184","8,474"
"2020/08/04","899.0","899.0","891.0","899.0","0.0","1,600","1,437","700","0","0.00","0.00","-","910.40","900.80","853.81","828.48","839.72","10,460","11,192","8,544"
"2020/08/03","891.0","899.0","891.0","899.0","+8.0","9,100","8,136","600","0","0.00","0.00","-","917.80","900.64","852.45","827.50","839.07","16,300","11,292","8,736"
"2020/07/27","913.0","916.0","908.0","916.0","+15.0","26,200","23,921","1,900","0","0.00","0.00","-","901.80","895.32","840.60","822.38","835.35","15,620","10,084","7,997"
"2020/07/20","895.0","895.0","892.0","895.0","0.0","3,600","3,218","0","0","0.00","-","-","896.20","889.92","833.45","821.09","833.55","10,020","8,396","7,400"
"2020/07/17","901.0","901.0","894.0","895.0","-4.0","11,600","10,420","0","900","0.00","-","-","891.40","888.52","831.67","821.15","833.01","16,740","9,008","7,398"
"2020/07/16","898.0","900.0","892.0","899.0","-3.0","6,500","5,831","0","100","0.00","-","-","895.40","886.76","829.89","821.18","832.48","16,960","8,740","7,512"
"2020/07/15","887.0","902.0","884.0","902.0","+12.0","15,000","13,336","100","0","0.00","0.00","-","894.60","884.76","828.28","821.16","831.91","15,920","8,588","7,816"
"2020/07/03","889.0","898.0","889.0","889.0","-2.0","2,100","1,878","1,200","0","0.00","0.00","-","892.40","868.44","813.45","821.66","827.47","4,780","6,252","7,560"
"2020/07/02","900.0","903.0","891.0","891.0","-3.0","4,600","4,138","1,100","0","0.00","0.00","-","893.60","866.72","811.39","821.93","826.95","5,180","6,208","8,002"
"2020/07/01","904.0","904.0","894.0","894.0","-4.0","9,700","8,731","500","0","0.00","0.00","-","895.40","864.92","809.71","822.11","826.42","9,060","6,076","8,029"
"2020/06/30","888.0","900.0","888.0","898.0","+8.0","3,200","2,874","500","0","0.00","0.00","-","896.60","863.20","807.95","822.02","825.86","8,380","5,808","7,981"
"2020/06/17","855.0","865.0","855.0","865.0","+9.0","7,300","6,248","0","300","0.00","-","-","856.20","840.56","797.71","822.91","821.29","8,980","6,864","8,240"
"2020/01/08","890.0","890.0","881.0","885.0","-7.0","11,200","9,926","100","0","0.00","-","-","880.80","867.64","820.41","811.90","816.48","10,420","10,972","9,228"
"2019/12/20","854.0","868.0","854.0","863.0","+4.0","14,300","12,283","0","1,500","0.00","-","-","862.40","851.64","808.61","804.22","818.81","8,200","7,052","7,514"
"2019/12/19","858.0","860.0","854.0","859.0","+1.0","4,300","3,685","0","1,500","0.00","-","-","863.40","850.12","807.53","803.58","819.17","7,340","6,996","7,381"
"2019/12/18","873.0","873.0","858.0","858.0","-9.0","9,500","8,212","0","1,500","0.00","-","-","864.80","848.60","806.57","803.02","819.53","6,940","7,052","7,342"
"2019/12/17","869.0","869.0","865.0","867.0","+2.0","6,300","5,468","0","1,500","0.00","-","-","866.40","847.16","805.63","802.49","819.88","5,880","7,148","7,245"
"2019/12/16","870.0","870.0","864.0","865.0","-3.0","6,600","5,730","0","1,500","0.00","-","-","868.40","845.36","804.56","801.85","820.21","9,440","7,440","7,190"
"2019/12/13","868.0","868.0","862.0","868.0","+2.0","10,000","8,645","0","1,500","0.00","-","-","866.80","843.80","803.41","801.15","820.55","9,320","7,576","7,158"
"2019/12/12","873.0","873.0","865.0","866.0","0.0","2,300","1,998","0","6,500","0.00","-","-","864.60","842.16","802.43","800.36","820.86","9,400","7,484","7,185"
"2019/12/11","873.0","873.0","865.0","866.0","-11.0","4,200","3,649","0","6,600","0.00","-","-","861.20","840.88","801.47","799.61","821.09","9,780","8,132","7,178"
"2019/12/10","870.0","879.0","867.0","877.0","+20.0","24,100","21,008","0","6,600","0.00","-","-","857.20","840.24","800.45","798.91","821.34","9,260","9,816","7,130"
"2019/12/09","857.0","860.0","855.0","857.0","0.0","6,000","5,145","0","6,600","0.00","-","-","852.40","837.12","799.27","798.06","821.47","5,020","9,144","6,918"
"2019/12/06","852.0","857.0","850.0","857.0","+8.0","10,400","8,882","0","5,100","0.00","-","-","851.60","834.60","798.35","797.32","821.65","4,340","9,052","6,913"
"2019/12/05","845.0","850.0","845.0","849.0","+3.0","4,200","3,559","0","1,500","0.00","-","-","850.60","832.12","797.43","796.59","821.81","3,300","8,924","6,860"
"2019/12/04","850.0","850.0","846.0","846.0","-7.0","1,600","1,356","0","1,500","0.00","-","-","850.80","829.88","796.59","795.94","822.24","3,420","9,136","6,920"
"2019/12/03","853.0","853.0","848.0","853.0","0.0","2,900","2,467","0","1,400","0.00","-","-","850.40","827.76","795.87","795.29","822.51","4,300","9,324","6,953"
"2019/12/02","852.0","853.0","850.0","853.0","+1.0","2,600","2,215","0","1,400","0.00","-","-","848.60","825.12","795.03","794.61","822.68","4,700","9,492","6,953"
"2019/11/29","850.0","852.0","843.0","852.0","+2.0","5,200","4,413","0","1,400","0.00","-","-","846.00","822.36","794.19","793.93","822.78","6,880","9,988","6,948"
"2019/11/28","845.0","850.0","842.0","850.0","+6.0","4,800","4,059","0","1,400","0.00","-","-","843.20","819.48","793.32","793.31","822.87","7,680","10,488","6,954"
"2019/11/27","841.0","844.0","839.0","844.0","0.0","6,000","5,054","0","1,400","0.00","-","-","839.40","816.28","792.48","792.71","822.96","7,700","10,576","6,965"
"2019/11/25","847.0","847.0","837.0","840.0","+2.0","13,500","11,388","0","2,900","0.00","-","-","833.80","810.36","790.97","791.55","823.19","7,700","10,716","7,366"
"2019/11/22","832.0","838.0","830.0","838.0","+7.0","9,200","7,673","0","3,400","0.00","-","-","831.40","807.44","790.37","791.00","823.34","6,520","10,384","7,236"
"2019/11/21","831.0","831.0","829.0","831.0","+1.0","4,900","4,070","0","1,400","0.00","-","-","828.80","804.64","789.89","790.42","823.50","7,260","10,552","7,226"
"2019/11/20","829.0","830.0","826.0","830.0","0.0","4,200","3,482","0","6,800","0.00","-","-","826.80","802.12","789.43","789.90","823.69","7,420","10,884","7,205"
"2019/11/19","832.0","832.0","828.0","830.0","+2.0","6,700","5,565","0","1,300","0.00","-","-","825.20","799.64","789.08","789.38","823.87","8,960","10,804","7,377"
"2019/11/18","828.0","830.0","828.0","828.0","+3.0","7,600","6,298","0","1,300","0.00","-","-","823.60","797.04","788.81","788.91","824.04","10,340","10,664","7,500"
"2019/11/15","822.0","829.0","822.0","825.0","+4.0","12,900","10,634","0","1,300","0.00","-","-","823.20","794.64","788.41","788.38","824.18","10,820","10,392","7,609"
"2019/11/14","826.0","826.0","817.0","821.0","-1.0","5,700","4,674","0","1,300","0.00","-","-","823.60","792.32","788.07","787.88","824.32","9,780","10,000","7,745"
"2019/11/05","799.0","804.0","798.0","799.0","+5.0","7,300","5,851","0","2,300","0.00","-","-","794.80","775.32","785.13","784.84","825.30","6,800","7,464","6,848"
"2019/11/01","795.0","795.0","794.0","794.0","-1.0","3,700","2,941","0","1,000","0.00","-","-","792.40","774.68","785.04","784.67","825.63","6,760","7,712","6,796"
"2019/10/31","793.0","795.0","789.0","795.0","+2.0","7,200","5,706","0","1,000","0.00","-","-","790.40","774.36","784.89","784.58","825.91","9,020","7,824","6,788"
"2019/10/30","793.0","793.0","784.0","793.0","0.0","9,500","7,499","0","1,000","0.00","-","-","787.40","774.12","784.75","784.55","826.19","11,120","7,616","6,769"
"2019/10/29","789.0","793.0","788.0","793.0","+6.0","6,300","4,976","0","1,000","0.00","-","-","782.80","773.92","784.63","784.56","826.62","10,620","7,372","6,657"
"2019/10/28","785.0","787.0","784.0","787.0","+3.0","7,100","5,574","0","1,000","0.00","-","-","778.20","773.76","784.47","784.61","827.01","11,020","7,260","6,614"
"2019/10/25","783.0","785.0","780.0","784.0","+4.0","15,000","11,740","0","1,000","0.00","-","-","774.80","773.64","784.44","784.72","827.37","10,820","7,132","6,548"
"2019/07/31","800.0","800.0","795.0","796.0","-8.0","3,300","2,638","0","1,400","0.00","-","-","801.40","792.00","803.68","828.04","856.11","15,040","6,572","7,996"
"2019/07/25","795.0","801.0","795.0","799.0","-4.0","23,100","18,382","0","2,200","0.00","-","-","801.00","788.28","807.00","833.40","858.17","9,820","6,460","7,517"
"2019/06/13","791.0","791.0","780.0","782.0","-9.0","10,700","8,406","0","1,700","0.00","-","-","785.60","797.36","856.44","862.68","874.86","5,440","6,788","7,357"
"2019/06/12","789.0","791.0","788.0","791.0","+4.0","600","474","0","1,800","0.00","-","-","786.20","799.12","858.44","863.48","875.44","4,180","7,108","7,270"
"2019/06/11","786.0","790.0","786.0","787.0","+1.0","3,500","2,753","0","1,800","0.00","-","-","786.40","800.64","860.29","864.19","876.01","4,580","7,336","7,333"
"2019/06/10","789.0","789.0","784.0","786.0","+4.0","2,400","1,891","0","1,600","0.00","-","-","787.80","802.64","861.96","864.97","876.64","4,540","7,408","7,458"
"2019/06/07","787.0","788.0","782.0","782.0","-3.0","10,000","7,853","0","1,600","0.00","-","-","790.20","804.20","863.69","865.75","877.29","4,640","8,832","7,557"
"2019/06/06","794.0","794.0","785.0","785.0","-7.0","4,400","3,482","0","1,600","0.00","-","-","793.40","805.76","865.32","866.58","878.11","2,700","9,124","7,488"
"2019/06/05","794.0","795.0","790.0","792.0","-2.0","2,600","2,063","0","1,600","0.00","-","-","796.00","807.68","866.75","867.24","878.68","2,000","9,448","7,578"
"2019/06/04","798.0","798.0","791.0","794.0","-4.0","3,300","2,625","0","1,600","0.00","-","-","796.80","809.60","868.04","867.83","879.29","2,160","9,904","8,021"
"2019/06/03","798.0","798.0","795.0","798.0","0.0","2,900","2,313","0","1,600","0.00","-","-","797.20","811.60","869.92","868.67","879.84","2,600","9,944","9,394"
"2019/05/31","800.0","800.0","798.0","798.0","0.0","300","240","0","1,600","0.00","-","-","799.20","813.48","871.29","869.41","880.41","2,100","9,880","9,498"
"2019/05/30","796.0","803.0","796.0","798.0","+2.0","900","718","0","1,600","0.00","-","-","801.00","815.32","872.48","870.01","881.04","3,720","10,012","9,657"
"2019/02/28","934.0","937.0","929.0","935.0","0.0","1,300","1,214","0","2,100","0.00","-","-","933.40","903.20","885.17","883.79","885.34","4,780","11,104","8,868"
"2019/02/27","932.0","935.0","928.0","935.0","+3.0","3,300","3,073","0","2,100","0.00","-","-","932.20","900.48","884.31","883.50","885.00","5,000","11,124","8,877"
"2019/02/26","935.0","935.0","926.0","932.0","-2.0","3,500","3,257","0","2,100","0.00","-","-","931.80","897.60","883.51","883.15","884.64","5,260","11,092","9,012"
"2019/02/25","935.0","939.0","926.0","934.0","+3.0","11,000","10,246","0","2,100","0.00","-","-","931.80","894.60","882.61","882.93","884.31","5,400","11,388","9,046"
"2019/02/15","922.0","928.0","912.0","912.0","-4.0","12,900","11,892","0","2,300","0.00","-","-","902.60","875.88","875.33","881.83","881.92","14,900","11,744","9,249"
"2019/02/13","892.0","904.0","892.0","904.0","+12.0","4,800","4,322","0","3,200","0.00","-","-","904.20","871.92","874.39","881.40","881.22","33,760","11,648","9,072"
"2019/02/12","903.0","905.0","887.0","892.0","+3.0","11,200","9,999","0","3,200","0.00","-","-","900.80","870.36","874.09","881.28","880.88","35,240","11,552","9,097"
"2018/12/25","868.0","868.0","839.0","858.0","+5.0","37,300","32,094","0","1,200","0.00","-","-","854.80","877.36","886.44","891.41","876.89","16,380","7,352","6,641"
"2018/12/21","842.0","853.0","812.0","853.0","+11.0","15,100","12,648","0","1,200","0.00","-","-","860.20","879.12","887.01","892.07","876.83","9,820","6,136","6,178"
"2018/12/20","862.0","862.0","836.0","842.0","-20.0","7,300","6,186","0","1,300","0.00","-","-","866.60","880.80","887.67","892.91","876.76","8,400","5,956","6,017"
"2018/12/19","873.0","873.0","850.0","862.0","+3.0","10,500","9,058","0","1,300","0.00","-","-","874.40","883.56","888.40","894.02","876.76","7,820","5,904","5,944"
"2018/12/18","870.0","876.0","845.0","859.0","-26.0","11,700","10,106","0","1,000","0.00","-","-","877.20","885.20","888.84","894.83","876.73","6,520","5,628","5,818"
"2018/12/17","885.0","885.0","882.0","885.0","0.0","4,500","3,982","0","1,000","0.00","-","-","876.80","887.60","889.33","895.59","876.70","5,360","5,396","5,737"
"2018/12/14","893.0","893.0","878.0","885.0","+4.0","8,000","7,060","0","1,200","0.00","-","-","877.20","888.60","889.48","895.98","876.53","7,200","5,324","5,701"
"2018/12/13","884.0","887.0","881.0","881.0","+5.0","4,400","3,892","0","1,200","0.00","-","-","876.80","889.64","889.55","896.12","876.37","6,260","6,008","5,706"
"2018/12/12","870.0","884.0","870.0","876.0","+19.0","4,000","3,505","0","1,200","0.00","-","-","876.00","890.08","889.80","896.23","876.17","5,880","6,064","5,761"
"2018/12/10","910.0","910.0","886.0","887.0","+4.0","13,700","12,393","0","1,000","0.00","-","-","885.40","890.64","890.92","896.64","875.83","5,800","5,932","5,662"
"2018/12/07","877.0","884.0","877.0","883.0","+6.0","3,300","2,903","0","1,400","0.00","-","-","886.40","890.16","891.12","896.51","875.60","3,660","5,920","5,504"
"2018/12/06","889.0","889.0","877.0","877.0","-11.0","2,500","2,208","0","1,400","0.00","-","-","886.60","889.44","891.48","896.33","875.40","4,080","6,032","5,476"
"2018/12/05","890.0","893.0","883.0","888.0","-4.0","2,500","2,220","0","1,400","0.00","-","-","887.40","888.72","891.92","896.16","875.18","5,000","6,520","5,525"
"2018/12/04","892.0","896.0","889.0","892.0","0.0","7,000","6,242","0","1,400","0.00","-","-","888.80","886.80","892.33","895.89","874.88","4,620","6,676","5,560"
"2018/12/03","886.0","893.0","886.0","892.0","+8.0","3,000","2,673","0","1,200","0.00","-","-","888.60","884.20","892.55","895.62","874.46","3,380","6,808","5,512"
"2018/11/30","881.0","888.0","878.0","884.0","+3.0","5,400","4,759","0","1,200","0.00","-","-","887.20","881.64","892.75","895.35","874.06","3,400","6,828","5,493"
"2018/11/29","896.0","896.0","881.0","881.0","-14.0","7,100","6,282","0","1,100","0.00","-","-","886.40","878.88","892.93","895.12","873.65","4,320","7,048","5,488"
"2018/11/28","896.0","896.0","891.0","895.0","+4.0","600","536","0","1,000","0.00","-","-","884.20","878.60","893.27","894.83","873.36","3,780","6,832","5,417"
"2018/11/27","888.0","892.0","888.0","891.0","+6.0","800","712","0","1,000","0.00","-","-","879.40","877.56","893.49","894.49","873.00","5,340","7,040","5,418"
"2018/11/22","887.0","888.0","877.0","880.0","+10.0","10,000","8,846","0","1,000","0.00","-","-","884.60","877.32","894.65","894.01","872.45","6,600","7,296","5,992"
"2018/11/21","869.0","875.0","869.0","870.0","-1.0","4,400","3,830","0","1,300","0.00","-","-","887.60","878.20","894.91","893.93","872.33","6,720","6,928","5,954"
"2018/11/20","902.0","902.0","868.0","871.0","-29.0","8,400","7,424","0","1,300","0.00","-","-","895.80","879.60","895.49","893.96","872.26","7,040","6,964","6,057"
"2018/11/19","908.0","910.0","899.0","900.0","-2.0","3,300","2,991","0","1,000","0.00","-","-","902.20","880.68","895.93","894.05","872.17","6,080","6,976","6,006"
"2018/11/16","900.0","905.0","899.0","902.0","+7.0","6,900","6,212","0","1,100","0.00","-","-","906.00","880.48","896.09","893.85","871.93","6,600","7,272","6,065"
"2018/11/15","909.0","909.0","891.0","895.0","-16.0","10,600","9,553","0","1,200","0.00","-","-","907.60","880.28","896.39","893.58","871.69","5,760","7,172","6,040"
"2018/11/14","912.0","915.0","900.0","911.0","+8.0","6,000","5,445","0","800","0.00","-","-","910.80","880.24","896.95","893.42","871.48","8,660","6,912","6,136"
"2018/11/13","912.0","915.0","902.0","903.0","-16.0","3,600","3,268","0","500","0.00","-","-","907.00","879.80","897.51","893.10","871.17","8,620","6,808","6,682"
"2018/11/07","880.0","892.0","879.0","892.0","+15.0","5,800","5,132","100","0","0.00","0.00","-","875.80","877.92","898.28","891.85","870.09","6,380","5,904","7,428"
"2018/11/06","871.0","879.0","870.0","877.0","+7.0","4,600","4,023","500","0","0.00","0.00","-","869.20","878.56","898.28","891.63","869.93","8,160","5,732","7,509"
"2018/11/05","875.0","875.0","860.0","870.0","-5.0","2,000","1,737","400","0","0.00","0.00","-","861.80","879.64","898.49","891.52","869.84","8,520","5,652","7,934"
"2018/11/02","868.0","876.0","864.0","875.0","+10.0","13,400","11,633","500","0","0.00","0.00","-","853.20","881.08","898.64","891.46","869.84","10,180","5,804","8,200"
"2018/11/01","874.0","885.0","859.0","865.0","+6.0","6,100","5,308","400","0","0.00","0.00","-","843.80","882.08","898.63","891.32","869.80","8,200","5,996","8,202"
"2018/10/31","845.0","920.0","845.0","859.0","+19.0","14,700","12,752","400","0","0.00","0.00","-","833.80","883.88","898.63","891.24","869.80","9,160","5,896","8,152"
"2018/10/30","827.0","840.0","818.0","840.0","+13.0","6,400","5,303","400","0","0.00","0.00","-","836.80","886.20","898.64","891.19","869.80","6,560","5,656","7,972"
"2018/04/17","843.0","843.0","825.0","833.0","0.0","28,100","23,486","0","3,800","0.00","-","-","839.80","840.40","843.95","837.02","821.24","13,060","9,776","10,141"
"2018/04/16","848.0","850.0","833.0","833.0","-12.0","28,500","23,999","0","3,800","0.00","-","-","842.20","841.12","843.85","836.74","821.03","8,420","8,916","9,997"
"2018/04/13","847.0","847.0","841.0","845.0","0.0","1,400","1,182","0","1,800","0.00","-","-","844.00","841.76","843.73","836.46","820.86","3,500","8,328","9,706"
"2018/04/12","848.0","848.0","841.0","845.0","+2.0","3,800","3,210","0","1,800","0.00","-","-","843.20","842.00","843.43","836.05","820.61","4,160","8,404","9,754"
"2018/04/11","846.0","846.0","843.0","843.0","-2.0","3,500","2,955","0","800","0.00","-","-","841.60","842.24","843.13","835.73","820.36","4,980","8,420","9,918"
"2018/04/10","843.0","847.0","841.0","845.0","+3.0","4,900","4,136","300","0","0.00","0.00","-","840.40","842.40","842.81","835.40","820.12","5,620","8,380","9,974"
"2018/04/09","833.0","842.0","833.0","842.0","+1.0","3,900","3,256","300","0","0.00","0.00","-","838.40","842.16","842.51","835.04","819.88","5,380","8,472","9,989"
"2018/04/06","840.0","842.0","838.0","841.0","+4.0","4,700","3,947","300","0","0.00","0.00","-","837.40","842.12","842.21","834.70","819.64","5,600","8,652","10,032"
"2018/04/05","840.0","841.0","836.0","837.0","0.0","7,900","6,631","300","0","0.00","0.00","-","834.00","842.72","841.93","834.40","819.43","5,420","8,940","10,034"
"2018/03/30","835.0","835.0","824.0","824.0","-5.0","3,800","3,142","500","0","0.00","0.00","-","835.60","844.84","840.99","833.64","818.60","14,240","9,064","10,073"
"2018/03/29","834.0","835.0","820.0","829.0","-6.0","6,100","5,037","500","0","0.00","0.00","-","838.40","844.76","840.89","833.51","818.44","15,860","9,824","10,124"
"2018/03/27","850.0","854.0","850.0","854.0","+18.0","26,800","22,799","14,400","0","0.00","0.95","-","842.80","845.56","840.56","833.24","818.04","14,100","9,144","10,422"
"2018/03/23","839.0","842.0","834.0","838.0","-6.0","11,900","9,968","1,000","0","0.00","0.00","-","842.20","844.96","839.68","832.65","817.53","8,500","8,280","10,106"
"2018/03/22","842.0","847.0","842.0","844.0","+2.0","8,600","7,253","700","0","0.00","0.00","-","843.60","844.60","839.31","832.52","817.29","10,480","8,156","10,014"
"2018/01/30","855.0","856.0","850.0","852.0","-3.0","9,700","8,278","0","3,400","0.00","-","-","852.00","850.64","825.27","819.15","816.32","12,940","10,832","10,472"
"2018/01/29","852.0","858.0","852.0","855.0","+3.0","7,100","6,066","0","3,900","0.00","-","-","852.80","849.48","824.57","818.63","816.39","15,100","11,088","10,428"
"2018/01/26","850.0","855.0","850.0","852.0","+2.0","3,100","2,642","0","3,600","0.00","-","-","853.40","848.04","823.87","818.08","816.47","15,160","11,112","10,445"
"2017/10/30","819.0","832.0","817.0","820.0","+3.0","22,000","18,063","0","7,100","0.00","-","-","818.60","806.88","806.89","803.37","830.30","13,620","9,116","11,642"
"2017/10/27","816.0","820.0","816.0","817.0","+1.0","5,700","4,657","0","3,500","0.00","-","-","817.40","806.12","806.52","803.10","830.14","11,500","9,052","11,480"
"2017/10/26","817.0","827.0","814.0","816.0","+1.0","10,700","8,747","0","3,600","0.00","-","-","815.80","805.40","806.12","802.83","829.96","11,660","9,656","11,446"
"2017/10/25","825.0","826.0","811.0","815.0","-10.0","17,700","14,519","0","2,100","0.00","-","-","813.80","804.68","805.77","802.61","829.81","10,700","9,940","11,381"
"2017/10/24","815.0","826.0","814.0","825.0","+11.0","12,000","9,856","0","3,100","0.00","-","-","811.60","804.12","805.35","802.40","829.67","8,320","10,408","11,434"
"2017/10/23","810.0","816.0","810.0","814.0","+5.0","11,400","9,255","0","8,100","0.00","-","-","807.80","803.12","804.89","802.05","829.42","7,780","10,492","11,373"
"2017/10/20","806.0","811.0","805.0","809.0","+3.0","6,500","5,255","0","8,100","0.00","-","-","805.80","802.60","804.59","801.83","829.19","10,360","10,704","11,346"
"2017/10/19","804.0","808.0","804.0","806.0","+2.0","5,900","4,750","0","8,100","0.00","-","-","805.20","802.24","804.35","801.65","828.98","10,900","11,768","11,344"
"2017/10/18","805.0","808.0","804.0","804.0","-2.0","5,800","4,670","0","8,100","0.00","-","-","804.20","802.20","804.15","801.52","828.86","10,300","11,692","11,322"
"2017/10/17","807.0","808.0","802.0","806.0","+2.0","9,300","7,488","0","8,100","0.00","-","-","803.60","802.08","803.97","801.38","828.72","10,820","11,688","11,400"
"2017/10/16","807.0","807.0","801.0","804.0","-2.0","24,300","19,521","0","7,100","0.00","-","-","803.40","801.72","803.77","801.30","828.53","9,760","11,352","11,377"
"2017/10/13","803.0","806.0","801.0","806.0","+5.0","9,200","7,394","0","6,900","0.00","-","-","802.60","801.40","803.63","801.19","828.48","6,180","10,444","11,185"
"2017/10/12","803.0","803.0","801.0","801.0","0.0","2,900","2,326","0","7,100","0.00","-","-","801.80","801.04","803.43","801.08","828.35","6,020","10,380","11,152"
"2017/10/11","805.0","807.0","800.0","801.0","-4.0","8,400","6,738","0","9,200","0.00","-","-","801.60","800.92","803.29","800.96","828.16","6,480","10,508","11,737"
"2017/10/10","802.0","805.0","800.0","805.0","+5.0","4,000","3,207","0","9,200","0.00","-","-","801.60","800.96","803.28","800.82","827.90","5,560","10,304","11,684"
"2017/10/06","801.0","803.0","800.0","800.0","-2.0","6,400","5,125","0","9,200","0.00","-","-","801.20","800.80","803.13","800.72","827.43","6,860","10,612","11,702"
"2017/10/05","804.0","804.0","800.0","802.0","+2.0","8,400","6,745","0","9,200","0.00","-","-","801.20","800.80","803.08","800.70","827.03","7,400","10,572","11,725"
"2017/10/04","802.0","805.0","800.0","800.0","-1.0","5,200","4,168","0","9,800","0.00","-","-","800.80","800.72","802.99","800.67","826.59","7,420","10,468","11,744"
"2017/09/22","803.0","808.0","800.0","801.0","+2.0","20,400","16,371","0","11,600","0.00","-","-","799.80","798.80","802.20","805.72","822.99","20,500","9,864","11,873"
"2017/09/15","800.0","804.0","799.0","800.0","-1.0","14,100","11,282","0","17,600","0.00","-","-","801.40","799.08","801.83","808.63","821.07","14,720","7,628","11,272"
"2017/09/14","805.0","806.0","795.0","801.0","+1.0","16,700","13,364","0","18,600","0.00","-","-","800.80","798.84","801.69","809.25","820.54","12,080","7,540","11,149"
"2017/09/13","807.0","807.0","776.0","800.0","-5.0","33,100","26,288","0","18,600","0.00","-","-","799.80","798.80","801.57","809.78","820.04","9,060","7,396","10,977"
"2017/08/24","795.0","795.0","792.0","795.0","-1.0","5,700","4,527","0","12,700","0.00","-","-","795.60","815.20","803.29","817.95","810.66","4,380","14,320","13,193"
"2017/08/21","798.0","798.0","798.0","798.0","+1.0","1,700","1,357","0","14,000","0.00","-","-","800.80","815.52","806.16","823.60","808.61","6,280","15,800","13,588"
"2017/08/17","803.0","803.0","797.0","797.0","-7.0","8,900","7,128","0","14,400","0.00","-","-","800.00","815.00","808.03","827.10","806.62","8,880","15,948","13,693"
"2017/08/16","809.0","809.0","800.0","804.0","-4.0","5,300","4,266","0","14,500","0.00","-","-","800.60","814.80","808.99","828.69","805.63","9,720","15,984","13,704"
"2017/08/15","806.0","811.0","799.0","808.0","+11.0","8,300","6,677","0","14,400","0.00","-","-","798.60","814.12","809.89","829.86","804.58","10,620","15,900","13,730"
"2017/08/14","795.0","798.0","791.0","797.0","+3.0","10,000","7,940","0","14,400","0.00","-","-","795.20","813.40","810.72","831.12","803.49","15,400","15,800","13,846"
"2017/08/10","799.0","800.0","794.0","794.0","-6.0","11,900","9,496","0","14,400","0.00","-","-","795.20","812.84","811.81","832.20","802.45","21,140","16,268","14,026"
"2017/08/07","788.0","795.0","784.0","791.0","-6.0","32,200","25,430","0","14,400","0.00","-","-","814.00","812.24","814.16","835.81","799.39","18,660","15,800","14,018"
"2017/08/04","822.0","849.0","781.0","797.0","-25.0","38,700","31,088","0","11,000","0.00","-","-","825.80","812.24","815.20","837.05","798.40","14,240","14,684","13,876"
"2017/08/03","823.0","825.0","815.0","822.0","-6.0","9,300","7,624","0","11,600","0.00","-","-","836.40","812.00","815.88","838.35","797.34","9,860","13,600","13,629"
"2017/08/02","829.0","829.0","823.0","828.0","-4.0","3,700","3,059","0","11,600","0.00","-","-","843.00","810.76","815.77","839.47","796.15","12,320","13,532","13,900"
"2017/08/01","850.0","850.0","821.0","832.0","-18.0","9,400","7,834","0","11,700","0.00","-","-","849.60","809.36","815.47","840.62","794.96","19,340","13,780","14,348"
"2017/07/31","850.0","858.0","840.0","850.0","0.0","10,100","8,573","0","12,700","0.00","-","-","852.80","807.72","815.32","841.63","793.72","24,480","13,672","14,418"
"2017/07/28","861.0","861.0","845.0","850.0","-5.0","16,800","14,352","0","12,700","0.00","-","-","850.20","805.36","815.12","842.48","792.39","25,280","15,140","14,674"
"2017/07/27","863.0","864.0","848.0","855.0","-6.0","21,600","18,510","0","12,700","0.00","-","-","844.60","803.36","815.19","843.23","791.03","25,500","14,644","14,673"
"2017/07/26","863.0","863.0","848.0","861.0","+13.0","38,800","33,227","0","12,800","0.00","-","-","836.60","800.92","815.41","843.80","789.67","25,400","13,996","14,622"
"2017/07/25","840.0","848.0","836.0","848.0","+11.0","35,100","29,574","0","13,800","0.00","-","-","824.80","798.32","815.49","844.60","788.27","22,980","12,768","14,477"
"2017/07/24","832.0","837.0","826.0","837.0","+15.0","14,100","11,724","0","14,300","0.00","-","-","814.40","796.20","815.80","845.65","786.93","19,140","11,756","14,354"
"2017/07/21","820.0","831.0","820.0","822.0","+7.0","17,900","14,782","0","15,100","0.00","-","-","805.60","794.56","816.09","846.38","785.66","17,800","11,524","14,794"
"2017/07/20","809.0","815.0","806.0","815.0","+13.0","21,100","17,112","0","15,600","0.00","-","-","799.20","793.48","817.16","847.06","784.46","15,400","11,196","15,349"
"2017/07/19","798.0","805.0","795.0","802.0","+6.0","26,700","21,355","0","14,300","0.00","-","-","794.60","792.84","818.87","847.75","783.32","12,520","10,668","15,497"
"2017/07/18","798.0","798.0","793.0","796.0","+3.0","15,900","12,656","0","14,300","0.00","-","-","792.60","792.68","821.01","848.48","782.23","9,140","9,980","15,557"
"2017/07/14","790.0","793.0","789.0","793.0","+3.0","7,400","5,853","0","15,700","0.00","-","-","790.80","792.64","823.61","849.32","781.16","6,600","9,732","16,601"
"2017/07/13","792.0","792.0","789.0","790.0","-2.0","5,900","4,661","0","15,600","0.00","-","-","790.20","792.72","826.29","850.01","780.07","6,280","9,820","17,293"
"2017/07/12","788.0","792.0","787.0","792.0","0.0","6,700","5,285","0","15,500","0.00","-","-","788.80","792.80","828.83","850.65","779.00","9,440","9,688","17,853"
"2017/07/11","790.0","792.0","785.0","792.0","+5.0","9,800","7,726","0","15,500","0.00","-","-","788.60","792.80","831.13","851.36","777.95","9,580","9,808","18,257"
"2017/07/10","787.0","789.0","787.0","787.0","-3.0","3,200","2,520","0","15,800","0.00","-","-","788.40","792.84","833.32","852.07","776.93","9,500","9,656","18,901"
"2017/07/07","783.0","790.0","782.0","790.0","+7.0","5,800","4,548","0","16,900","0.00","-","-","789.20","792.96","835.11","852.61","775.94","10,120","9,856","19,070"
"2017/07/06","791.0","794.0","783.0","783.0","-8.0","21,700","17,106","0","18,800","0.00","-","-","789.40","793.12","837.03","853.04","774.91","9,820","10,120","19,384"
"2017/07/05","790.0","793.0","789.0","791.0","0.0","7,400","5,848","0","15,800","0.00","-","-","791.00","793.56","838.65","853.43","773.93","7,800","9,920","19,334"
"2017/07/04","793.0","793.0","790.0","791.0","0.0","9,400","7,435","0","15,800","0.00","-","-","791.00","793.52","840.25","853.79","772.92","7,840","9,820","19,585"
"2017/07/03","792.0","793.0","791.0","791.0","0.0","6,300","4,986","0","15,800","0.00","-","-","791.40","793.56","841.91","854.39","771.92","7,940","9,596","19,754"
"2017/06/30","792.0","793.0","791.0","791.0","0.0","4,300","3,403","0","15,600","0.00","-","-","791.40","793.56","843.67","854.92","770.93","8,020","9,476","20,045"
"2017/06/29","791.0","794.0","790.0","791.0","0.0","11,600","9,180","0","15,000","0.00","-","-","791.40","793.64","845.32","855.37","769.94","16,520","9,728","20,386"
"2017/06/28","794.0","795.0","791.0","791.0","-2.0","7,600","6,021","0","15,000","0.00","-","-","793.20","793.60","847.13","855.60","768.96","15,080","9,988","20,570"
"2017/06/27","791.0","800.0","790.0","793.0","+2.0","9,900","7,855","0","14,900","0.00","-","-","793.80","793.88","849.04","855.97","767.94","14,640","10,084","20,821"
"2017/06/26","791.0","793.0","791.0","791.0","0.0","6,700","5,301","0","15,000","0.00","-","-","794.40","793.88","851.04","856.36","766.93","14,280","10,156","20,981"
"2017/06/23","800.0","800.0","791.0","791.0","-9.0","46,800","37,370","0","15,000","0.00","-","-","795.20","794.04","852.93","856.63","765.93","14,900","10,272","21,197"
"2017/06/22","799.0","800.0","795.0","800.0","+6.0","4,400","3,506","0","13,900","0.00","-","-","796.20","793.96","854.85","856.99","764.93","7,200","8,808","21,013"
"2017/06/21","795.0","796.0","793.0","794.0","-2.0","5,400","4,290","0","13,900","0.00","-","-","795.20","793.44","856.52","857.32","763.91","8,260","10,008","21,421"
"2017/06/16","795.0","798.0","793.0","796.0","+1.0","8,300","6,594","0","13,800","0.00","-","-","796.60","793.72","862.13","858.59","761.03","9,020","13,136","23,536"
"2017/06/15","799.0","799.0","794.0","795.0","-4.0","9,700","7,726","0","13,800","0.00","-","-","796.40","795.00","863.65","858.75","760.07","9,280","14,472","24,081"
"2017/06/14","798.0","799.0","797.0","799.0","+1.0","7,900","6,306","0","12,700","0.00","-","-","795.80","798.68","864.92","858.64","759.10","7,860","14,484","24,545"
"2017/06/13","795.0","798.0","794.0","798.0","+3.0","9,500","7,563","0","13,200","0.00","-","-","794.40","801.84","866.05","858.42","758.16","8,220","14,592","24,908"
"2017/06/12","794.0","797.0","792.0","795.0","0.0","9,700","7,714","0","13,200","0.00","-","-","793.40","805.12","867.08","858.09","757.20","7,520","14,996","25,948"
"2017/06/09","794.0","795.0","792.0","795.0","+3.0","9,600","7,622","0","13,100","0.00","-","-","792.40","807.76","868.21","857.69","756.28","7,220","15,028","26,385"
"2017/06/08","794.0","795.0","792.0","792.0","0.0","2,600","2,064","0","13,600","0.00","-","-","792.20","810.24","869.11","857.45","755.35","7,780","15,144","26,484"
"2017/06/07","795.0","795.0","790.0","792.0","-1.0","9,700","7,674","0","13,400","0.00","-","-","792.60","813.28","869.93","857.36","754.46","10,600","15,340","26,966"
"2017/06/06","796.0","796.0","791.0","793.0","+3.0","6,000","4,763","0","13,400","0.00","-","-","792.20","816.28","870.88","857.23","753.58","9,640","15,324","27,556"
"2017/06/05","794.0","794.0","790.0","790.0","-4.0","8,200","6,493","0","13,600","0.00","-","-","792.00","819.32","871.81","857.17","752.68","9,200","15,472","28,049"
"2017/06/02","793.0","795.0","790.0","794.0","0.0","12,400","9,833","0","13,600","0.00","-","-","792.20","822.60","872.49","857.08","751.82","8,220","15,436","28,236"
"2017/06/01","793.0","795.0","790.0","794.0","+4.0","16,700","13,218","0","13,600","0.00","-","-","792.00","825.64","873.01","857.01","750.91","7,860","15,620","28,452"
"2017/05/31","797.0","797.0","790.0","790.0","-2.0","4,900","3,885","0","13,600","0.00","-","-","791.20","829.04","873.39","856.93","750.02","8,140","15,892","28,621"
"2017/05/30","792.0","794.0","791.0","792.0","+1.0","3,800","3,009","0","13,600","0.00","-","-","792.80","831.92","873.88","856.78","749.12","9,160","16,080","29,844"
"2017/05/29","796.0","796.0","791.0","791.0","-2.0","3,300","2,619","0","13,500","0.00","-","-","793.00","834.40","874.67","856.55","748.14","10,740","16,412","31,061"
"2017/05/26","788.0","793.0","785.0","793.0","+3.0","10,600","8,367","0","13,500","0.00","-","-","793.80","836.68","875.37","856.31","747.19","12,000","16,780","31,277"
"2017/05/25","800.0","801.0","788.0","790.0","-8.0","18,100","14,348","0","13,000","0.00","-","-","793.00","839.72","875.95","856.19","746.26","11,920","17,216","31,516"
"2017/05/24","797.0","799.0","794.0","798.0","+5.0","10,000","7,967","0","13,000","0.00","-","-","792.40","842.04","876.27","856.06","745.36","15,180","17,300","31,428"
"2017/05/23","799.0","800.0","793.0","793.0","-2.0","11,700","9,320","0","12,400","0.00","-","-","791.80","842.68","876.67","855.76","744.48","17,060","18,084","31,544"
"2017/05/22","793.0","806.0","793.0","795.0","+6.0","9,600","7,676","0","12,400","0.00","-","-","792.80","843.16","877.19","855.76","743.56","21,660","19,108","31,581"
"2017/05/19","787.0","794.0","787.0","789.0","+2.0","10,200","8,062","0","12,100","0.00","-","-","793.60","844.20","877.49","855.61","742.62","29,220","19,312","31,614"
"2016/10/27","600.0","600.0","595.0","598.0","-2.0","9,000","5,378","0","27,300","0.00","-","-","596.20","587.24","593.87","591.59","629.46","5,120","5,652","5,741"
"2016/10/24","593.0","596.0","591.0","593.0","+2.0","3,700","2,192","0","27,600","0.00","-","-","591.20","585.20","592.55","592.65","631.18","6,900","6,600","5,594"
"2016/10/21","592.0","592.0","585.0","591.0","+2.0","4,600","2,710","0","27,600","0.00","-","-","591.20","585.00","592.12","593.10","631.79","7,580","6,584","5,626"
"2016/10/20","594.0","594.0","584.0","589.0","0.0","4,600","2,706","0","27,600","0.00","-","-","591.60","584.72","591.73","593.60","632.41","7,800","6,596","5,628"
"2016/10/19","599.0","599.0","585.0","589.0","-5.0","10,700","6,371","0","27,500","0.00","-","-","590.60","584.68","591.39","594.19","632.99","7,180","6,620","5,654"
"2016/10/18","597.0","597.0","591.0","594.0","+1.0","10,900","6,471","0","28,200","0.00","-","-","589.80","584.68","591.00","594.82","633.57","5,460","6,276","5,608"
"2016/10/17","598.0","598.0","590.0","593.0","0.0","7,100","4,226","0","28,100","0.00","-","-","589.00","584.52","590.49","595.34","634.11","5,200","5,956","5,530"
"2016/10/14","589.0","593.0","581.0","593.0","+9.0","5,700","3,341","0","28,500","0.00","-","-","587.20","584.52","590.07","595.82","634.62","4,380","5,676","5,514"
"2016/10/11","584.0","590.0","576.0","590.0","+6.0","9,600","5,614","0","28,100","0.00","-","-","583.80","585.08","589.43","597.52","636.28","6,140","5,760","5,956"
"2016/10/07","581.0","584.0","581.0","584.0","+1.0","3,000","1,746","0","29,400","0.00","-","-","582.00","585.08","589.36","598.06","636.83","5,220","5,508","5,853"
"2016/09/30","582.0","582.0","570.0","580.0","-2.0","14,500","8,300","0","26,800","0.00","-","-","583.20","587.80","589.51","601.52","639.71","5,560","5,864","6,273"
"2016/09/29","582.0","585.0","573.0","582.0","0.0","5,600","3,248","0","25,600","0.00","-","-","583.60","588.96","589.80","602.23","640.32","3,420","5,296","6,193"
"2016/09/28","585.0","585.0","570.0","582.0","-6.0","3,200","1,859","0","24,000","0.00","-","-","582.20","589.84","590.29","602.97","640.91","3,460","5,112","6,152"
"2016/09/21","575.0","577.0","570.0","575.0","0.0","5,800","3,325","0","24,100","0.00","-","-","581.80","593.56","592.39","605.78","643.18","10,020","5,152","6,212"
"2016/09/16","583.0","584.0","567.0","582.0","-7.0","18,700","10,817","0","20,600","0.00","-","-","586.20","596.52","593.84","607.73","644.40","8,020","4,864","6,092"
"2016/09/15","588.0","590.0","586.0","589.0","+1.0","8,000","4,704","0","21,700","0.00","-","-","587.60","597.88","594.48","608.61","644.95","4,700","4,260","5,976"
"2016/09/14","585.0","590.0","582.0","588.0","+4.0","3,300","1,933","0","21,500","0.00","-","-","587.80","598.80","595.13","609.47","645.46","3,680","4,104","5,890"
"2016/09/13","593.0","595.0","584.0","584.0","-4.0","4,900","2,884","0","22,200","0.00","-","-","588.80","600.00","595.80","610.29","645.93","3,040","4,172","5,906"
"2016/09/12","586.0","591.0","582.0","588.0","-1.0","5,200","3,049","0","22,100","0.00","-","-","590.80","601.12","596.56","611.12","646.42","2,240","4,028","5,918"
"2016/09/09","592.0","593.0","589.0","589.0","-1.0","2,100","1,242","0","22,100","0.00","-","-","592.00","602.24","597.36","611.98","646.93","2,340","4,252","5,936"
"2016/09/08","591.0","591.0","583.0","590.0","-3.0","2,900","1,699","0","23,200","0.00","-","-","591.80","603.08","598.20","612.84","647.47","2,880","4,352","6,018"
"2016/09/07","593.0","593.0","593.0","593.0","-1.0","100","59","0","23,200","0.00","-","-","591.80","603.36","598.95","613.69","648.00","2,960","4,352","6,002"
"2016/09/06","590.0","597.0","590.0","594.0","0.0","900","535","0","23,200","0.00","-","-","591.60","603.64","599.59","614.45","648.55","4,600","4,464","6,060"
"2016/09/05","595.0","598.0","588.0","594.0","+6.0","5,700","3,374","0","23,200","0.00","-","-","590.80","604.16","600.24","615.21","649.08","6,040","4,644","6,080"
"2016/07/27","615.0","615.0","590.0","609.0","+1.0","16,700","10,190","0","20,600","0.00","-","-","602.20","577.04","620.07","632.45","660.10","10,720","7,176","6,346"
"2016/07/26","609.0","609.0","600.0","608.0","+8.0","13,200","8,018","0","21,500","0.00","-","-","596.60","576.08","620.63","633.14","660.27","8,840","6,584","6,182"
"2016/07/25","591.0","600.0","591.0","600.0","+1.0","13,800","8,178","0","21,600","0.00","-","-","591.80","574.84","621.28","633.83","660.36","8,460","6,396","6,084"
"2016/07/22","589.0","599.0","585.0","599.0","+4.0","3,300","1,949","0","21,900","0.00","-","-","588.40","573.68","622.11","634.56","660.46","7,040","6,212","5,978"
"2016/07/21","584.0","595.0","580.0","595.0","+14.0","6,600","3,863","0","21,800","0.00","-","-","585.60","572.68","622.96","635.30","660.70","7,260","6,564","6,070"
"2016/07/20","580.0","581.0","578.0","581.0","-3.0","7,300","4,234","0","21,800","0.00","-","-","583.00","572.88","624.00","636.03","660.99","6,160","6,540","6,088"
"2016/07/19","580.0","584.0","570.0","584.0","+1.0","11,300","6,538","0","21,300","0.00","-","-","583.40","573.60","625.24","636.88","661.29","5,740","7,120","6,126"
"2016/07/15","578.0","584.0","577.0","583.0","-2.0","6,700","3,880","0","19,900","0.00","-","-","582.00","574.32","626.52","637.70","661.56","4,340","7,008","6,373"
"2016/07/14","584.0","585.0","580.0","585.0","+3.0","4,400","2,560","0","19,800","0.00","-","-","578.40","575.76","627.97","638.57","661.84","3,240","6,840","6,797"
"2016/07/13","584.0","585.0","582.0","582.0","-1.0","1,100","642","0","18,600","0.00","-","-","575.80","577.36","629.40","639.39","662.05","2,680","6,788","6,880"
"2016/07/12","579.0","584.0","570.0","583.0","+6.0","5,200","3,003","0","18,900","0.00","-","-","571.40","579.12","630.77","640.18","662.29","3,100","6,924","6,938"
"2016/07/11","565.0","578.0","556.0","577.0","+12.0","4,300","2,451","0","17,800","0.00","-","-","568.00","580.60","632.07","641.04","662.50","2,360","6,912","6,906"
"2016/07/08","568.0","568.0","565.0","565.0","-7.0","1,200","680","0","17,900","0.00","-","-","564.80","582.40","633.43","641.76","662.85","2,720","6,880","6,904"
"2016/07/07","563.0","572.0","561.0","572.0","+12.0","1,600","903","0","17,800","0.00","-","-","564.20","584.76","634.93","642.27","663.16","3,420","7,064","6,961"
"2016/07/06","560.0","561.0","560.0","560.0","-6.0","3,200","1,793","0","17,900","0.00","-","-","562.40","587.28","636.45","643.08","663.40","4,420","7,212","7,032"
"2016/07/05","567.0","569.0","561.0","566.0","+5.0","1,500","851","0","17,900","0.00","-","-","562.40","590.08","638.11","644.21","663.67","5,220","7,484","7,070"
"2016/07/04","561.0","564.0","552.0","561.0","-1.0","6,100","3,415","0","17,900","0.00","-","-","560.40","592.96","639.63","645.35","663.94","5,940","7,488","7,160"
"2016/07/01","566.0","566.0","560.0","562.0","-1.0","4,700","2,651","0","17,900","0.00","-","-","560.40","596.04","641.15","646.67","664.39","5,900","7,424","7,149"
"2016/06/30","565.0","565.0","554.0","563.0","+3.0","6,600","3,697","0","17,900","0.00","-","-","560.20","599.20","642.49","647.89","664.91","8,620","7,468","7,128"
"2016/06/29","556.0","562.0","550.0","560.0","+4.0","7,200","3,999","0","21,600","0.00","-","-","564.60","602.60","643.75","649.15","665.34","8,660","7,464","7,088"
"2016/06/28","551.0","564.0","548.0","556.0","-5.0","5,100","2,819","0","21,500","0.00","-","-","566.20","606.28","644.93","650.45","665.77","10,680","7,508","7,089"
"2016/06/27","556.0","566.0","547.0","561.0","0.0","5,900","3,275","0","21,500","0.00","-","-","572.00","609.88","646.21","651.83","666.31","10,040","7,372","7,081"
"2016/06/24","575.0","597.0","561.0","561.0","-24.0","18,300","10,521","0","22,200","0.00","-","-","575.20","613.08","647.44","653.05","666.86","10,560","7,312","7,117"
"2016/06/23","569.0","585.0","567.0","585.0","+17.0","6,800","3,899","0","23,600","0.00","-","-","577.20","616.36","648.57","654.22","667.37","8,740","6,676","7,390"
"2016/06/22","572.0","573.0","567.0","568.0","-17.0","17,300","9,875","0","24,500","0.00","-","-","575.00","618.76","649.43","655.17","667.69","9,800","6,532","8,186"
"2016/06/21","576.0","585.0","576.0","585.0","+8.0","1,900","1,105","0","23,400","0.00","-","-","581.40","621.80","650.92","656.19","667.96","7,540","6,036","7,997"
"2016/06/20","573.0","578.0","570.0","577.0","+6.0","8,500","4,884","0","23,200","0.00","-","-","584.20","624.16","652.16","657.07","668.21","11,520","6,184","7,990"
"2016/06/17","570.0","577.0","570.0","571.0","-3.0","9,200","5,258","0","22,500","0.00","-","-","589.20","626.80","653.49","658.10","668.69","11,520","6,136","7,925"
"2016/06/16","590.0","591.0","568.0","574.0","-26.0","12,100","7,062","0","22,400","0.00","-","-","598.80","629.76","654.85","659.10","669.24","10,180","6,132","7,816"
"2016/06/15","593.0","602.0","588.0","600.0","+1.0","6,000","3,567","0","20,900","0.00","-","-","609.00","632.68","656.17","660.13","669.88","8,380","6,048","7,698"
"2016/06/14","603.0","603.0","574.0","599.0","-3.0","21,800","12,783","0","20,900","0.00","-","-","614.20","635.12","657.08","660.97","670.38","8,080","6,152","7,652"
"2016/06/13","618.0","618.0","602.0","602.0","-17.0","8,500","5,199","0","19,900","0.00","-","-","618.40","637.56","657.97","661.83","670.88","4,700","5,312","7,372"
"2016/06/10","625.0","625.0","618.0","619.0","-6.0","2,500","1,551","0","18,300","0.00","-","-","622.40","639.52","658.83","662.78","671.33","3,700","5,088","7,298"
"2016/06/09","626.0","629.0","619.0","625.0","-1.0","3,100","1,929","0","18,000","0.00","-","-","623.40","641.00","659.51","663.59","671.68","4,360","5,064","7,286"
"2016/06/08","619.0","626.0","619.0","626.0","+6.0","4,500","2,793","0","18,000","0.00","-","-","625.40","642.00","660.07","664.34","671.95","4,800","5,096","7,278"
"2016/06/07","622.0","626.0","620.0","620.0","-2.0","4,900","3,047","0","17,900","0.00","-","-","626.20","642.72","660.53","664.93","672.23","5,900","5,260","7,270"
"2016/06/06","624.0","627.0","620.0","622.0","-2.0","3,500","2,177","0","17,100","0.00","-","-","629.80","644.28","661.19","665.70","672.61","5,240","5,320","7,278"
"2016/06/03","628.0","633.0","622.0","624.0","-11.0","5,800","3,650","0","17,500","0.00","-","-","633.00","645.96","661.55","666.46","672.98","5,440","5,664","7,329"
"2016/06/02","626.0","635.0","620.0","635.0","+5.0","5,300","3,315","0","16,300","0.00","-","-","636.40","647.80","661.44","667.32","673.41","5,440","5,564","7,384"
"2016/06/01","638.0","638.0","625.0","630.0","-8.0","10,000","6,338","0","15,300","0.00","-","-","639.00","649.40","661.68","668.08","673.84","5,680","5,408","7,448"
"2016/05/31","638.0","639.0","637.0","638.0","0.0","1,600","1,021","0","16,300","0.00","-","-","643.40","651.00","662.25","668.90","674.22","5,340","5,384","7,442"
"2016/05/30","643.0","647.0","638.0","638.0","-3.0","4,500","2,890","0","16,100","0.00","-","-","645.00","652.48","662.81","669.70","674.60","5,360","5,716","7,588"
"2016/05/27","648.0","648.0","636.0","641.0","-7.0","5,800","3,718","0","15,600","0.00","-","-","645.60","653.76","663.55","670.47","674.98","5,340","5,740","7,664"
"2016/05/26","646.0","655.0","639.0","648.0","-4.0","6,500","4,216","0","15,400","0.00","-","-","646.00","654.80","664.12","671.21","675.35","4,660","5,760","7,613"
"2016/05/24","641.0","646.0","640.0","646.0","+5.0","1,700","1,092","0","13,300","0.00","-","-","643.80","656.76","665.17","672.32","675.99","3,320","5,760","7,612"
"2016/05/23","636.0","644.0","636.0","641.0","-2.0","4,400","2,811","0","14,500","0.00","-","-","643.40","657.92","665.81","672.87","676.33","4,100","5,908","7,669"
"2016/05/20","644.0","645.0","641.0","643.0","-2.0","2,400","1,543","0","13,500","0.00","-","-","643.80","659.04","666.37","673.42","676.70","4,680","5,760","7,644"
"2016/05/19","652.0","654.0","645.0","645.0","+1.0","3,200","2,079","0","13,400","0.00","-","-","644.20","660.12","666.84","673.93","677.08","6,020","5,820","7,670"
"2016/05/18","651.0","651.0","643.0","644.0","0.0","4,900","3,177","0","13,800","0.00","-","-","644.60","660.68","667.31","674.47","677.43","7,380","5,844","7,664"
"2016/05/17","649.0","649.0","644.0","644.0","+1.0","5,600","3,625","0","13,800","0.00","-","-","648.00","661.36","667.65","675.04","677.81","8,120","5,828","7,634"
"2016/05/13","635.0","645.0","633.0","645.0","-2.0","9,100","5,794","0","14,800","0.00","-","-","652.80","662.20","668.53","676.17","678.58","6,280","5,720","7,636"
"2016/05/12","670.0","670.0","631.0","647.0","-14.0","10,000","6,527","0","13,500","0.00","-","-","655.00","662.88","668.88","676.74","678.95","4,840","5,592","7,572"
"2016/05/11","661.0","674.0","661.0","661.0","+1.0","8,600","5,717","0","13,000","0.00","-","-","655.60","663.52","669.28","677.20","679.29","3,620","5,600","7,492"
"2016/05/10","660.0","660.0","660.0","660.0","+9.0","800","528","0","11,200","0.00","-","-","652.20","664.00","669.59","677.57","679.48","3,620","5,572","7,444"
"2016/05/09","652.0","655.0","650.0","651.0","-5.0","2,900","1,889","0","11,200","0.00","-","-","652.00","664.56","669.92","677.90","679.71","4,740","5,948","7,590"
"2016/05/06","660.0","660.0","652.0","656.0","+6.0","1,900","1,250","0","10,600","0.00","-","-","654.60","665.72","670.53","678.41","679.93","6,580","7,024","7,644"
"2016/05/02","644.0","655.0","639.0","650.0","+6.0","3,900","2,522","0","10,600","0.00","-","-","657.40","667.16","671.12","678.84","680.18","6,860","8,488","7,678"
"2016/04/28","656.0","665.0","641.0","644.0","-15.0","8,600","5,600","0","10,900","0.00","-","-","662.40","668.84","671.79","679.27","680.49","6,360","8,756","7,640"
"2016/04/27","660.0","660.0","651.0","659.0","-5.0","6,400","4,186","0","10,700","0.00","-","-","667.60","670.48","672.33","679.80","680.82","6,520","8,632","7,660"
"2016/04/26","670.0","671.0","651.0","664.0","-6.0","12,100","8,002","0","9,600","0.00","-","-","670.80","671.32","672.84","680.21","681.09","7,220","8,488","7,606"
"2016/04/25","675.0","675.0","665.0","670.0","-5.0","3,300","2,222","0","9,700","0.00","-","-","672.00","671.92","673.29","680.57","681.36","5,820","8,168","7,465"
"2016/04/22","670.0","675.0","669.0","675.0","+5.0","1,400","938","0","12,700","0.00","-","-","671.40","672.24","673.83","680.85","681.62","6,420","8,256","7,524"
"2016/04/21","676.0","680.0","664.0","670.0","-5.0","9,400","6,334","0","12,900","0.00","-","-","671.20","672.68","674.31","681.07","681.84","7,740","8,476","7,568"
"2016/04/19","670.0","671.0","668.0","670.0","+3.0","5,100","3,416","0","12,700","0.00","-","-","672.20","673.44","675.44","681.44","682.25","6,320","8,276","7,664"
"2016/04/18","662.0","678.0","662.0","667.0","-7.0","6,300","4,196","0","12,800","0.00","-","-","672.00","673.64","676.04","681.56","682.48","5,440","8,284","7,750"
"2016/04/15","672.0","679.0","671.0","674.0","-1.0","8,000","5,389","0","13,500","0.00","-","-","672.60","673.48","676.68","681.72","682.76","4,960","8,156","7,910"
"2016/04/14","677.0","679.0","668.0","675.0","0.0","6,800","4,578","0","13,500","0.00","-","-","669.60","672.80","677.11","681.87","683.01","4,120","7,980","8,048"
"2016/04/13","673.0","680.0","666.0","675.0","+6.0","5,400","3,639","0","13,200","0.00","-","-","666.80","671.76","677.51","682.10","683.21","3,660","8,000","8,084"
"2016/04/12","670.0","670.0","666.0","669.0","-1.0","700","468","0","12,800","0.00","-","-","662.00","670.84","677.85","682.31","683.44","3,460","7,964","8,186"
"2016/04/11","668.0","672.0","654.0","670.0","+11.0","3,900","2,593","0","12,500","0.00","-","-","659.60","670.20","678.21","682.65","683.69","4,480","8,280","8,200"
"2016/04/08","652.0","671.0","652.0","659.0","-2.0","3,800","2,506","0","12,500","0.00","-","-","658.00","669.24","678.53","682.95","683.98","4,880","9,676","8,206"
"2016/04/06","656.0","656.0","624.0","651.0","-6.0","4,400","2,841","0","12,800","0.00","-","-","661.20","669.60","679.60","683.60","684.71","6,840","12,128","8,381"
"2016/04/05","656.0","665.0","650.0","657.0","-5.0","5,800","3,798","0","12,700","0.00","-","-","665.80","670.68","680.24","684.04","685.10","8,000","12,008","8,465"
"2016/04/04","661.0","672.0","657.0","662.0","-1.0","5,900","3,916","0","12,900","0.00","-","-","670.40","671.48","680.83","684.42","685.43","12,800","11,920","8,498"
"2016/04/01","673.0","673.0","661.0","663.0","-10.0","10,200","6,784","0","12,900","0.00","-","-","676.40","671.92","681.36","684.74","685.75","19,320","11,724","8,516"
"2016/03/10","650.0","657.0","650.0","657.0","+8.0","3,600","2,353","0","15,700","0.00","-","-","651.40","664.08","684.47","686.75","689.02","12,560","8,924","7,712"
"2016/03/09","652.0","654.0","647.0","649.0","-3.0","7,300","4,741","0","15,600","0.00","-","-","649.80","665.36","684.89","687.10","689.40","25,140","8,896","7,857"
"2016/03/08","653.0","654.0","648.0","652.0","-1.0","4,500","2,929","0","15,500","0.00","-","-","656.00","667.00","685.55","687.53","689.80","24,300","9,076","7,846"
"2016/03/07","651.0","654.0","648.0","653.0","+7.0","8,600","5,603","0","15,500","0.00","-","-","661.20","668.68","686.13","687.73","690.19","23,680","9,136","7,874"
"2016/03/04","653.0","654.0","638.0","646.0","-3.0","38,800","25,038","0","15,300","0.00","-","-","666.00","669.88","686.80","687.83","690.55","22,680","8,892","7,822"
"2016/03/03","680.0","682.0","641.0","649.0","-31.0","66,500","43,062","0","17,200","0.00","-","-","671.40","671.16","687.52","688.02","690.99","15,120","7,516","7,368"
"2016/03/02","682.0","687.0","680.0","680.0","+2.0","3,100","2,120","0","13,900","0.00","-","-","676.20","672.40","688.13","688.12","691.48","2,480","4,964","6,546"
"2016/03/01","678.0","683.0","678.0","678.0","+1.0","1,400","952","0","13,800","0.00","-","-","673.80","672.00","688.27","687.75","691.68","2,360","4,948","6,537"
"2016/02/29","678.0","683.0","676.0","677.0","+4.0","3,600","2,440","0","13,800","0.00","-","-","671.40","671.80","688.49","687.40","691.93","2,240","5,204","6,616"
"2016/02/26","673.0","676.0","673.0","673.0","0.0","1,000","674","0","13,800","0.00","-","-","669.20","671.92","688.73","686.88","692.15","2,120","5,268","6,600"
"2016/02/24","661.0","668.0","660.0","668.0","+2.0","2,500","1,659","0","14,000","0.00","-","-","667.40","672.00","689.29","686.09","692.54","2,080","5,428","6,662"
"2016/02/23","676.0","676.0","666.0","666.0","0.0","800","538","0","13,900","0.00","-","-","666.00","672.64","689.57","685.95","692.70","2,360","5,528","6,661"
"2016/02/22","670.0","670.0","661.0","666.0","-4.0","3,000","2,001","0","14,000","0.00","-","-","666.60","673.40","689.95","685.70","692.89","3,300","5,968","6,805"
"2016/02/18","662.0","669.0","661.0","667.0","+6.0","2,500","1,660","0","13,900","0.00","-","-","652.40","675.84","690.64","685.10","693.27","5,820","6,240","6,848"
"2016/02/17","672.0","672.0","661.0","661.0","-8.0","3,900","2,616","0","13,800","0.00","-","-","649.60","677.16","690.95","684.71","693.47","7,340","6,180","6,841"
"2016/02/15","625.0","654.0","625.0","649.0","+33.0","7,300","4,625","0","14,700","0.00","-","-","654.20","679.24","691.63","683.95","693.93","9,880","6,304","6,840"
"2016/02/12","628.0","648.0","610.0","616.0","-37.0","9,900","6,171","0","14,800","0.00","-","-","663.00","681.20","692.05","683.93","694.31","10,460","6,072","6,784"
"2016/02/10","680.0","680.0","633.0","653.0","-20.0","10,100","6,621","0","14,700","0.00","-","-","676.60","684.96","693.08","684.05","694.90","8,880","5,984","6,672"
"2015/09/30","626.0","627.0","615.0","625.0","+5.0","1,400","873","0","3,700","0.00","-","-","637.40","639.56","686.84","696.45","656.27","3,180","6,252","8,405"
"2015/09/29","642.0","642.0","615.0","620.0","-27.0","3,800","2,393","0","4,000","0.00","-","-","640.00","641.48","688.15","697.42","655.68","3,340","6,532","8,424"
"2015/09/28","652.0","652.0","641.0","647.0","-7.0","1,600","1,036","0","4,000","0.00","-","-","643.60","643.96","689.55","698.40","655.10","3,660","6,944","8,429"
"2015/09/25","651.0","655.0","640.0","654.0","+13.0","5,300","3,448","0","4,000","0.00","-","-","639.80","646.12","690.64","698.98","654.41","4,360","7,332","8,481"
"2015/09/18","643.0","645.0","638.0","638.0","0.0","2,200","1,414","0","3,900","0.00","-","-","631.60","650.28","692.76","700.08","653.00","7,660","7,700","8,473"
"2015/09/17","638.0","641.0","634.0","638.0","+10.0","5,400","3,439","0","4,100","0.00","-","-","633.40","652.48","693.96","700.80","652.35","7,620","8,000","8,594"
"2015/09/16","633.0","640.0","628.0","628.0","-1.0","5,100","3,228","0","4,900","0.00","-","-","631.40","654.48","695.04","701.44","651.71","7,480","8,136","8,596"
"2015/09/15","626.0","635.0","626.0","629.0","+4.0","8,100","5,090","0","6,100","0.00","-","-","629.80","656.56","696.40","702.23","651.11","7,860","8,312","8,634"
"2015/09/14","627.0","632.0","622.0","625.0","-22.0","17,500","10,960","0","7,200","0.00","-","-","626.60","658.68","697.56","703.04","650.48","7,300","8,800","8,937"
"2015/09/11","641.0","647.0","636.0","647.0","+19.0","2,000","1,282","0","6,500","0.00","-","-","625.80","661.48","698.73","703.91","649.89","5,420","8,724","8,768"
"2015/09/10","623.0","628.0","621.0","628.0","+8.0","4,700","2,930","0","6,200","0.00","-","-","626.40","663.48","699.63","704.68","649.19","5,680","9,124","8,818"
"2015/09/09","622.0","632.0","613.0","620.0","+7.0","7,000","4,378","0","6,000","0.00","-","-","634.20","666.72","700.80","705.74","648.56","5,740","9,836","8,870"
"2015/09/08","613.0","618.0","605.0","613.0","-8.0","5,300","3,240","0","6,000","0.00","-","-","639.80","670.76","702.15","706.90","647.98","4,740","11,156","8,878"
"2015/09/07","631.0","631.0","610.0","621.0","-29.0","8,100","5,049","0","6,100","0.00","-","-","646.40","674.52","703.61","708.12","647.43","4,120","11,116","8,898"
"2015/09/04","664.0","669.0","642.0","650.0","-17.0","3,300","2,141","0","6,000","0.00","-","-","655.20","678.24","704.96","709.23","646.82","2,720","10,904","8,818"
"2015/09/02","640.0","649.0","636.0","648.0","+2.0","2,000","1,281","0","7,200","0.00","-","-","658.60","682.68","706.79","710.06","645.21","2,720","11,436","8,790"
"2015/09/01","665.0","669.0","646.0","646.0","-19.0","2,200","1,458","0","7,200","0.00","-","-","658.60","685.28","707.91","710.41","644.46","3,600","11,992","8,885"
"2015/08/28","670.0","674.0","670.0","671.0","+8.0","1,600","1,077","0","7,000","0.00","-","-","647.80","690.00","709.88","710.71","642.89","12,280","12,688","9,034"
"2015/08/27","668.0","684.0","654.0","663.0","+15.0","6,700","4,468","0","6,600","0.00","-","-","648.20","691.76","710.60","710.58","642.02","13,640","13,048","9,078"
"2015/08/26","610.0","648.0","610.0","648.0","+26.0","6,400","4,030","0","6,200","0.00","-","-","652.00","694.04","711.55","710.49","641.18","15,120","12,968","9,254"
"2015/08/25","605.0","632.0","580.0","622.0","-13.0","16,300","9,852","0","6,300","0.00","-","-","662.60","696.72","712.87","710.54","640.40","16,100","12,936","9,446"
"2015/08/24","663.0","664.0","623.0","635.0","-38.0","30,400","19,400","0","6,300","0.00","-","-","678.40","700.64","714.19","710.93","639.71","14,800","12,756","9,296"
"2015/08/18","699.0","702.0","692.0","701.0","+3.0","9,800","6,850","0","9,700","0.00","-","-","692.00","708.00","716.60","711.61","636.30","9,260","11,860","8,980"
"2015/08/17","692.0","698.0","687.0","698.0","+5.0","8,500","5,880","0","11,100","0.00","-","-","688.20","707.92","716.59","711.69","635.31","11,360","11,568","8,949"
"2015/08/14","692.0","694.0","684.0","693.0","+5.0","9,700","6,679","0","12,100","0.00","-","-","687.60","708.24","716.68","712.06","634.35","12,780","11,400","8,932"
"2015/08/13","678.0","689.0","666.0","688.0","+8.0","8,800","5,948","0","11,600","0.00","-","-","688.40","708.32","716.91","712.53","633.40","13,240","11,300","8,869"
"2015/08/12","682.0","684.0","680.0","680.0","-2.0","9,500","6,476","0","11,600","0.00","-","-","692.60","709.00","717.09","713.19","632.50","15,980","11,100","8,829"
"2015/08/11","690.0","693.0","682.0","682.0","-13.0","20,300","13,960","0","9,200","0.00","-","-","700.80","710.28","717.45","713.89","631.58","22,080","10,852","8,889"
"2015/08/10","700.0","701.0","691.0","695.0","-2.0","15,600","10,852","0","8,800","0.00","-","-","705.80","711.40","717.83","714.70","630.69","18,880","10,184","8,702"
"2015/08/07","704.0","708.0","695.0","697.0","-12.0","12,000","8,390","0","8,100","0.00","-","-","709.60","712.12","718.05","715.40","629.75","16,320","9,612","8,590"
"2015/08/06","722.0","723.0","708.0","709.0","-12.0","22,500","16,067","0","8,000","0.00","-","-","712.80","713.00","718.41","715.66","628.78","15,220","9,428","8,650"
"2015/08/05","711.0","726.0","700.0","721.0","+14.0","40,000","28,573","0","8,400","0.00","-","-","714.00","713.48","718.75","715.63","627.78","13,740","8,748","8,588"
"2015/08/04","710.0","710.0","705.0","707.0","-7.0","4,300","3,043","0","4,900","0.00","-","-","712.40","713.44","718.95","715.36","626.77","8,920","7,816","8,337"
"2015/07/29","718.0","718.0","708.0","713.0","-3.0","15,900","11,382","0","4,700","0.00","-","-","715.40","714.12","719.19","713.36","622.83","10,380","7,896","9,714"
"2015/07/28","716.0","718.0","712.0","716.0","+3.0","17,000","12,160","0","3,800","0.00","-","-","715.80","714.52","718.79","712.75","621.85","8,320","7,356","9,612"
"2015/07/27","712.0","719.0","708.0","713.0","-2.0","3,700","2,637","0","3,700","0.00","-","-","716.60","714.52","718.17","712.17","620.90","7,280","6,924","9,520"
"2015/07/24","720.0","720.0","713.0","715.0","-5.0","10,600","7,619","0","3,400","0.00","-","-","718.00","714.80","717.61","711.69","619.97","8,000","6,868","9,584"
"2015/07/23","715.0","720.0","713.0","720.0","+5.0","4,700","3,364","0","6,200","0.00","-","-","719.00","715.00","716.85","710.86","619.03","8,180","6,676","9,496"
"2015/07/22","720.0","720.0","715.0","715.0","-5.0","5,600","4,025","0","6,100","0.00","-","-","718.80","715.32","715.97","710.02","618.06","9,640","6,808","9,488"
"2015/07/21","723.0","724.0","716.0","720.0","0.0","11,800","8,497","0","5,300","0.00","-","-","719.00","716.08","715.15","709.07","617.15","10,720","7,348","9,498"
"2015/02/04","539.0","539.0","537.0","537.0","-1.0","5,400","2,906","0","6,400","0.00","-","-","537.40","529.88","513.16","515.22","500.38","11,020","13,388","9,532"
"2015/02/03","540.0","542.0","535.0","538.0","-2.0","9,700","5,220","0","5,100","0.00","-","-","537.20","529.08","512.80","515.05","500.07","11,340","13,992","9,533"
"2015/01/28","535.0","536.0","532.0","536.0","+2.0","7,000","3,742","0","4,200","0.00","-","-","531.20","525.16","511.69","514.01","498.97","8,320","13,268","9,046"
"2015/01/27","532.0","536.0","530.0","534.0","+2.0","9,000","4,814","0","4,900","0.00","-","-","531.40","524.20","511.39","513.69","498.76","8,440","13,292","8,984"
"2015/01/23","535.0","535.0","523.0","523.0","-8.0","6,100","3,239","0","6,700","0.00","-","-","529.60","522.48","511.08","513.12","498.39","9,380","13,128","8,817"
"2015/01/22","537.0","537.0","528.0","531.0","-6.0","6,900","3,686","0","8,200","0.00","-","-","532.60","522.04","511.13","512.91","498.27","11,620","13,096","8,792"
"2015/01/21","530.0","537.0","523.0","537.0","+10.0","7,600","4,023","0","8,700","0.00","-","-","533.20","521.24","511.08","512.60","498.10","14,220","13,176","8,784"
"2015/01/20","530.0","530.0","525.0","527.0","-3.0","9,600","5,066","0","8,500","0.00","-","-","532.60","520.12","510.92","512.26","497.91","16,360","13,540","8,778"
"2015/01/16","533.0","538.0","527.0","538.0","+4.0","17,300","9,229","0","6,600","0.00","-","-","533.40","518.52","510.95","511.73","497.69","14,900","12,784","8,682"
"2015/01/14","518.0","540.0","518.0","534.0","+8.0","18,300","9,654","0","11,700","0.00","-","-","533.00","516.16","510.75","511.12","-","15,100","11,764","8,466"
"2015/01/13","536.0","540.0","524.0","526.0","-9.0","8,800","4,683","0","9,300","0.00","-","-","529.40","515.00","510.68","510.81","-","13,380","11,768","8,361"
"2015/01/09","540.0","545.0","534.0","535.0","-4.0","10,200","5,501","0","8,500","0.00","-","-","528.60","514.32","510.69","510.52","-","13,020","11,688","8,413"
"2015/01/06","522.0","523.0","515.0","516.0","-6.0","9,700","5,033","0","11,000","0.00","-","-","514.60","510.96","510.29","509.35","-","18,280","10,088","8,193"
"2015/01/05","519.0","522.0","515.0","522.0","+8.0","7,000","3,630","0","10,200","0.00","-","-","514.80","510.68","510.37","509.17","-","20,440","9,804","8,217"
"2014/12/29","512.0","514.0","509.0","510.0","-1.0","18,900","9,669","0","11,200","0.00","-","-","513.80","509.72","510.35","508.87","-","20,040","9,312","8,168"
"2014/12/26","520.0","521.0","498.0","511.0","-6.0","41,600","21,398","0","12,800","0.00","-","-","513.80","509.60","510.24","508.83","-","18,180","8,748","8,214"
"2014/12/25","515.0","519.0","515.0","517.0","0.0","20,500","10,574","0","9,600","0.00","-","-","513.80","509.40","510.33","508.76","-","10,420","7,276","7,832"
"2014/12/24","516.0","518.0","515.0","517.0","+3.0","14,100","7,275","0","12,600","0.00","-","-","512.80","508.84","510.37","508.62","-","7,840","6,800","7,997"
"2014/12/22","511.0","514.0","511.0","514.0","+4.0","5,100","2,613","0","10,200","0.00","-","-","511.40","508.28","510.32","508.43","-","6,640","6,524","8,076"
"2014/12/19","510.0","516.0","508.0","510.0","-1.0","9,600","4,926","0","8,100","0.00","-","-","511.20","507.88","510.40","508.21","-","7,500","6,472","8,177"
"2014/12/18","512.0","514.0","510.0","511.0","-1.0","2,800","1,434","0","7,200","0.00","-","-","511.60","507.40","510.39","507.96","-","6,640","6,180","8,150"
"2014/12/17","510.0","512.0","502.0","512.0","+2.0","7,600","3,867","0","7,200","0.00","-","-","511.60","506.84","510.29","507.75","-","7,860","6,268","8,248"
"2014/12/16","510.0","511.0","504.0","510.0","-3.0","8,100","4,123","0","7,900","0.00","-","-","511.00","506.32","510.19","507.53","-","9,680","6,252","8,298"
"2014/12/15","513.0","513.0","510.0","513.0","+1.0","9,400","4,814","0","11,100","0.00","-","-","510.80","505.84","510.12","507.33","-","8,840","6,108","8,249"
"2014/12/12","512.0","516.0","507.0","512.0","+1.0","5,300","2,709","0","9,000","0.00","-","-","509.80","505.32","510.00","507.04","-","7,660","5,884","8,293"
"2014/12/11","506.0","515.0","505.0","511.0","+2.0","8,900","4,531","0","8,800","0.00","-","-","508.80","504.72","509.87","506.82","-","8,060","6,060","8,253"
"2014/12/09","507.0","509.0","506.0","509.0","+1.0","3,900","1,978","0","10,400","0.00","-","-","507.00","503.56","509.64","506.66","-","7,500","6,120","8,026"
"2014/12/08","508.0","510.0","507.0","508.0","+1.0","3,500","1,779","0","9,800","0.00","-","-","507.00","502.88","509.53","506.61","-","8,080","6,676","8,049"
"2014/12/03","508.0","510.0","504.0","505.0","-4.0","18,400","9,334","0","8,600","0.00","-","-","507.00","501.44","509.44","506.36","-","6,720","7,800","8,108"
"2014/12/02","505.0","510.0","505.0","509.0","+3.0","6,800","3,452","0","8,100","0.00","-","-","507.80","501.40","509.41","506.31","-","3,560","7,200","7,909"
"2014/12/01","507.0","508.0","506.0","506.0","-1.0","3,500","1,775","0","8,000","0.00","-","-","507.80","501.20","509.25","506.18","-","3,260","7,056","7,878"
"2014/11/28","508.0","508.0","506.0","507.0","-1.0","3,900","1,978","0","8,600","0.00","-","-","507.20","501.08","509.16","506.07","-","3,280","6,996","7,882"
"2014/11/21","508.0","508.0","503.0","503.0","-4.0","3,600","1,822","0","8,900","0.00","-","-","504.40","500.28","508.56","505.51","-","5,800","7,056","8,133"
"2014/11/18","504.0","505.0","499.0","503.0","0.0","8,600","4,323","0","7,800","0.00","-","-","501.00","500.20","508.55","505.09","-","5,380","7,932","8,374"
"2014/11/17","502.0","505.0","501.0","503.0","-1.0","7,200","3,618","0","10,500","0.00","-","-","500.20","500.48","508.55","505.10","-","5,100","7,808","8,436"
"2014/11/14","500.0","504.0","499.0","504.0","+6.0","3,800","1,906","0","11,000","0.00","-","-","499.20","501.08","508.48","505.05","-","4,560","7,856","8,653"
"2014/11/13","499.0","499.0","498.0","498.0","+1.0","2,300","1,147","0","10,600","0.00","-","-","498.40","501.64","508.32","504.93","-","4,560","7,796","8,920"
"2014/11/12","499.0","502.0","497.0","497.0","-2.0","5,000","2,495","0","11,600","0.00","-","-","498.20","502.44","508.15","504.86","-","6,040","7,740","9,204"
"2014/11/11","499.0","500.0","495.0","499.0","+1.0","7,200","3,582","0","13,600","0.00","-","-","498.20","503.08","508.05","504.81","-","5,960","7,604","9,306"
"2014/11/10","500.0","500.0","492.0","498.0","-2.0","4,500","2,236","0","13,300","0.00","-","-","497.20","503.64","507.93","504.68","-","9,020","7,408","9,342"
"2014/11/07","503.0","503.0","497.0","500.0","+3.0","3,800","1,903","0","12,800","0.00","-","-","496.00","504.36","507.83","504.55","-","11,680","7,408","9,400"
"2014/11/06","499.0","504.0","497.0","497.0","0.0","9,700","4,845","0","12,800","0.00","-","-","493.00","505.44","507.61","504.29","-","16,700","7,440","9,441"
"2014/11/05","495.0","500.0","495.0","497.0","+3.0","4,600","2,288","0","16,700","0.00","-","-","493.20","506.64","507.52","504.04","-","17,360","7,220","9,530"
"2014/11/04","502.0","510.0","494.0","494.0","+2.0","22,500","11,225","0","15,600","0.00","-","-","494.20","507.84","507.55","503.75","-","16,720","7,288","9,685"
"2014/10/31","487.0","501.0","483.0","492.0","+7.0","17,800","8,749","0","9,700","0.00","-","-","496.20","509.08","507.69","503.51","-","12,900","6,676","9,508"
"2014/10/30","498.0","503.0","479.0","485.0","-13.0","28,900","14,043","0","6,200","0.00","-","-","498.60","510.76","507.85","503.31","-","9,980","6,276","9,378"
"2014/10/29","501.0","508.0","495.0","498.0","-4.0","13,000","6,462","0","5,000","0.00","-","-","502.20","512.36","508.09","503.13","-","4,600","5,572","9,029"
"2014/10/28","505.0","505.0","497.0","502.0","-2.0","1,400","702","0","4,400","0.00","-","-","503.80","513.64","508.09","502.85","-","2,640","5,564","8,929"
"2014/10/27","503.0","505.0","498.0","504.0","0.0","3,400","1,699","0","4,400","0.00","-","-","504.20","514.64","508.00","502.55","-","2,500","5,836","9,042"
"2014/10/24","507.0","507.0","504.0","504.0","+1.0","3,200","1,621","0","4,400","0.00","-","-","505.00","515.64","507.95","502.20","-","2,200","6,116","9,105"
"2014/10/23","506.0","506.0","503.0","503.0","-3.0","2,000","1,008","0","5,600","0.00","-","-","503.20","516.56","507.84","501.95","-","3,260","6,496","9,125"
"2014/10/22","509.0","509.0","497.0","506.0","+2.0","3,200","1,611","0","5,200","0.00","-","-","503.40","517.56","507.73","501.49","-","4,520","7,104","9,232"
"2014/10/21","507.0","507.0","504.0","504.0","-4.0","700","355","0","4,300","0.00","-","-","503.60","518.28","507.59","501.00","-","5,560","7,300","9,202"
"2014/10/20","509.0","509.0","498.0","508.0","+13.0","1,900","962","0","4,300","0.00","-","-","503.40","519.04","507.45","500.50","-","9,100","7,536","9,237"
"2014/10/17","495.0","513.0","493.0","495.0","-9.0","8,500","4,219","0","6,500","0.00","-","-","503.80","519.60","507.29","499.99","-","9,820","7,920","9,249"
"2014/10/16","500.0","504.0","499.0","504.0","-3.0","8,300","4,152","0","7,500","0.00","-","-","508.40","520.64","507.25","499.59","-","9,800","7,920","9,160"
"2014/10/15","502.0","516.0","502.0","507.0","+4.0","8,400","4,242","0","6,400","0.00","-","-","511.20","521.00","506.99","499.10","-","8,600","7,948","9,105"
"2014/10/14","509.0","510.0","482.0","503.0","-7.0","18,400","9,244","0","6,000","0.00","-","-","513.40","520.80","506.80","498.61","-","7,100","8,508","9,029"
"2014/10/10","517.0","517.0","510.0","510.0","-8.0","5,500","2,817","0","5,000","0.00","-","-","515.40","521.40","506.72","498.15","-","3,740","8,288","8,972"
"2014/10/09","519.0","525.0","516.0","518.0","0.0","8,400","4,380","0","4,600","0.00","-","-","516.00","521.80","506.64","497.56","-","3,100","9,384","9,036"
"2014/10/08","516.0","518.0","516.0","518.0","0.0","2,300","1,188","0","4,200","0.00","-","-","515.60","521.60","506.37","496.93","-","2,320","9,848","9,005"
"2014/10/07","519.0","519.0","515.0","518.0","+5.0","900","465","0","4,500","0.00","-","-","517.40","521.68","506.03","496.42","-","2,780","10,264","9,046"
"2014/10/06","516.0","520.0","513.0","513.0","0.0","1,600","825","0","4,500","0.00","-","-","519.20","521.32","505.67","495.94","-","3,440","10,532","9,090"
"2014/10/03","516.0","516.0","513.0","513.0","-3.0","2,300","1,185","0","4,200","0.00","-","-","522.00","520.96","505.39","495.49","-","4,380","10,872","9,237"
"2014/10/02","522.0","522.0","515.0","516.0","-11.0","4,500","2,335","0","4,400","0.00","-","-","524.40","520.60","505.03","494.86","-","5,360","11,236","9,314"
"2014/10/01","527.0","534.0","527.0","527.0","0.0","4,600","2,433","0","4,400","0.00","-","-","528.00","520.16","504.61","494.31","-","6,020","11,232","9,393"
"2014/09/30","531.0","531.0","520.0","527.0","0.0","4,200","2,204","0","6,900","0.00","-","-","527.60","519.24","503.91","493.65","-","7,360","11,556","9,421"
"2014/09/29","525.0","535.0","522.0","527.0","+2.0","6,300","3,348","0","6,900","0.00","-","-","528.20","518.24","503.17","492.89","-","9,080","11,480","9,394"
"2014/09/26","521.0","530.0","521.0","525.0","-9.0","7,200","3,770","0","7,000","0.00","-","-","528.20","517.16","502.39","492.29","-","9,460","11,340","9,374"
"2014/09/25","531.0","535.0","528.0","534.0","+9.0","7,800","4,146","0","6,800","0.00","-","-","529.00","516.28","501.65","491.72","-","10,100","11,284","9,305"
"2014/09/24","530.0","533.0","524.0","525.0","-5.0","11,300","5,976","0","7,800","0.00","-","-","527.60","514.96","500.83","491.07","-","11,080","11,196","9,224"
"2014/09/22","531.0","534.0","524.0","530.0","+3.0","12,800","6,761","0","5,200","0.00","-","-","528.20","514.08","500.05","490.48","-","12,260","11,052","9,133"
"2014/09/19","529.0","534.0","525.0","527.0","-2.0","8,200","4,331","0","4,800","0.00","-","-","527.00","513.12","499.25","489.85","-","11,320","10,884","8,974"
"2014/09/17","529.0","530.0","524.0","527.0","-1.0","12,700","6,705","0","4,400","0.00","-","-","524.80","511.20","497.72","488.83","-","11,220","10,412","8,845"
"2014/09/16","534.0","534.0","525.0","528.0","+4.0","17,200","9,144","0","6,900","0.00","-","-","523.60","510.00","497.08","488.39","-","10,380","10,084","8,913"
"2014/09/12","526.0","526.0","521.0","524.0","+1.0","8,100","4,243","0","6,600","0.00","-","-","520.60","508.84","496.13","487.92","-","8,740","9,548","8,724"
"2014/09/11","528.0","528.0","521.0","523.0","+1.0","6,600","3,452","0","6,200","0.00","-","-","516.20","507.60","495.24","487.48","-","11,600","9,652","8,656"
"2014/09/10","525.0","529.0","520.0","522.0","+1.0","11,500","6,035","0","5,300","0.00","-","-","515.20","506.52","494.32","487.14","-","12,860","9,476","8,598"
"2014/09/09","520.0","523.0","515.0","521.0","+8.0","8,500","4,431","0","5,100","0.00","-","-","514.80","505.56","493.45","486.78","-","17,140","9,268","8,529"
"2014/09/08","504.0","514.0","504.0","513.0","+11.0","9,000","4,563","0","5,100","0.00","-","-","513.20","504.76","492.57","486.47","-","19,440","9,424","8,449"
"2014/09/05","520.0","520.0","501.0","502.0","-16.0","22,400","11,485","0","5,600","0.00","-","-","514.60","504.44","491.80","486.18","-","20,180","9,088","8,392"
"2014/09/04","519.0","522.0","518.0","518.0","-2.0","12,900","6,698","0","4,800","0.00","-","-","516.00","504.60","491.21","485.99","-","17,220","8,880","8,105"
"2014/09/03","523.0","530.0","513.0","520.0","+7.0","32,900","17,123","0","5,200","0.00","-","-","513.20","504.04","490.40","485.53","-","16,660","8,904","7,946"
"2014/09/02","522.0","530.0","513.0","513.0","-7.0","20,000","10,444","0","4,800","0.00","-","-","510.00","503.36","489.48","485.08","-","12,360","8,116","7,526"
"2014/09/01","515.0","529.0","512.0","520.0","+11.0","12,700","6,596","0","4,800","0.00","-","-","508.40","502.76","488.71","484.61","-","9,240","8,256","7,461"
"2014/08/29","507.0","514.0","504.0","509.0","+5.0","7,600","3,871","0","2,700","0.00","-","-","505.20","501.64","488.00","484.28","-","9,240","8,700","7,388"
"2014/08/28","508.0","511.0","504.0","504.0","0.0","10,100","5,130","0","2,500","0.00","-","-","503.80","500.68","487.48","484.07","-","8,180","9,340","7,388"
"2014/08/27","506.0","509.0","504.0","504.0","-1.0","11,400","5,773","0","1,800","0.00","-","-","503.00","500.12","487.00","483.93","-","6,720","9,444","7,306"
"2014/08/26","504.0","505.0","502.0","505.0","+1.0","4,400","2,218","0","1,900","0.00","-","-","502.80","499.56","486.28","483.83","-","5,600","9,384","7,281"
"2014/08/25","505.0","505.0","502.0","504.0","+2.0","12,700","6,402","0","1,900","0.00","-","-","502.00","498.96","485.69","483.72","-","5,840","9,560","7,296"
"2014/08/18","504.0","505.0","500.0","503.0","-3.0","7,700","3,877","0","3,300","0.00","-","-","502.80","497.84","483.11","483.59","-","5,520","10,664","7,128"
"2014/08/15","505.0","506.0","499.0","506.0","+1.0","8,600","4,327","0","5,000","0.00","-","-","502.00","497.84","482.61","483.65","-","4,740","10,464","7,068"
"2014/08/14","504.0","505.0","503.0","505.0","+2.0","3,300","1,662","0","4,700","0.00","-","-","499.40","497.52","482.09","483.68","-","5,160","10,340","7,060"
"2014/08/13","503.0","504.0","496.0","503.0","+6.0","3,500","1,755","0","3,800","0.00","-","-","497.60","497.12","481.68","-","-","4,940","10,604","7,270"
"2014/08/12","504.0","505.0","496.0","497.0","-2.0","4,500","2,254","0","3,500","0.00","-","-","496.60","497.00","481.37","-","-","5,500","10,788","7,240"
"2014/08/11","493.0","502.0","493.0","499.0","+6.0","3,800","1,887","0","2,900","0.00","-","-","497.40","496.96","481.19","-","-","7,080","10,796","7,192"
"2014/07/29","503.0","505.0","497.0","498.0","+6.0","23,500","11,800","0","5,000","0.00","-","-","491.00","494.76","478.99","-","-","18,700","9,608","6,590"
"2014/07/25","488.0","493.0","485.0","485.0","-5.0","23,600","11,507","0","7,500","0.00","-","-","487.80","494.76","478.49","-","-","12,380","8,176","6,069"
"2014/07/01","490.0","496.0","490.0","496.0","+4.0","2,800","1,379","0","5,300","0.00","-","-","492.40","479.64","-","-","-","5,120","5,620","-"
"2014/06/30","486.0","492.0","486.0","492.0","+8.0","1,800","877","0","5,100","0.00","-","-","494.00","478.08","-","-","-","6,620","5,760","-"
"2014/06/27","493.0","494.0","484.0","484.0","-9.0","4,200","2,059","0","5,100","0.00","-","-","495.20","476.60","-","-","-","7,480","5,788","-"
"2014/06/26","492.0","495.0","490.0","493.0","-4.0","2,700","1,327","0","4,500","0.00","-","-","496.80","475.44","-","-","-","7,720","5,808","-"
"2014/06/25","494.0","498.0","491.0","497.0","-7.0","14,100","6,964","0","4,100","0.00","-","-","496.40","474.04","-","-","-","8,020","5,736","-"
"2014/06/24","499.0","504.0","498.0","504.0","+6.0","10,300","5,152","0","7,900","0.00","-","-","495.40","472.44","-","-","-","7,720","5,212","-"
"2014/06/20","491.0","495.0","491.0","492.0","+1.0","5,400","2,658","0","4,900","0.00","-","-","489.20","468.60","-","-","-","8,140","5,216","-"
"2014/06/13","472.0","477.0","470.0","474.0","+2.0","6,700","3,177","0","4,100","0.00","-","-","471.20","463.40","-","-","-","3,480","4,940","-"
"2014/06/12","470.0","472.0","468.0","472.0","+4.0","2,200","1,035","0","4,000","0.00","-","-","469.80","462.88","-","-","-","3,040","4,876","-"
"2014/06/11","472.0","472.0","468.0","468.0","-2.0","4,800","2,255","0","3,600","0.00","-","-","469.40","462.04","-","-","-","2,780","5,012","-"
"2014/05/29","456.0","457.0","454.0","457.0","+3.0","3,000","1,365","0","2,500","0.00","-","-","455.60","463.28","-","-","-","3,760","4,820","-"
"2014/05/28","457.0","457.0","454.0","454.0","-3.0","2,300","1,046","0","3,600","0.00","-","-","455.80","464.20","-","-","-","3,340","4,892","-"
"2014/05/27","455.0","457.0","454.0","457.0","+2.0","6,300","2,867","0","3,900","0.00","-","-","456.40","465.60","-","-","-","3,080","4,832","-"
"2014/05/26","455.0","455.0","453.0","455.0","0.0","2,500","1,136","0","2,700","0.00","-","-","455.20","466.76","-","-","-","2,100","4,764","-"
"2014/05/22","462.0","462.0","456.0","458.0","+1.0","900","414","0","3,600","0.00","-","-","457.60","469.32","-","-","-","5,120","5,128","-"
"2014/05/21","457.0","457.0","455.0","457.0","+6.0","1,000","456","0","3,200","0.00","-","-","460.00","470.32","-","-","-","6,460","5,204","-"
"2014/05/20","458.0","458.0","451.0","451.0","-4.0","1,400","640","0","2,700","0.00","-","-","462.20","470.92","-","-","-","7,060","5,280","-"
"2014/05/19","467.0","469.0","452.0","455.0","-12.0","15,100","6,910","0","3,000","0.00","-","-","462.00","471.88","-","-","-","8,680","5,308","-"
"2014/05/16","468.0","468.0","466.0","467.0","-3.0","7,200","3,368","0","3,700","0.00","-","-","463.20","472.32","-","-","-","6,760","4,996","-"
"2014/05/15","464.0","470.0","464.0","470.0","+2.0","7,600","3,538","0","5,300","0.00","-","-","462.00","473.12","-","-","-","6,340","4,744","-"
"2014/05/14","458.0","468.0","453.0","468.0","+18.0","4,000","1,833","0","5,900","0.00","-","-","458.20","473.84","-","-","-","5,940","4,480","-"
"2014/05/13","469.0","469.0","450.0","450.0","-11.0","9,500","4,344","0","5,200","0.00","-","-","458.00","474.72","-","-","-","5,640","4,520","-"
"2014/05/12","470.0","470.0","460.0","461.0","0.0","5,500","2,564","0","3,600","0.00","-","-","461.60","476.48","-","-","-","3,860","4,316","-"
"2014/05/09","455.0","470.0","455.0","461.0","+10.0","5,100","2,361","0","2,700","0.00","-","-","463.20","477.80","-","-","-","3,320","4,192","-"
"2014/05/08","470.0","470.0","451.0","451.0","-16.0","5,600","2,576","0","4,100","0.00","-","-","464.20","479.28","-","-","-","2,940","4,124","-"
"2014/05/07","468.0","468.0","465.0","467.0","-1.0","2,500","1,166","0","3,000","0.00","-","-","467.40","481.16","-","-","-","3,420","4,068","-"
"2014/05/02","469.0","469.0","468.0","468.0","-1.0","600","281","0","2,900","0.00","-","-","468.80","482.36","-","-","-","6,740","4,116","-"
"2014/05/01","468.0","469.0","466.0","469.0","+3.0","2,800","1,307","0","2,900","0.00","-","-","471.20","483.64","-","-","-","6,860","4,568","-"
"2014/04/30","470.0","470.0","465.0","466.0","-1.0","3,200","1,492","0","2,700","0.00","-","-","474.00","485.04","-","-","-","6,480","5,440","-"
"2014/04/28","471.0","474.0","462.0","467.0","-7.0","8,000","3,745","0","4,000","0.00","-","-","477.00","486.76","-","-","-","5,940","5,672","-"
"2014/04/25","480.0","484.0","473.0","474.0","-6.0","19,100","9,159","0","8,900","0.00","-","-","479.60","488.44","-","-","-","5,300","5,604","-"
"2014/04/16","487.0","490.0","480.0","490.0","+6.0","7,700","3,754","0","4,100","0.00","-","-","480.80","-","-","-","-","4,820","-","-"
"2014/04/15","485.0","486.0","479.0","484.0","+1.0","8,600","4,154","0","4,300","0.00","-","-","476.00","-","-","-","-","4,740","-","-"
"2014/04/14","475.0","485.0","471.0","483.0","+11.0","2,800","1,330","0","3,600","0.00","-","-","476.60","-","-","-","-","3,200","-","-"
"2014/04/11","475.0","478.0","471.0","472.0","-3.0","2,900","1,376","0","3,500","0.00","-","-","477.60","-","-","-","-","2,840","-","-"
"2014/04/10","471.0","475.0","471.0","475.0","+9.0","2,100","994","0","3,400","0.00","-","-","481.20","-","-","-","-","3,260","-","-"
"2014/04/09","486.0","486.0","465.0","466.0","-21.0","7,300","3,480","0","11,800","0.00","-","-","485.00","-","-","-","-","3,720","-","-"
"2014/04/08","487.0","493.0","487.0","487.0","-1.0","900","439","0","11,800","0.00","-","-","490.60","-","-","-","-","2,740","-","-"
"2014/04/07","490.0","493.0","487.0","488.0","-2.0","1,000","490","0","11,800","0.00","-","-","492.80","-","-","-","-","3,240","-","-"
"2023/07/28","1,094.0","1,103.0","1,086.0","1,102.0","+8.0","43,900","48,075","5,500","100","0.02","0.00","-","1,077.60","1,001.52","938.95","926.21","904.57","32,480","15,344","13,245"
"2023/07/27","1,068.0","1,094.0","1,067.0","1,094.0","+26.0","35,500","38,165","4,400","100","0.02","0.00","-","1,066.00","995.48","935.99","924.19","903.37","26,100","14,116","12,694"
"2022/03/25","862.0","867.0","861.0","862.0","-5.0","24,100","20,787","4,700","100","0.02","0.05","-","865.60","871.24","887.20","889.24","897.80","13,560","8,068","6,620"
"2021/03/29","899.0","905.0","899.0","902.0","+2.0","36,100","32,509","24,500","600","0.02","3.20","-","902.00","898.12","889.80","891.18","892.98","17,520","11,452","9,434"
"2020/10/20","921.0","921.0","908.0","914.0","-6.0","1,400","1,283","4,200","100","0.02","0.00","-","916.80","903.64","899.60","890.50","859.98","4,000","4,480","6,590"
"2020/10/19","915.0","924.0","913.0","920.0","+5.0","5,200","4,775","4,200","100","0.02","0.00","-","913.40","902.44","899.39","889.89","859.72","4,800","4,540","6,614"
"2020/10/16","915.0","915.0","908.0","915.0","-5.0","4,500","4,110","4,300","100","0.02","0.00","-","910.20","900.96","898.99","889.27","859.42","3,980","4,392","6,602"
"2020/10/15","915.0","920.0","912.0","920.0","+5.0","6,700","6,132","4,400","100","0.02","0.00","-","906.00","899.72","898.72","888.42","859.13","3,460","4,232","6,597"
"2020/10/14","901.0","915.0","901.0","915.0","+18.0","2,200","1,997","4,200","100","0.02","0.00","-","902.60","898.64","898.45","887.45","858.87","2,760","3,992","6,828"
"2020/10/13","911.0","914.0","897.0","897.0","-7.0","5,400","4,868","4,200","100","0.02","0.00","-","904.60","897.68","898.25","886.46","858.62","3,640","3,928","6,882"
"2020/10/12","900.0","917.0","898.0","904.0","+10.0","1,100","996","4,200","100","0.02","0.00","-","910.60","897.64","898.17","885.71","858.47","5,360","3,740","6,884"
"2020/10/09","901.0","903.0","894.0","894.0","-9.0","1,900","1,706","4,200","100","0.02","0.00","-","909.80","897.28","898.11","885.10","858.28","5,600","3,784","7,050"
"2020/10/08","906.0","921.0","901.0","903.0","-22.0","3,200","2,906","4,200","100","0.02","0.00","-","911.40","897.24","897.73","884.17","858.14","6,080","3,756","7,050"
"2020/10/07","925.0","925.0","911.0","925.0","-2.0","6,600","6,086","4,400","100","0.02","0.00","-","911.40","897.08","897.20","883.04","858.01","5,440","3,728","7,038"
"2020/10/06","910.0","928.0","906.0","927.0","+27.0","14,000","12,890","4,100","100","0.02","0.00","-","907.00","895.84","896.40","881.61","857.67","4,800","3,480","7,048"
"2020/09/29","892.0","918.0","892.0","901.0","+8.0","7,600","6,837","4,800","100","0.02","0.00","-","895.00","893.36","892.76","876.27","856.29","5,320","3,224","7,236"
"2020/09/28","894.0","899.0","889.0","893.0","-1.0","2,200","1,968","5,200","100","0.02","0.00","-","892.00","893.40","892.01","875.19","856.04","4,380","2,960","7,141"
"2020/08/27","882.0","888.0","877.0","888.0","-7.0","4,900","4,320","4,100","100","0.02","0.00","-","899.00","902.48","875.73","850.71","849.59","3,480","9,664","8,434"
"2020/08/26","897.0","903.0","891.0","895.0","-12.0","2,400","2,152","4,100","100","0.02","0.00","-","902.00","902.76","874.59","849.44","849.12","3,020","9,612","8,389"
"2020/08/19","903.0","903.0","898.0","903.0","0.0","3,300","2,979","4,600","100","0.02","0.00","-","900.40","900.64","867.63","842.83","846.14","6,140","12,356","8,370"
"2020/03/27","779.0","783.0","774.0","778.0","+7.0","29,300","22,826","15,400","300","0.02","0.00","-","762.80","795.04","856.21","849.10","816.86","13,900","10,552","10,190"
"2020/12/01","895.0","898.0","894.0","898.0","+3.0","1,500","1,343","3,000","100","0.03","0.00","-","892.00","895.92","898.81","899.24","860.45","1,740","2,988","3,532"
"2020/11/30","895.0","895.0","895.0","895.0","+5.0","500","448","3,000","100","0.03","0.00","-","890.40","896.12","898.81","899.15","860.54","2,400","3,196","3,548"
"2020/11/24","886.0","890.0","885.0","890.0","+4.0","4,800","4,265","3,000","100","0.03","0.00","-","891.20","900.08","898.75","899.26","860.61","3,860","3,428","4,014"
"2020/11/10","899.0","899.0","882.0","898.0","-1.0","3,700","3,285","3,200","100","0.03","0.00","-","901.00","907.08","901.17","898.36","861.03","2,460","3,936","5,522"
"2020/11/09","898.0","899.0","888.0","899.0","-1.0","2,400","2,151","3,200","100","0.03","0.00","-","899.20","907.16","901.13","897.98","861.07","4,040","3,880","5,521"
"2020/11/06","891.0","905.0","885.0","900.0","-1.0","3,600","3,208","3,200","100","0.03","0.00","-","900.20","907.28","901.08","897.50","861.09","4,260","3,956","5,644"
"2020/11/05","892.0","907.0","889.0","901.0","-6.0","1,000","899","3,800","100","0.03","0.00","-","901.20","907.40","901.07","896.99","861.08","3,600","3,812","5,682"
"2020/11/04","888.0","907.0","888.0","907.0","+18.0","1,600","1,445","3,800","100","0.03","0.00","-","902.40","907.48","901.08","896.44","861.07","3,800","3,908","5,869"
"2020/11/02","904.0","904.0","874.0","889.0","-15.0","11,600","10,296","3,700","100","0.03","0.00","-","901.00","907.24","900.85","895.82","860.99","4,080","4,148","6,026"
"2020/10/30","901.0","906.0","890.0","904.0","-1.0","3,500","3,138","3,200","100","0.03","0.00","-","903.80","907.40","900.61","895.40","860.97","1,840","3,772","6,368"
"2020/10/29","901.0","905.0","901.0","905.0","-2.0","300","271","3,200","100","0.03","0.00","-","903.60","907.00","900.76","894.77","860.91","2,480","4,080","6,490"
"2020/10/28","900.0","907.0","894.0","907.0","+7.0","2,000","1,800","3,200","100","0.03","0.00","-","904.60","906.72","900.63","894.19","860.77","3,160","4,228","6,504"
"2020/10/27","901.0","903.0","892.0","900.0","-3.0","3,000","2,693","3,200","100","0.03","0.00","-","906.60","906.00","900.55","893.52","860.61","3,300","4,212","6,493"
"2020/10/26","902.0","906.0","902.0","903.0","0.0","400","361","3,400","100","0.03","0.00","-","909.40","905.44","900.52","892.95","860.49","2,980","4,208","6,505"
"2020/10/23","901.0","908.0","900.0","903.0","-7.0","6,700","6,040","3,400","100","0.03","0.00","-","912.80","905.04","900.35","892.37","860.42","3,940","4,372","6,546"
"2020/10/21","914.0","919.0","914.0","917.0","+3.0","2,700","2,474","4,000","100","0.03","0.00","-","917.20","904.40","899.91","891.16","860.21","4,100","4,468","6,497"
"2020/10/05","900.0","906.0","900.0","900.0","-2.0","2,300","2,074","4,000","100","0.03","0.00","-","901.80","893.96","895.45","880.29","857.32","3,520","2,968","7,009"
"2020/09/16","890.0","899.0","889.0","899.0","+1.0","4,500","4,009","4,000","100","0.03","0.00","-","892.40","895.48","888.15","868.93","854.51","4,040","3,236","7,173"
"2020/09/15","900.0","900.0","893.0","898.0","0.0","8,300","7,449","3,900","100","0.03","0.00","-","889.40","895.44","887.44","867.91","854.17","3,240","3,164","7,126"
"2020/09/10","889.0","889.0","883.0","883.0","-1.0","1,500","1,331","4,000","100","0.03","0.00","-","889.40","894.76","885.71","864.90","853.18","800","4,120","7,037"
"2020/08/31","880.0","894.0","880.0","894.0","+14.0","400","356","3,900","100","0.03","0.00","-","892.80","901.32","878.36","853.65","850.52","3,320","8,260","8,084"
"2020/08/28","888.0","888.0","877.0","880.0","-8.0","1,200","1,059","3,900","100","0.03","0.00","-","894.60","901.60","876.87","851.93","850.02","3,520","9,316","8,301"
"2023/01/06","896.0","898.0","895.0","898.0","+3.0","1,200","1,076","2,500","100","0.04","0.05","-","894.20","881.44","873.79","874.38","867.00","920","6,992","4,552"
"2023/01/05","895.0","895.0","895.0","895.0","0.0","300","269","2,700","100","0.04","0.05","-","893.00","880.16","873.48","874.20","866.81","920","7,004","4,565"
"2023/01/04","893.0","898.0","893.0","895.0","+2.0","1,800","1,609","2,700","100","0.04","0.05","-","892.00","878.96","873.28","874.09","866.62","1,000","7,048","4,577"
"2020/10/02","903.0","903.0","899.0","902.0","0.0","4,300","3,874","4,800","200","0.04","0.00","-","900.40","893.48","894.92","879.31","857.07","3,500","3,072","7,230"
"2020/10/01","-","-","-","-","-","0","-","4,800","200","0.04","0.00","-","898.80","893.20","894.24","878.33","856.79","4,880","2,996","7,238"
"2020/09/30","902.0","903.0","896.0","903.0","+2.0","3,400","3,059","4,800","200","0.04","0.00","-","897.80","893.36","893.52","877.31","856.54","5,680","3,304","7,274"
"2020/09/25","899.0","916.0","894.0","894.0","-4.0","11,200","10,093","4,800","200","0.04","0.00","-","892.00","893.80","891.40","874.17","855.83","4,840","2,976","7,178"
"2023/07/26","1,068.0","1,068.0","1,058.0","1,068.0","+2.0","24,100","25,692","4,000","200","0.05","0.00","-","1,053.40","989.48","933.11","922.23","902.19","22,200","13,104","12,270"
"2023/01/25","900.0","900.0","897.0","898.0","-2.0","4,800","4,319","2,000","100","0.05","0.05","-","898.00","894.56","878.60","876.13","869.10","3,700","5,928","4,470"
"2023/01/17","900.0","901.0","897.0","901.0","+1.0","4,300","3,869","2,100","100","0.05","0.05","-","899.00","888.68","875.93","874.91","867.96","2,460","6,868","4,401"
"2023/01/16","900.0","900.0","899.0","900.0","+1.0","2,300","2,070","2,200","100","0.05","0.05","-","898.00","887.56","875.57","874.80","867.78","1,920","6,916","4,386"
"2023/01/12","900.0","900.0","896.0","896.0","-3.0","2,200","1,978","1,900","100","0.05","0.05","-","896.80","885.12","874.84","874.60","867.46","1,260","6,944","4,457"
"2023/01/11","898.0","899.0","897.0","899.0","+3.0","1,000","898","1,900","100","0.05","0.05","-","896.60","883.92","874.49","874.58","867.31","1,180","6,908","4,478"
"2023/01/10","898.0","899.0","895.0","896.0","-2.0","1,600","1,437","2,000","100","0.05","0.05","-","895.40","882.56","874.09","874.50","867.16","1,060","6,984","4,516"
"2022/12/29","889.0","894.0","880.0","890.0","-2.0","900","801","1,900","100","0.05","0.05","-","888.60","876.44","872.52","873.93","866.28","4,700","7,336","4,653"
"2022/12/28","890.0","892.0","886.0","892.0","+2.0","1,200","1,067","1,900","100","0.05","0.05","-","889.80","875.48","872.17","873.85","866.12","8,580","7,424","4,649"
"2022/12/27","887.0","890.0","883.0","890.0","+8.0","700","620","2,000","100","0.05","0.05","-","890.00","874.24","871.80","873.77","865.99","15,660","7,728","4,637"
"2022/12/26","892.0","892.0","882.0","882.0","-7.0","1,500","1,330","2,000","100","0.05","0.05","-","890.80","873.44","871.49","873.76","865.89","20,160","7,900","4,630"
"2022/12/23","884.0","893.0","873.0","889.0","-7.0","19,200","16,979","2,100","100","0.05","0.05","-","890.20","873.00","871.27","873.89","865.86","20,880","7,904","4,644"
"2022/04/05","851.0","858.0","851.0","858.0","+7.0","1,300","1,110","2,000","100","0.05","0.05","-","851.80","863.28","884.39","886.38","896.34","5,740","8,784","6,722"
"2020/10/22","920.0","920.0","904.0","910.0","-7.0","3,700","3,371","3,800","200","0.05","0.00","-","915.20","904.88","900.16","891.80","860.36","3,500","4,284","6,485"
"2020/09/23","880.0","891.0","880.0","889.0","+3.0","1,600","1,418","3,800","200","0.05","0.00","-","893.00","894.36","890.01","871.76","855.31","4,360","2,964","7,025"
"2020/09/18","892.0","894.0","883.0","886.0","-7.0","2,900","2,585","3,900","200","0.05","0.00","-","894.80","894.76","889.36","870.83","855.06","4,640","3,088","7,046"
"2020/09/17","899.0","899.0","890.0","893.0","-6.0","4,500","4,034","4,000","200","0.05","0.00","-","894.40","895.32","888.79","869.90","854.82","4,640","3,136","7,196"
"2020/08/24","903.0","903.0","898.0","903.0","+1.0","1,400","1,263","4,100","200","0.05","0.00","-","902.80","902.44","871.96","846.82","848.01","3,980","9,932","8,308"
"2024/01/25","1,441.0","1,470.0","1,441.0","1,460.0","+10.0","12,200","17,742","3,100","200","0.06","0.00","-","1,473.00","1,460.76","1,373.00","1,348.59","1,166.16","8,800","26,692","22,944"
"2023/12/01","1,300.0","1,309.0","1,288.0","1,298.0","-2.0","17,500","22,722","1,800","100","0.06","0.00","-","1,297.80","1,334.52","1,294.40","1,239.02","1,072.63","10,480","15,992","17,133"
"2023/11/30","1,301.0","1,301.0","1,293.0","1,300.0","+1.0","3,000","3,893","1,600","100","0.06","0.00","-","1,294.40","1,335.04","1,294.09","1,235.81","1,070.60","20,260","15,736","17,360"
"2023/11/29","1,295.0","1,299.0","1,282.0","1,299.0","+6.0","7,200","9,307","1,600","100","0.06","0.00","-","1,294.20","1,335.68","1,293.11","1,232.50","1,068.55","24,840","16,192","17,778"
"2023/11/27","1,296.0","1,314.0","1,290.0","1,299.0","+18.0","17,400","22,576","1,600","100","0.06","0.00","-","1,302.60","1,336.52","1,289.77","1,226.14","1,064.49","26,780","16,164","19,357"
"2023/01/31","895.0","895.0","893.0","893.0","-2.0","1,000","894","1,600","100","0.06","0.00","-","895.20","895.20","880.11","877.11","869.91","2,040","2,736","4,472"
"2023/01/30","895.0","896.0","895.0","895.0","0.0","600","537","1,600","100","0.06","0.00","-","896.60","895.32","879.77","876.92","869.73","2,100","3,508","4,492"
"2023/01/23","896.0","899.0","894.0","898.0","+3.0","1,100","986","1,600","100","0.06","0.00","-","898.00","892.76","877.53","875.70","868.61","4,020","6,216","4,472"
"2023/01/19","897.0","900.0","897.0","899.0","+2.0","1,200","1,077","1,700","100","0.06","0.05","-","899.20","891.04","876.55","875.30","868.30","2,740","6,288","4,365"
"2023/01/18","900.0","900.0","896.0","897.0","-4.0","3,400","3,055","1,800","100","0.06","0.05","-","898.60","889.80","876.23","875.10","868.11","2,940","6,328","4,392"
"2023/01/13","899.0","900.0","896.0","899.0","+3.0","2,500","2,244","1,700","100","0.06","0.00","-","897.60","886.36","875.24","874.69","867.62","1,700","6,944","4,449"
"2022/12/30","894.0","894.0","890.0","893.0","+3.0","400","357","1,800","100","0.06","0.05","-","889.40","877.64","872.95","874.06","866.45","940","7,084","4,600"
"2022/04/06","861.0","862.0","856.0","856.0","-2.0","4,800","4,121","1,800","100","0.06","0.05","-","853.20","862.28","883.93","885.94","896.09","3,520","8,712","6,761"
"2020/11/12","890.0","890.0","883.0","888.0","+1.0","1,900","1,687","3,200","200","0.06","0.00","-","894.40","904.00","900.80","898.90","860.91","3,360","3,396","5,128"
"2020/11/11","899.0","899.0","860.0","887.0","-11.0","5,200","4,604","3,200","200","0.06","0.00","-","897.00","905.48","900.97","898.67","860.97","3,180","3,584","5,460"
"2024/01/24","1,477.0","1,477.0","1,441.0","1,450.0","-16.0","8,700","12,645","3,000","200","0.07","0.00","-","1,483.80","1,455.64","1,371.00","1,346.17","1,163.25","7,820","27,632","22,924"
"2024/01/16","1,550.0","1,550.0","1,513.0","1,516.0","-39.0","17,000","26,086","2,700","200","0.07","0.00","-","1,535.20","1,419.72","1,358.25","1,329.20","1,145.26","33,280","35,096","23,400"
"2024/01/15","1,550.0","1,571.0","1,548.0","1,555.0","+5.0","31,300","48,874","2,800","200","0.07","0.00","-","1,530.80","1,414.72","1,355.72","1,326.57","1,142.13","33,200","35,196","23,290"
"2024/01/12","1,514.0","1,553.0","1,512.0","1,550.0","+17.0","34,300","52,658","2,800","200","0.07","0.00","-","1,517.20","1,408.16","1,352.55","1,323.70","1,138.80","29,420","35,388","23,044"
"2024/01/11","1,536.0","1,552.0","1,514.0","1,533.0","+11.0","39,900","61,427","2,800","200","0.07","0.00","-","1,496.40","1,399.64","1,349.44","1,320.71","1,135.49","26,480","34,772","22,797"
"2024/01/10","1,494.0","1,560.0","1,494.0","1,522.0","+28.0","43,900","67,197","2,700","200","0.07","0.00","-","1,470.00","1,390.24","1,347.09","1,318.13","1,132.27","20,200","33,876","22,597"
"2024/01/09","1,489.0","1,513.0","1,481.0","1,494.0","+7.0","16,600","24,774","2,700","200","0.07","0.00","-","1,445.60","1,381.36","1,344.36","1,315.17","1,129.11","12,460","32,240","22,389"
"2023/11/28","1,306.0","1,307.0","1,291.0","1,293.0","-6.0","7,300","9,485","1,500","100","0.07","0.00","-","1,299.40","1,335.88","1,291.67","1,229.32","1,066.51","24,920","16,088","18,558"
"2023/07/25","1,058.0","1,067.0","1,050.0","1,066.0","+8.0","34,500","36,516","3,000","200","0.07","0.00","-","1,043.80","984.40","930.51","920.51","901.15","21,440","12,808","11,966"
"2022/04/11","856.0","857.0","852.0","855.0","+7.0","1,700","1,455","1,400","100","0.07","0.05","-","853.00","859.40","882.13","884.51","895.26","3,300","8,444","6,652"
"2022/04/08","845.0","857.0","845.0","848.0","0.0","3,400","2,880","1,500","100","0.07","0.05","-","852.20","860.04","882.69","884.92","895.51","3,440","8,688","6,732"
"2022/03/24","866.0","867.0","861.0","867.0","+2.0","15,300","13,218","3,000","200","0.07","0.05","-","866.60","872.12","887.52","889.58","897.98","10,020","7,276","6,341"
"2017/11/15","814.0","816.0","799.0","804.0","-9.0","18,700","15,076","5,900","400","0.07","0.00","-","808.80","811.20","805.89","805.26","831.29","10,700","12,684","11,030"
"2017/11/14","809.0","814.0","806.0","813.0","+3.0","11,900","9,634","5,500","400","0.07","0.00","-","810.20","811.24","806.57","805.16","831.52","15,720","12,096","11,069"
"2017/11/13","809.0","814.0","809.0","810.0","+1.0","5,000","4,059","5,500","400","0.07","0.00","-","810.60","810.72","807.21","804.99","831.70","14,540","11,876","11,428"
"2024/01/23","1,490.0","1,491.0","1,458.0","1,466.0","-24.0","10,300","15,163","2,400","200","0.08","0.00","-","1,489.40","1,450.12","1,369.59","1,343.59","1,160.36","12,020","29,572","23,265"
"2024/01/05","1,462.0","1,487.0","1,457.0","1,487.0","+41.0","12,400","18,242","2,500","200","0.08","0.00","-","1,422.80","1,373.56","1,341.64","1,312.14","1,126.08","13,400","31,864","22,309"
"2023/11/13","1,368.0","1,377.0","1,346.0","1,377.0","+36.0","7,300","9,963","1,300","100","0.08","0.00","-","1,358.00","1,330.64","1,261.00","1,191.85","1,044.95","17,320","17,856","20,088"
"2023/04/14","891.0","892.0","887.0","892.0","+5.0","8,100","7,208","1,300","100","0.08","0.00","-","886.00","885.32","892.29","887.47","880.31","8,160","8,620","5,666"
"2023/03/31","873.0","876.0","871.0","871.0","+1.0","4,100","3,579","1,200","100","0.08","0.00","-","882.00","892.60","892.45","886.68","878.90","15,620","8,240","6,545"
"2022/04/01","851.0","852.0","850.0","851.0","+1.0","2,600","2,213","2,400","200","0.08","0.05","-","856.20","865.48","885.16","887.29","896.78","13,300","10,032","6,928"
"2020/12/10","900.0","903.0","899.0","900.0","+2.0","15,600","14,041","1,200","100","0.08","0.00","-","900.60","895.32","898.72","899.64","860.34","6,740","3,672","3,601"
"2017/11/10","808.0","810.0","805.0","809.0","+1.0","5,600","4,524","5,300","400","0.08","0.00","-","812.00","810.40","807.72","804.84","831.72","14,600","12,012","11,829"
"2017/11/08","815.0","818.0","800.0","811.0","-4.0","43,800","35,425","3,700","300","0.08","0.00","-","816.20","809.76","808.28","804.58","831.61","15,800","11,656","12,017"
"2023/08/07","1,094.0","1,128.0","1,087.0","1,117.0","+30.0","11,600","12,790","3,300","300","0.09","0.00","-","1,091.60","1,035.24","954.99","937.41","911.25","14,780","17,452","14,048"
"2020/07/06","890.0","899.0","888.0","890.0","+1.0","3,500","3,119","1,100","100","0.09","0.00","-","892.40","870.24","815.24","821.61","827.98","4,620","6,280","7,529"
"2023/08/18","1,236.0","1,250.0","1,180.0","1,206.0","-47.0","29,200","35,292","1,000","100","0.10","0.00","-","1,250.60","1,113.68","990.17","964.49","925.37","36,960","28,852","18,092"
"2021/03/26","901.0","904.0","900.0","900.0","-3.0","9,400","8,473","7,200","700","0.10","0.05","-","902.20","897.36","889.77","891.21","892.70","14,260","10,120","9,020"
"2020/09/24","893.0","898.0","889.0","898.0","+9.0","4,000","3,577","4,000","400","0.10","0.00","-","893.00","894.16","890.69","872.95","855.58","3,500","2,660","7,054"
"2020/07/08","897.0","904.0","897.0","901.0","+3.0","1,200","1,080","1,000","100","0.10","0.00","-","893.80","874.88","818.88","821.54","829.16","3,060","5,792","7,401"
"2020/07/07","890.0","898.0","887.0","898.0","+8.0","3,900","3,477","1,000","100","0.10","0.00","-","892.40","872.44","816.95","821.57","828.55","4,760","5,872","7,469"
"2017/11/09","810.0","814.0","808.0","808.0","-3.0","12,300","9,969","4,100","400","0.10","0.00","-","813.80","810.04","808.09","804.71","831.73","16,020","11,996","11,942"
"2024/01/31","1,543.0","1,583.0","1,540.0","1,575.0","+19.0","21,900","34,211","4,600","500","0.11","0.00","-","1,505.80","1,479.00","1,384.36","1,361.00","1,179.00","19,360","20,660","23,260"
"2023/09/05","1,217.0","1,217.0","1,196.0","1,207.0","-3.0","5,600","6,756","900","100","0.11","0.00","-","1,208.20","1,189.44","1,038.69","1,003.54","945.30","8,880","23,668","17,950"
"2023/07/24","1,056.0","1,077.0","1,053.0","1,058.0","+14.0","24,400","25,900","2,800","300","0.11","0.00","-","1,030.80","978.80","927.93","918.77","900.11","16,960","12,852","11,550"
"2022/04/18","860.0","861.0","853.0","858.0","-4.0","5,300","4,552","900","100","0.11","0.05","-","859.20","859.24","879.51","882.63","894.11","3,200","7,808","5,760"
"2022/04/07","853.0","858.0","847.0","848.0","-8.0","5,300","4,506","1,800","200","0.11","0.05","-","852.80","861.16","883.35","885.46","895.80","3,280","8,688","6,754"
"2021/07/29","935.0","935.0","910.0","923.0","-3.0","15,800","14,702","7,000","800","0.11","0.05","-","902.20","906.36","899.15","897.73","895.43","20,240","7,084","4,920"
"2021/07/28","914.0","929.0","905.0","926.0","+17.0","20,900","19,150","5,300","600","0.11","0.05","-","898.60","905.68","898.61","897.46","895.32","18,240","6,624","4,749"
"2020/07/09","900.0","900.0","895.0","895.0","-6.0","1,300","1,167","900","100","0.11","0.00","-","894.60","876.80","821.05","821.40","829.73","2,400","5,772","7,308"
"2024/01/04","1,401.0","1,450.0","1,399.0","1,446.0","+45.0","19,600","27,987","2,500","300","0.12","0.00","-","1,403.20","1,365.80","1,338.68","1,308.78","1,123.10","12,580","31,660","22,257"
"2020/04/10","746.0","766.0","741.0","766.0","+14.0","2,500","1,890","2,600","300","0.12","0.00","-","740.00","752.64","840.05","841.83","814.47","5,220","9,668","10,085"
"2020/04/09","738.0","752.0","738.0","752.0","+21.0","3,200","2,385","2,500","300","0.12","0.00","-","727.40","754.12","841.40","842.39","814.57","6,560","9,788","10,136"
"2020/04/08","725.0","734.0","725.0","731.0","-3.0","3,000","2,183","2,500","300","0.12","0.00","-","721.40","756.12","842.91","843.13","814.72","7,040","9,912","10,181"
"2024/01/30","1,500.0","1,556.0","1,480.0","1,556.0","+81.0","52,300","79,382","3,800","500","0.13","0.00","-","1,480.80","1,474.76","1,381.03","1,357.25","1,175.51","16,720","22,300","23,121"
"2024/01/17","1,501.0","1,516.0","1,474.0","1,478.0","-38.0","29,700","44,374","2,400","300","0.13","0.00","-","1,526.40","1,422.68","1,360.52","1,331.92","1,148.21","30,440","35,444","23,653"
"2023/12/29","1,400.0","1,418.0","1,384.0","1,401.0","+1.0","8,500","11,886","2,400","300","0.13","0.00","-","1,394.60","1,359.92","1,336.00","1,305.49","1,120.36","17,160","31,572","22,146"
"2023/12/28","1,380.0","1,405.0","1,380.0","1,400.0","+20.0","5,200","7,231","2,400","300","0.13","0.00","-","1,409.00","1,355.12","1,334.23","1,302.35","1,117.86","25,480","33,888","22,134"
"2023/12/20","1,388.0","1,442.0","1,383.0","1,441.0","+71.0","73,900","104,496","2,400","300","0.13","0.00","-","1,357.60","1,334.80","1,318.08","1,282.50","1,102.37","53,080","29,372","20,449"
"2023/12/06","1,391.0","1,405.0","1,384.0","1,391.0","0.0","19,500","27,172","2,400","300","0.13","0.00","-","1,343.40","1,339.44","1,299.03","1,250.61","1,079.83","19,000","17,624","16,512"
"2023/09/04","1,204.0","1,229.0","1,196.0","1,210.0","+10.0","12,000","14,587","800","100","0.13","0.00","-","1,207.60","1,184.32","1,034.57","1,000.29","943.62","10,840","25,292","18,022"
"2023/08/02","1,079.0","1,094.0","1,070.0","1,090.0","+9.0","13,800","14,985","3,200","400","0.13","0.00","-","1,089.20","1,018.00","946.84","931.59","907.80","31,720","16,812","13,900"
"2023/01/24","898.0","900.0","897.0","900.0","+2.0","1,300","1,169","1,600","200","0.13","0.00","-","897.80","893.68","878.08","875.90","868.86","3,420","5,984","4,453"
"2022/04/19","863.0","863.0","856.0","856.0","-2.0","3,500","3,016","800","100","0.13","0.00","-","859.20","859.08","878.87","882.27","893.83","3,300","7,752","5,760"
"2023/10/03","1,340.0","1,342.0","1,310.0","1,310.0","-34.0","10,700","14,224","700","100","0.14","0.00","-","1,330.60","1,275.36","1,135.68","1,079.43","986.01","19,320","13,636","18,570"
"2023/09/26","1,305.0","1,313.0","1,280.0","1,290.0","-18.0","7,900","10,231","700","100","0.14","0.00","-","1,311.60","1,248.52","1,108.32","1,058.04","974.48","11,200","13,484","18,368"
"2023/08/31","1,210.0","1,218.0","1,204.0","1,209.0","-6.0","3,100","3,749","700","100","0.14","0.00","-","1,207.60","1,175.76","1,026.32","993.77","940.26","11,440","27,628","18,368"
"2023/05/25","910.0","910.0","906.0","909.0","+1.0","10,300","9,367","700","100","0.14","0.00","-","902.40","900.24","893.91","894.38","884.07","14,000","11,756","9,026"
"2022/04/15","862.0","862.0","859.0","862.0","+1.0","4,100","3,531","700","100","0.14","0.00","-","858.60","859.16","880.13","883.00","894.37","2,480","7,840","5,970"
"2020/12/14","903.0","903.0","899.0","900.0","+2.0","2,300","2,072","700","100","0.14","0.00","-","899.60","895.20","898.56","899.61","860.40","6,280","3,656","3,536"
"2020/12/11","900.0","900.0","897.0","898.0","-2.0","1,900","1,708","700","100","0.14","0.00","-","899.60","895.20","898.65","899.60","860.38","6,820","3,708","3,608"
"2024/01/18","1,478.0","1,514.0","1,478.0","1,514.0","+36.0","7,300","10,972","2,600","400","0.15","0.00","-","1,522.60","1,430.28","1,363.51","1,334.76","1,151.33","23,920","33,416","23,645"
"2022/09/20","874.0","874.0","868.0","870.0","+1.0","3,800","3,313","1,300","200","0.15","0.00","-","873.40","873.88","870.67","864.53","872.67","3,060","2,488","5,934"
"2022/09/15","879.0","879.0","871.0","873.0","-2.0","4,300","3,771","1,300","200","0.15","0.00","-","871.80","875.72","870.20","864.08","872.95","3,120","2,356","5,868"
"2022/09/13","878.0","880.0","875.0","880.0","+10.0","1,200","1,052","1,300","200","0.15","0.00","-","867.80","876.36","869.64","863.70","873.17","2,000","2,252","5,801"
"2021/08/17","921.0","921.0","917.0","921.0","0.0","3,400","3,130","4,000","600","0.15","0.05","-","916.60","907.84","901.84","899.38","895.36","2,960","6,908","4,672"
"2015/03/26","703.0","703.0","695.0","700.0","-4.0","42,200","29,546","19,700","3,000","0.15","0.65","-","717.60","683.48","586.11","564.94","533.75","38,780","26,260","20,098"
"2023/12/22","1,469.0","1,518.0","1,458.0","1,473.0","+4.0","50,100","74,581","3,100","500","0.16","0.00","-","1,417.20","1,343.44","1,325.17","1,289.96","1,108.09","57,100","33,112","21,676"
"2020/07/28","925.0","936.0","923.0","936.0","+20.0","30,800","28,541","1,900","300","0.16","0.00","-","910.00","898.12","843.52","823.49","836.18","19,460","11,240","8,204"
"2024/01/29","1,459.0","1,475.0","1,459.0","1,475.0","+12.0","4,500","6,590","3,000","500","0.17","0.00","-","1,462.80","1,470.16","1,377.63","1,353.78","1,172.10","8,320","23,164","22,580"
"2024/01/19","1,515.0","1,515.0","1,487.0","1,499.0","-15.0","5,100","7,638","2,300","400","0.17","0.00","-","1,512.40","1,438.32","1,365.72","1,337.90","1,154.37","18,080","31,136","23,664"
"2023/12/04","1,310.0","1,339.0","1,310.0","1,337.0","+39.0","18,900","25,120","1,800","300","0.17","0.00","-","1,305.40","1,334.48","1,295.55","1,242.60","1,074.86","10,780","16,364","16,650"
"2023/10/25","1,326.0","1,332.0","1,311.0","1,311.0","-5.0","11,100","14,711","600","100","0.17","-","-","1,311.60","1,314.16","1,207.19","1,139.93","1,017.74","10,200","17,628","19,893"
"2023/10/06","1,313.0","1,314.0","1,291.0","1,301.0","-10.0","11,700","15,223","600","100","0.17","0.00","-","1,309.20","1,285.92","1,150.39","1,091.22","992.33","18,880","14,284","18,338"
"2023/10/05","1,283.0","1,322.0","1,283.0","1,311.0","+31.0","14,500","18,992","600","100","0.17","0.00","-","1,319.00","1,282.24","1,145.59","1,087.29","990.21","24,080","13,940","18,405"
"2023/10/04","1,298.0","1,305.0","1,270.0","1,280.0","-30.0","23,200","29,944","600","100","0.17","0.00","-","1,320.00","1,278.40","1,140.45","1,083.23","988.06","23,220","13,948","18,686"
"2023/04/13","889.0","890.0","885.0","887.0","-2.0","4,400","3,906","600","100","0.17","0.00","-","883.20","885.84","892.25","887.29","880.08","7,280","8,496","5,814"
"2022/09/22","876.0","877.0","871.0","875.0","+6.0","7,000","6,127","1,800","300","0.17","0.00","-","871.20","872.48","871.13","865.06","872.48","4,400","2,556","6,036"
"2022/04/20","857.0","857.0","854.0","854.0","-2.0","2,200","1,883","600","100","0.17","0.00","-","858.20","858.68","878.27","881.81","893.55","3,540","7,524","5,761"
"2021/07/30","911.0","917.0","907.0","907.0","-16.0","8,500","7,738","4,600","800","0.17","0.05","-","906.60","906.28","899.47","897.82","895.33","16,380","7,208","5,002"
"2020/03/30","751.0","775.0","740.0","762.0","-16.0","20,100","15,261","1,800","300","0.17","0.00","-","769.80","789.60","855.09","848.79","816.68","14,940","11,196","10,437"
"2023/12/05","1,340.0","1,392.0","1,340.0","1,391.0","+54.0","36,100","49,516","2,200","400","0.18","0.00","-","1,325.00","1,336.40","1,297.19","1,246.63","1,077.36","16,540","17,228","16,561"
"2023/09/07","1,206.0","1,230.0","1,202.0","1,226.0","+20.0","9,200","11,233","1,100","200","0.18","0.00","-","1,209.80","1,199.88","1,047.16","1,010.10","948.70","8,520","22,988","17,692"
"2023/09/06","1,206.0","1,210.0","1,201.0","1,206.0","-1.0","6,800","8,204","1,100","200","0.18","0.00","-","1,206.40","1,194.44","1,042.81","1,006.71","946.94","7,300","23,172","17,654"
"2023/08/03","1,075.0","1,090.0","1,075.0","1,083.0","-7.0","15,500","16,771","3,300","600","0.18","0.00","-","1,087.00","1,023.40","949.39","933.37","908.91","27,720","17,132","13,998"
"2021/08/31","911.0","911.0","906.0","909.0","-3.0","800","727","4,000","700","0.18","0.05","-","910.40","914.48","904.81","901.94","896.05","2,620","5,464","4,733"
"2021/08/16","920.0","921.0","915.0","921.0","-2.0","4,500","4,137","3,300","600","0.18","0.05","-","913.80","907.00","901.56","899.17","895.34","2,600","6,988","4,710"
"2021/08/02","908.0","916.0","908.0","914.0","+7.0","2,100","1,911","3,400","600","0.18","0.05","-","915.80","906.36","899.81","897.97","895.28","13,620","7,136","4,945"
"2021/03/25","906.0","906.0","900.0","903.0","-1.0","12,500","11,302","5,100","900","0.18","0.05","-","902.20","896.72","889.81","891.28","892.40","14,440","9,888","8,914"
"2017/11/20","806.0","815.0","806.0","808.0","+3.0","3,000","2,424","2,800","500","0.18","0.00","-","807.00","811.60","804.37","805.62","830.99","10,500","12,740","10,838"
"2017/11/17","808.0","808.0","805.0","805.0","0.0","7,900","6,378","2,800","500","0.18","0.00","-","807.40","811.52","804.69","805.45","831.04","10,900","12,988","10,924"
"2023/12/26","1,403.0","1,411.0","1,389.0","1,389.0","-14.0","8,300","11,621","2,600","500","0.19","0.00","-","1,435.00","1,348.88","1,330.23","1,296.28","1,113.01","47,540","34,168","22,188"
"2023/12/25","1,498.0","1,503.0","1,381.0","1,403.0","-70.0","42,500","61,610","2,600","500","0.19","0.00","-","1,431.20","1,345.68","1,327.79","1,293.20","1,110.59","60,440","34,500","22,168"
"2021/08/30","913.0","913.0","907.0","912.0","+8.0","1,100","1,003","3,600","700","0.19","0.05","-","914.40","912.84","904.56","901.62","896.01","3,120","6,068","4,760"
"2020/04/06","733.0","733.0","700.0","717.0","+14.0","15,300","11,097","2,700","500","0.19","0.00","-","732.20","763.40","846.49","845.09","815.29","7,380","10,144","10,277"
"2019/03/26","902.0","907.0","897.0","901.0","-3.0","22,700","20,476","5,300","1,000","0.19","0.00","-","919.60","926.40","891.92","888.66","890.48","11,000","6,012","8,952"
"2023/12/27","1,403.0","1,405.0","1,378.0","1,380.0","-9.0","21,300","29,571","2,500","500","0.20","0.00","-","1,422.80","1,351.08","1,332.28","1,299.18","1,115.39","37,020","34,716","22,349"
"2023/10/16","1,296.0","1,306.0","1,268.0","1,300.0","-5.0","26,400","34,181","1,000","200","0.20","0.00","-","1,312.20","1,306.40","1,174.76","1,111.97","1,002.95","13,220","15,224","18,341"
"2023/08/22","1,207.0","1,213.0","1,171.0","1,185.0","-45.0","23,000","27,464","1,000","200","0.20","0.00","-","1,228.40","1,130.28","998.28","970.84","928.71","26,260","29,244","18,493"
"2022/06/27","860.0","860.0","850.0","851.0","-9.0","3,800","3,254","1,000","200","0.20","0.00","-","852.20","853.00","853.19","860.49","880.21","7,560","3,028","5,398"
"2022/05/25","852.0","853.0","849.0","849.0","-2.0","4,900","4,174","500","100","0.20","0.00","-","847.60","846.76","861.89","872.16","887.22","4,160","5,088","6,386"
"2021/08/27","904.0","910.0","902.0","904.0","-6.0","4,800","4,355","3,500","700","0.20","0.05","-","915.80","911.76","904.37","901.20","895.99","3,180","7,136","4,772"
"2020/06/25","900.0","901.0","898.0","900.0","0.0","24,000","21,600","1,500","300","0.20","0.00","-","891.20","857.52","803.12","821.93","824.22","10,260","6,844","8,194"
"2020/04/07","725.0","736.0","725.0","734.0","+17.0","2,100","1,534","2,500","500","0.20","0.00","-","726.80","759.68","844.73","844.09","815.02","7,100","9,936","10,274"
"2017/11/16","804.0","807.0","801.0","805.0","+1.0","11,000","8,849","2,500","500","0.20","0.00","-","808.20","811.36","805.29","805.31","831.15","10,440","12,788","10,953"
"2024/01/22","1,498.0","1,510.0","1,490.0","1,490.0","-9.0","7,700","11,528","2,400","500","0.21","0.00","-","1,499.40","1,445.16","1,368.04","1,340.93","1,157.38","13,360","29,992","23,630"
"2023/11/17","1,358.0","1,358.0","1,321.0","1,347.0","-11.0","7,800","10,448","1,400","300","0.21","0.00","-","1,364.60","1,338.20","1,275.71","1,208.50","1,054.24","8,440","17,652","18,557"
"2023/11/15","1,374.0","1,383.0","1,350.0","1,368.0","-5.0","11,500","15,676","1,400","300","0.21","0.00","-","1,357.20","1,335.24","1,268.72","1,200.41","1,049.66","12,220","17,692","19,548"
"2020/07/29","940.0","943.0","934.0","938.0","+2.0","26,100","24,520","4,700","1,000","0.21","0.00","-","918.60","899.68","846.24","824.60","837.02","23,960","11,740","8,524"
"2021/08/24","924.0","929.0","922.0","929.0","+10.0","3,300","3,056","6,500","1,400","0.22","0.05","-","923.20","911.24","903.89","900.43","895.82","4,860","7,376","4,780"
"2024/01/26","1,467.0","1,467.0","1,451.0","1,463.0","+3.0","5,900","8,596","3,000","700","0.23","0.00","-","1,465.80","1,465.96","1,375.44","1,351.18","1,169.09","8,960","25,896","22,713"
"2023/12/21","1,435.0","1,475.0","1,424.0","1,469.0","+28.0","62,900","91,669","3,100","700","0.23","0.00","-","1,389.00","1,338.84","1,321.67","1,286.25","1,105.22","54,220","31,428","21,168"
"2023/11/16","1,352.0","1,362.0","1,340.0","1,358.0","-10.0","8,000","10,810","1,300","300","0.23","0.00","-","1,363.40","1,336.68","1,272.13","1,204.48","1,051.98","9,420","17,840","19,069"
"2023/11/14","1,391.0","1,391.0","1,361.0","1,373.0","-4.0","7,600","10,442","1,300","300","0.23","0.00","-","1,353.40","1,333.52","1,265.07","1,196.17","1,047.31","16,740","17,692","19,868"
"2022/09/21","873.0","873.0","869.0","869.0","-1.0","3,100","2,698","1,300","300","0.23","0.00","-","871.20","873.04","870.88","864.75","872.55","3,440","2,396","5,952"
"2021/08/26","916.0","919.0","908.0","910.0","-7.0","600","548","6,000","1,400","0.23","0.05","-","917.80","911.80","904.28","900.90","895.91","3,440","7,176","4,722"
"2020/03/31","762.0","774.0","753.0","761.0","-1.0","3,500","2,682","1,300","300","0.23","0.00","-","768.60","784.00","853.92","848.47","816.51","14,160","11,036","10,428"
"2021/08/25","923.0","923.0","909.0","917.0","-12.0","5,800","5,339","5,900","1,400","0.24","0.05","-","920.40","911.60","904.12","900.58","895.88","4,660","7,340","4,760"
"2021/08/23","916.0","923.0","916.0","919.0","+5.0","1,400","1,288","5,900","1,400","0.24","0.05","-","921.60","910.20","903.39","900.14","895.71","4,880","7,464","4,793"
"2023/04/12","882.0","890.0","881.0","889.0","+7.0","21,700","19,290","400","100","0.25","0.00","-","880.40","886.56","892.37","887.16","879.87","6,660","8,388","6,026"
"2023/04/11","881.0","883.0","878.0","882.0","+2.0","4,000","3,522","400","100","0.25","0.00","-","877.20","887.20","892.43","887.05","879.69","2,980","7,672","6,225"
"2022/12/20","899.0","899.0","886.0","894.0","+15.0","23,200","20,776","800","200","0.25","0.00","-","881.20","870.92","870.51","874.02","865.69","10,080","5,284","3,685"
"2022/11/17","874.0","874.0","868.0","874.0","0.0","3,800","3,317","400","100","0.25","0.00","-","873.00","873.20","874.19","873.14","867.47","2,900","3,364","2,914"
"2022/06/17","857.0","857.0","854.0","857.0","0.0","2,900","2,484","400","100","0.25","0.00","-","855.20","850.72","855.09","863.66","882.05","2,860","3,588","5,328"
"2021/08/20","920.0","920.0","907.0","914.0","-9.0","6,100","5,575","5,600","1,400","0.25","0.05","-","922.00","910.04","903.04","899.98","895.62","5,500","7,520","4,860"
"2021/08/03","918.0","918.0","905.0","910.0","-4.0","3,400","3,098","2,400","600","0.25","0.05","-","916.00","906.36","900.08","898.13","895.31","10,140","6,444","4,941"
"2020/12/09","903.0","904.0","888.0","898.0","-4.0","8,700","7,806","400","100","0.25","0.00","-","900.00","895.60","898.75","899.54","860.34","4,080","3,112","3,406"
"2020/12/08","902.0","904.0","898.0","902.0","+2.0","2,900","2,613","400","100","0.25","0.00","-","900.40","895.24","898.81","899.27","860.34","3,040","3,228","3,325"
"2020/12/07","899.0","900.0","897.0","900.0","-3.0","5,000","4,493","400","100","0.25","0.00","-","899.60","895.32","898.83","899.40","860.40","2,760","3,252","3,330"
"2020/04/01","761.0","772.0","757.0","758.0","-3.0","3,300","2,515","1,200","300","0.25","0.00","-","766.00","778.68","852.60","848.10","816.34","12,760","10,620","10,333"
"2017/11/21","809.0","811.0","808.0","808.0","0.0","6,500","5,260","2,700","700","0.26","0.00","-","806.00","811.76","804.11","805.77","830.87","9,420","12,028","10,876"
"2023/08/25","1,193.0","1,199.0","1,186.0","1,192.0","-8.0","16,200","19,319","1,100","300","0.27","0.00","-","1,198.80","1,151.36","1,009.91","980.33","933.51","19,620","29,788","19,145"
"2023/08/01","1,079.0","1,089.0","1,075.0","1,081.0","+2.0","19,200","20,748","3,000","800","0.27","0.00","-","1,084.80","1,012.28","944.13","929.74","906.69","33,780","16,644","13,774"
"2021/08/04","906.0","913.0","905.0","905.0","-5.0","1,000","909","2,200","600","0.27","0.05","-","911.80","906.52","900.29","898.19","895.37","6,160","6,384","4,937"
"2021/07/27","880.0","912.0","872.0","909.0","+41.0","20,800","18,489","2,200","600","0.27","0.05","-","894.40","904.64","898.09","897.15","895.20","15,000","5,868","4,529"
"2021/08/19","924.0","927.0","917.0","923.0","-8.0","6,700","6,183","5,000","1,400","0.28","0.05","-","923.80","909.56","902.75","899.88","895.56","4,880","7,336","4,788"
"2017/11/24","810.0","810.0","808.0","810.0","+1.0","6,000","4,858","1,800","500","0.28","0.00","-","808.00","812.12","804.11","806.14","830.76","5,660","11,860","10,381"
"2023/12/07","1,391.0","1,404.0","1,367.0","1,404.0","+13.0","21,000","29,238","2,100","600","0.29","0.00","-","1,364.20","1,342.72","1,301.67","1,254.67","1,082.36","22,600","18,116","16,402"
"2023/08/30","1,201.0","1,215.0","1,187.0","1,215.0","+11.0","14,700","17,690","700","200","0.29","0.00","-","1,205.80","1,170.12","1,022.31","990.41","938.54","13,540","28,468","18,438"
"2022/07/28","910.0","910.0","893.0","900.0","+9.0","20,600","18,674","2,400","700","0.29","0.00","-","890.20","870.00","856.72","857.83","876.39","21,320","12,560","6,600"
"2015/06/16","734.0","734.0","722.0","734.0","+3.0","19,100","13,972","4,500","1,300","0.29","0.00","-","728.60","725.28","708.25","674.09","593.18","7,960","7,988","16,084"
"2021/03/24","899.0","908.0","899.0","904.0","+3.0","17,700","15,989","3,600","1,100","0.31","0.05","-","901.20","896.04","889.73","891.25","892.10","16,220","9,584","8,778"
"2021/03/23","903.0","904.0","898.0","901.0","-2.0","11,900","10,714","3,600","1,100","0.31","0.05","-","899.80","895.40","889.68","891.24","891.81","14,700","9,180","8,589"
"2023/07/31","1,097.0","1,100.0","1,079.0","1,079.0","-23.0","46,200","50,381","3,100","1,000","0.32","0.00","-","1,081.80","1,006.88","941.57","927.98","905.63","36,840","16,208","13,808"
"2023/11/21","1,322.0","1,330.0","1,305.0","1,325.0","+16.0","7,600","10,020","1,500","500","0.33","0.00","-","1,341.40","1,339.36","1,281.88","1,215.91","1,058.47","10,300","17,108","18,440"
"2023/10/11","1,322.0","1,324.0","1,309.0","1,322.0","-3.0","4,300","5,678","600","200","0.33","0.00","-","1,307.80","1,295.40","1,160.41","1,099.78","996.79","13,040","14,076","18,237"
"2023/08/24","1,167.0","1,200.0","1,167.0","1,200.0","+13.0","13,600","16,159","900","300","0.33","0.00","-","1,201.60","1,144.92","1,006.03","977.12","931.92","22,220","29,780","18,993"
"2023/08/23","1,166.0","1,200.0","1,158.0","1,187.0","+2.0","32,200","38,054","900","300","0.33","0.00","-","1,212.20","1,137.72","1,002.04","973.82","930.27","24,140","30,048","18,870"
"2023/08/21","1,190.0","1,243.0","1,190.0","1,230.0","+24.0","13,100","16,022","900","300","0.33","0.00","-","1,241.60","1,122.88","994.55","967.89","927.14","32,680","28,740","18,217"
"2023/04/10","878.0","880.0","878.0","880.0","+2.0","2,600","2,285","300","100","0.33","0.00","-","876.40","888.00","892.59","886.95","879.56","4,020","7,940","6,481"
"2023/04/07","873.0","880.0","871.0","878.0","+5.0","3,700","3,242","300","100","0.33","0.00","-","876.00","888.80","892.57","886.82","879.45","5,240","7,988","6,514"
"2022/12/22","902.0","903.0","887.0","896.0","+3.0","20,300","18,253","300","100","0.33","0.00","-","887.60","872.40","871.08","874.00","865.80","18,280","7,288","4,401"
"2022/12/21","894.0","904.0","892.0","893.0","-1.0","36,600","32,777","300","100","0.33","0.00","-","883.80","871.52","870.79","873.95","865.72","15,640","6,620","4,156"
"2022/08/15","894.0","894.0","891.0","894.0","+3.0","3,000","2,682","600","200","0.33","-","-","886.60","878.92","861.41","860.31","875.63","2,680","7,272","6,442"
"2021/03/30","881.0","884.0","872.0","878.0","-24.0","16,100","14,167","4,800","1,600","0.33","0.05","-","897.40","897.52","889.48","890.92","893.16","18,360","11,896","9,610"
"2020/06/05","849.0","849.0","841.0","841.0","-6.0","1,900","1,607","900","300","0.33","0.00","-","843.20","822.48","801.95","826.54","818.73","4,760","6,552","8,798"
"2020/06/04","841.0","847.0","840.0","847.0","+7.0","1,800","1,519","900","300","0.33","0.00","-","844.20","819.72","802.93","827.05","818.46","4,580","6,824","8,857"
"2020/06/03","841.0","844.0","829.0","840.0","-3.0","3,200","2,682","900","300","0.33","0.00","-","844.00","817.00","803.76","827.35","818.17","4,480","7,832","8,930"
"2020/06/02","845.0","848.0","840.0","843.0","-2.0","14,100","11,894","900","300","0.33","0.00","-","846.20","815.24","804.61","827.70","817.94","4,440","7,924","8,930"
"2020/06/01","846.0","850.0","842.0","845.0","-1.0","2,800","2,371","900","300","0.33","0.00","-","848.20","813.24","805.40","828.02","817.74","2,260","7,532","8,836"
"2020/05/29","846.0","846.0","841.0","846.0","0.0","1,000","845","900","300","0.33","0.00","-","850.80","811.28","806.07","828.47","817.49","6,400","7,548","9,008"
"2020/05/28","851.0","851.0","843.0","846.0","-5.0","1,300","1,100","900","300","0.33","0.00","-","847.60","809.32","807.00","828.91","817.28","8,360","7,676","9,142"
"2020/05/27","843.0","851.0","843.0","851.0","-2.0","3,000","2,548","900","300","0.33","0.00","-","843.00","806.96","807.84","829.25","817.10","8,220","7,956","9,321"
"2020/05/26","841.0","854.0","841.0","853.0","-5.0","3,200","2,714","900","300","0.33","0.00","-","836.00","804.44","808.29","829.45","816.84","8,420","8,296","9,404"
"2017/11/27","810.0","812.0","810.0","810.0","0.0","2,100","1,702","1,800","600","0.33","0.00","-","809.00","812.28","804.36","806.33","830.63","4,500","11,708","9,980"
"2021/08/13","917.0","925.0","913.0","923.0","+12.0","3,000","2,762","1,700","600","0.35","0.00","-","910.60","906.48","901.29","898.94","895.30","1,920","6,848","4,744"
"2021/08/05","905.0","907.0","899.0","905.0","0.0","9,200","8,314","1,700","600","0.35","0.00","-","908.20","906.44","900.49","898.26","895.37","4,840","6,724","5,021"
"2015/03/18","750.0","760.0","724.0","750.0","-13.0","48,800","36,244","8,300","2,900","0.35","0.00","-","741.40","653.08","568.80","551.81","525.90","39,060","21,400","17,794"
"2014/03/26","502.0","507.0","502.0","504.0","-5.0","24,600","12,374","23,600","8,300","0.35","8.00","-","-","-","-","-","-","-","-","-"
"2023/09/13","1,254.0","1,265.0","1,237.0","1,265.0","+20.0","8,500","10,633","1,400","500","0.36","0.00","-","1,251.60","1,223.64","1,065.67","1,024.73","956.48","11,580","20,612","17,781"
"2022/04/12","855.0","859.0","853.0","856.0","+1.0","3,000","2,568","1,100","400","0.36","0.00","-","852.60","859.00","881.64","884.05","895.00","3,640","8,208","6,650"
"2021/08/10","914.0","914.0","903.0","907.0","+2.0","1,600","1,450","1,600","600","0.38","0.00","-","906.40","906.12","900.68","898.45","895.37","3,260","6,656","4,832"
"2021/08/06","904.0","906.0","901.0","905.0","0.0","1,100","994","1,600","600","0.38","0.00","-","907.80","906.36","900.57","898.37","895.41","3,360","6,720","4,909"
"2024/02/01","1,575.0","1,681.0","1,575.0","1,677.0","+102.0","53,900","88,394","5,700","2,200","0.39","0.00","-","1,549.20","1,487.16","1,389.09","1,365.67","1,182.98","27,700","20,812","23,921"
"2023/08/08","1,127.0","1,180.0","1,101.0","1,151.0","+34.0","67,200","76,405","5,400","2,100","0.39","0.00","-","1,105.60","1,042.28","958.43","940.02","912.64","24,380","19,876","14,872"
"2022/04/13","859.0","859.0","855.0","859.0","+3.0","1,000","858","1,000","400","0.40","0.00","-","853.20","859.08","881.15","883.64","894.78","2,880","7,884","6,366"
"2021/04/01","874.0","874.0","869.0","870.0","-4.0","9,800","8,539","4,200","1,700","0.40","0.05","-","884.80","895.68","888.76","890.40","893.42","14,980","11,912","9,464"
"2020/04/14","809.0","809.0","790.0","809.0","+12.0","9,300","7,478","1,000","400","0.40","0.00","-","771.00","754.44","838.57","841.46","814.67","6,800","10,020","10,238"
"2018/03/20","843.0","844.0","841.0","842.0","0.0","4,500","3,791","500","200","0.40","0.00","-","845.40","843.16","838.87","832.22","817.03","9,160","8,476","9,921"
"2018/03/19","850.0","850.0","842.0","842.0","-3.0","10,100","8,552","500","200","0.40","0.00","-","847.00","841.92","838.43","831.89","816.77","9,220","8,644","9,912"
"2018/03/14","852.0","853.0","850.0","853.0","+3.0","2,000","1,703","500","200","0.40","0.00","-","850.80","838.60","837.05","830.73","816.02","6,100","8,584","9,561"
"2021/04/08","883.0","883.0","880.0","883.0","0.0","2,300","2,030","3,400","1,400","0.41","0.05","-","882.80","892.88","887.68","889.69","894.18","5,300","11,652","9,529"
"2021/04/07","879.0","886.0","879.0","883.0","-4.0","3,000","2,646","3,400","1,400","0.41","0.05","-","880.20","893.48","887.89","889.73","894.05","6,800","11,792","9,573"
"2017/03/28","980.0","996.0","978.0","994.0","+14.0","59,300","58,451","16,800","7,100","0.42","0.00","-","963.20","926.44","836.32","796.95","694.45","43,640","39,084","34,010"
"2023/10/31","1,314.0","1,329.0","1,310.0","1,322.0","+7.0","8,700","11,459","700","300","0.43","0.00","-","1,325.80","1,316.16","1,225.32","1,156.54","1,026.39","10,700","17,400","19,981"
"2023/09/21","1,317.0","1,330.0","1,300.0","1,317.0","0.0","12,800","16,857","700","300","0.43","0.00","-","1,319.60","1,239.12","1,092.55","1,045.87","967.86","18,480","15,008","18,376"
"2023/09/01","1,209.0","1,209.0","1,194.0","1,200.0","-9.0","9,000","10,814","700","300","0.43","0.00","-","1,209.20","1,180.00","1,030.35","996.99","941.91","10,000","26,568","18,041"
"2023/08/29","1,211.0","1,227.0","1,199.0","1,204.0","-14.0","15,400","18,642","700","300","0.43","0.00","-","1,200.20","1,164.16","1,018.17","986.99","936.82","17,040","29,260","18,561"
"2023/08/28","1,192.0","1,225.0","1,192.0","1,218.0","+26.0","7,800","9,467","700","300","0.43","0.00","-","1,196.40","1,158.32","1,014.12","983.73","935.20","18,560","29,620","18,972"
"2021/08/11","902.0","908.0","902.0","907.0","0.0","1,800","1,630","1,400","600","0.43","0.00","-","905.80","905.84","900.79","898.56","895.31","2,940","6,692","4,788"
"2020/07/30","937.0","939.0","924.0","925.0","-13.0","6,300","5,873","3,000","1,300","0.43","0.00","-","923.20","901.04","848.83","825.65","837.80","23,240","11,772","8,568"
"2020/05/25","830.0","860.0","830.0","858.0","+28.0","23,500","19,706","700","300","0.43","0.00","-","829.80","802.48","808.91","829.55","816.57","10,760","8,432","9,460"
"2020/05/21","826.0","826.0","821.0","823.0","+7.0","600","494","700","300","0.43","0.00","-","821.00","799.20","810.07","829.84","816.17","8,780","8,072","9,065"
"2020/05/20","824.0","833.0","816.0","816.0","-6.0","4,000","3,297","700","300","0.43","0.00","-","814.40","796.92","811.04","830.28","816.07","10,700","8,148","9,100"
"2020/05/19","834.0","834.0","820.0","822.0","-21.0","14,900","12,374","700","300","0.43","0.00","-","807.60","794.36","812.17","830.77","815.96","13,240","8,116","9,100"
"2020/05/15","798.0","801.0","787.0","801.0","+11.0","5,900","4,697","700","300","0.43","0.00","-","794.00","786.36","814.08","831.46","815.54","9,100","6,984","8,809"
"2020/05/14","782.0","790.0","778.0","790.0","+8.0","10,200","7,998","700","300","0.43","0.00","-","794.60","783.00","815.48","832.11","815.51","8,080","7,360","8,761"
"2023/10/13","1,305.0","1,306.0","1,294.0","1,305.0","-4.0","11,400","14,838","900","400","0.44","0.00","-","1,312.40","1,303.44","1,170.05","1,107.97","1,000.93","10,280","14,536","18,117"
"2022/08/01","896.0","898.0","888.0","889.0","-6.0","5,000","4,455","1,800","800","0.44","0.00","-","895.00","872.64","857.80","858.20","876.30","16,320","11,980","6,645"
"2021/03/22","903.0","905.0","900.0","903.0","+3.0","19,800","17,868","3,600","1,600","0.44","0.05","-","899.40","895.00","889.64","891.26","891.53","16,520","9,052","8,450"
"2024/02/02","1,650.0","1,651.0","1,574.0","1,577.0","-100.0","56,400","89,946","4,800","2,200","0.46","0.00","-","1,572.00","1,494.12","1,392.67","1,369.37","1,186.46","37,800","21,368","24,506"
"2023/10/18","1,296.0","1,359.0","1,289.0","1,343.0","+54.0","68,700","90,758","1,300","600","0.46","0.00","-","1,309.20","1,310.80","1,184.57","1,120.12","1,007.25","34,380","18,932","19,754"
"2014/03/25","510.0","510.0","503.0","509.0","0.0","9,000","4,571","5,600","2,600","0.46","0.05","-","-","-","-","-","-","-","-","-"
"2021/03/31","878.0","880.0","874.0","874.0","-4.0","3,500","3,069","3,600","1,700","0.47","0.05","-","891.40","896.88","889.16","890.77","893.30","15,520","11,880","9,541"
"2017/11/22","810.0","810.0","807.0","809.0","+1.0","4,900","3,962","1,500","700","0.47","0.00","-","807.00","811.88","803.93","805.95","830.78","6,660","11,852","10,817"
"2017/02/27","897.0","916.0","892.0","910.0","+20.0","49,200","44,490","9,300","4,400","0.47","0.00","-","887.80","847.96","769.79","728.21","665.22","51,760","41,468","31,078"
"2023/11/20","1,317.0","1,328.0","1,292.0","1,309.0","-38.0","16,600","21,702","1,400","700","0.50","0.00","-","1,351.00","1,338.36","1,278.75","1,212.13","1,056.31","10,300","17,860","18,522"
"2023/05/29","913.0","917.0","910.0","915.0","+3.0","7,500","6,853","200","100","0.50","-","-","908.80","901.92","894.56","894.83","884.34","9,680","11,884","9,221"
"2023/02/09","896.0","896.0","891.0","893.0","+3.0","8,500","7,591","400","200","0.50","-","-","890.20","895.44","882.00","878.82","871.15","10,360","3,964","4,917"
"2022/12/09","873.0","873.0","868.0","869.0","-4.0","16,900","14,739","200","100","0.50","-","-","869.20","869.36","870.20","873.65","865.90","5,840","4,748","3,188"
"2022/11/18","874.0","874.0","870.0","871.0","-3.0","1,600","1,396","200","100","0.50","-","-","873.80","873.40","873.87","873.27","867.32","2,880","3,388","2,889"
"2022/11/15","877.0","878.0","872.0","878.0","+6.0","3,200","2,804","200","100","0.50","-","-","870.40","872.48","874.76","872.58","867.83","3,320","3,348","3,469"
"2022/08/23","879.0","880.0","876.0","880.0","+1.0","700","615","400","200","0.50","-","-","883.20","885.12","864.44","861.45","875.19","1,860","6,992","6,424"
"2022/08/22","878.0","879.0","872.0","879.0","+1.0","2,300","2,011","400","200","0.50","-","-","885.20","884.52","863.99","861.29","875.27","2,800","7,176","6,440"
"2022/08/19","888.0","888.0","878.0","878.0","-12.0","2,700","2,383","400","200","0.50","-","-","888.20","884.00","863.59","861.12","875.35","2,940","7,360","6,434"
"2022/08/18","892.0","892.0","886.0","890.0","+1.0","600","534","400","200","0.50","-","-","890.80","883.16","863.20","861.01","875.44","2,660","7,440","6,420"
"2022/08/17","896.0","896.0","884.0","889.0","-1.0","3,000","2,681","400","200","0.50","-","-","889.60","881.68","862.59","860.76","875.50","2,920","7,500","6,438"
"2022/08/16","893.0","894.0","882.0","890.0","-4.0","5,400","4,810","400","200","0.50","-","-","887.80","880.32","861.99","860.54","875.56","2,720","7,412","6,421"
"2022/08/12","891.0","891.0","887.0","891.0","+7.0","1,300","1,156","400","200","0.50","-","-","886.20","877.24","860.81","860.04","875.64","3,080","7,368","6,462"
"2022/06/21","853.0","861.0","845.0","845.0","-7.0","7,700","6,594","200","100","0.50","0.00","-","853.00","851.44","854.16","862.45","881.31","4,100","3,644","5,344"
"2022/06/15","854.0","854.0","850.0","854.0","0.0","3,100","2,647","400","200","0.50","0.00","-","854.20","849.28","855.75","864.67","882.65","2,180","3,808","5,742"
"2022/06/14","854.0","854.0","847.0","854.0","0.0","2,900","2,469","200","100","0.50","0.00","-","854.20","848.88","856.13","865.15","882.99","1,780","3,744","5,725"
"2022/06/10","854.0","855.0","850.0","855.0","+1.0","2,400","2,044","200","100","0.50","0.00","-","855.00","848.08","856.99","866.12","883.71","1,340","3,708","5,753"
"2022/06/09","854.0","856.0","854.0","854.0","0.0","1,300","1,111","200","100","0.50","0.00","-","854.60","847.72","857.39","866.65","884.04","1,220","3,688","5,769"
"2022/05/30","847.0","853.0","847.0","853.0","+6.0","1,100","935","200","100","0.50","0.00","-","850.20","845.76","860.51","870.59","886.26","1,900","4,680","6,296"
"2022/05/16","842.0","842.0","833.0","839.0","0.0","5,300","4,450","200","100","0.50","0.00","-","840.80","849.40","867.03","875.64","889.17","4,040","3,724","5,905"
"2022/03/08","866.0","867.0","855.0","857.0","-9.0","9,100","7,835","200","100","0.50","0.00","-","869.20","881.08","891.83","893.58","899.42","7,020","6,164","5,862"
"2021/04/06","886.0","887.0","884.0","887.0","+3.0","4,400","3,897","3,400","1,700","0.50","0.05","-","878.40","894.00","888.12","889.88","893.93","6,900","11,812","9,621"
"2021/04/05","878.0","887.0","878.0","884.0","+7.0","6,600","5,829","3,400","1,700","0.50","0.05","-","876.60","894.32","888.27","890.00","893.75","9,240","11,944","9,632"
"2021/04/02","865.0","882.0","865.0","877.0","+7.0","10,200","8,909","3,400","1,700","0.50","0.05","-","880.20","894.92","888.48","890.16","893.58","15,140","11,960","9,574"
"2020/04/02","743.0","752.0","722.0","722.0","-36.0","5,600","4,132","800","400","0.50","0.00","-","756.20","773.04","850.80","847.38","816.03","12,360","10,536","10,328"
"2020/03/17","757.0","770.0","746.0","770.0","+14.0","8,400","6,370","600","300","0.50","0.00","-","757.40","835.44","864.67","850.36","818.39","12,440","10,256","9,601"
"2018/03/15","851.0","852.0","836.0","845.0","-8.0","21,800","18,399","400","200","0.50","0.00","-","849.60","839.48","837.53","831.12","816.25","9,800","9,144","9,786"
"2021/08/18","923.0","931.0","920.0","931.0","+10.0","6,800","6,298","4,800","2,500","0.52","0.05","-","921.40","908.84","902.28","899.66","895.46","3,960","7,088","4,733"
"2021/03/17","900.0","905.0","895.0","897.0","-2.0","10,100","9,077","2,300","1,200","0.52","0.05","-","897.00","892.28","889.28","891.66","890.78","13,740","7,832","7,805"
"2020/03/26","775.0","775.0","770.0","771.0","0.0","7,600","5,876","2,100","1,100","0.52","0.00","-","753.60","799.80","857.21","849.19","816.96","9,700","9,500","9,838"
"2023/11/24","1,303.0","1,303.0","1,265.0","1,281.0","-18.0","66,400","84,842","1,500","800","0.53","0.00","-","1,312.20","1,337.28","1,287.35","1,222.75","1,062.44","24,860","15,936","19,280"
"2023/11/22","1,307.0","1,312.0","1,287.0","1,299.0","-26.0","25,900","33,577","1,500","800","0.53","0.00","-","1,327.60","1,339.76","1,284.76","1,219.42","1,060.49","13,180","16,028","18,578"
"2017/11/29","812.0","812.0","810.0","811.0","+2.0","1,600","1,297","1,500","800","0.53","0.00","-","809.80","812.16","804.71","806.71","830.25","3,680","11,208","9,746"
"2022/07/27","905.0","908.0","882.0","891.0","-9.0","28,400","25,637","1,300","700","0.54","-","-","885.20","867.88","856.03","857.59","876.41","18,560","11,868","6,396"
"2017/11/28","810.0","810.0","806.0","809.0","-1.0","3,800","3,075","1,300","700","0.54","0.00","-","809.20","812.28","804.56","806.51","830.45","4,660","11,600","9,900"
"2021/08/12","919.0","919.0","909.0","911.0","+4.0","2,100","1,916","1,100","600","0.55","0.00","-","907.00","905.76","900.93","898.68","895.29","3,160","6,756","4,757"
"2021/03/19","898.0","903.0","898.0","900.0","+2.0","10,300","9,274","2,900","1,600","0.55","0.05","-","898.00","894.24","889.53","891.33","891.25","15,960","8,648","8,193"
"2023/09/15","1,285.0","1,321.0","1,275.0","1,317.0","+27.0","28,300","36,964","1,800","1,000","0.56","0.00","-","1,277.00","1,231.24","1,076.00","1,032.92","960.87","13,260","18,164","17,941"
"2017/11/30","812.0","812.0","808.0","810.0","-1.0","5,000","4,051","1,600","900","0.56","0.00","-","810.00","811.56","804.92","806.90","830.17","3,700","10,928","9,654"
"2015/06/17","734.0","734.0","728.0","728.0","-6.0","8,000","5,864","7,200","4,000","0.56","0.00","-","729.20","725.04","709.48","676.00","594.30","8,720","7,512","15,794"
"2023/09/27","1,290.0","1,338.0","1,285.0","1,333.0","+43.0","3,700","4,832","700","400","0.57","-","-","1,314.80","1,254.44","1,113.87","1,062.32","976.81","8,780","12,712","18,290"
"2017/02/24","890.0","895.0","884.0","890.0","+6.0","44,500","39,629","9,300","5,300","0.57","0.00","-","878.20","844.04","766.24","724.93","663.95","45,320","41,660","30,546"
"2016/03/28","688.0","693.0","687.0","692.0","0.0","38,500","26,517","14,900","8,700","0.58","0.05","-","685.60","671.24","682.64","685.55","686.85","12,300","9,784","8,077"
"2023/12/08","1,388.0","1,388.0","1,311.0","1,324.0","-80.0","58,000","78,276","1,700","1,000","0.59","0.00","-","1,369.40","1,342.72","1,302.92","1,257.91","1,084.49","30,700","20,204","17,001"
"2023/09/14","1,270.0","1,292.0","1,264.0","1,290.0","+25.0","10,600","13,555","1,700","1,000","0.59","0.00","-","1,264.40","1,227.60","1,070.65","1,028.66","958.60","11,860","18,408","17,777"
"2022/08/03","884.0","884.0","875.0","882.0","-2.0","2,200","1,932","1,700","1,000","0.59","0.00","-","890.00","874.84","858.48","858.63","876.11","6,680","11,656","6,649"
"2021/03/18","900.0","902.0","896.0","898.0","+1.0","21,400","19,235","2,700","1,600","0.59","0.05","-","897.80","893.32","889.40","891.50","891.00","15,920","8,380","8,076"
"2023/10/10","1,308.0","1,330.0","1,306.0","1,325.0","+24.0","11,500","15,210","500","300","0.60","-","-","1,305.40","1,290.92","1,155.47","1,095.49","994.58","14,320","14,384","18,356"
"2020/05/11","804.0","810.0","802.0","802.0","-2.0","1,500","1,209","500","300","0.60","-","-","799.80","775.64","819.99","834.35","815.47","1,480","6,560","8,478"
"2020/05/08","801.0","804.0","801.0","804.0","+3.0","800","642","500","300","0.60","-","-","797.60","774.00","821.39","834.82","815.38","2,740","6,640","8,642"
"2020/05/07","811.0","811.0","798.0","801.0","+2.0","3,200","2,568","500","300","0.60","-","-","791.20","772.32","822.71","835.24","815.27","4,320","7,412","8,761"
"2020/05/01","793.0","799.0","793.0","799.0","+6.0","400","319","500","300","0.60","-","-","786.80","771.40","824.00","835.76","815.19","9,080","8,456","8,850"
"2020/04/24","799.0","799.0","770.0","779.0","-17.0","27,000","21,147","500","300","0.60","0.00","-","792.20","766.64","829.49","838.20","815.18","8,840","9,328","9,190"
"2018/03/16","852.0","852.0","843.0","845.0","0.0","7,400","6,277","500","300","0.60","0.00","-","848.80","840.36","838.00","831.53","816.53","8,520","9,244","9,805"
"2018/03/13","851.0","852.0","850.0","850.0","-1.0","4,800","4,083","500","300","0.60","0.00","-","850.40","837.08","836.45","830.24","815.72","6,540","9,468","9,621"
"2024/02/05","1,609.0","1,663.0","1,590.0","1,633.0","+56.0","63,300","103,555","6,100","3,700","0.61","0.00","-","1,603.60","1,503.88","1,397.04","1,373.64","1,190.18","49,560","23,568","25,198"
"2023/12/19","1,343.0","1,378.0","1,343.0","1,370.0","+37.0","72,800","99,190","2,100","1,300","0.62","0.00","-","1,337.80","1,332.08","1,314.99","1,278.77","1,099.64","42,460","26,720","19,505"
"2023/01/20","899.0","900.0","870.0","895.0","-4.0","10,100","8,969","1,600","1,000","0.63","0.00","-","898.40","892.04","877.01","875.45","868.45","4,260","6,524","4,477"
"2023/09/12","1,250.0","1,271.0","1,239.0","1,245.0","-23.0","11,300","14,180","1,100","700","0.64","0.00","-","1,239.80","1,219.08","1,061.00","1,021.01","954.46","11,240","22,960","17,768"
"2022/08/05","885.0","893.0","880.0","892.0","+12.0","5,000","4,439","1,700","1,100","0.65","-","-","885.40","875.20","859.13","859.14","875.96","3,120","8,800","6,644"
"2022/08/04","884.0","890.0","880.0","880.0","-2.0","1,300","1,150","1,700","1,100","0.65","-","-","886.00","874.84","858.73","858.84","876.00","2,820","10,372","6,632"
"2017/02/28","930.0","957.0","926.0","953.0","+43.0","56,900","53,543","9,300","6,000","0.65","0.00","-","902.40","853.52","773.92","731.94","666.73","54,640","41,708","31,560"
"2023/10/27","1,338.0","1,356.0","1,335.0","1,343.0","+5.0","14,500","19,540","900","600","0.67","-","-","1,322.40","1,316.04","1,216.71","1,148.42","1,022.18","10,840","17,448","19,994"
"2023/02/28","895.0","895.0","892.0","892.0","-3.0","10,000","8,940","300","200","0.67","-","-","895.60","894.52","885.37","881.78","873.97","7,480","5,560","5,310"
"2022/08/02","885.0","893.0","872.0","884.0","-5.0","2,100","1,851","1,800","1,200","0.67","-","-","891.80","873.96","858.17","858.38","876.21","11,920","11,912","6,633"
"2022/05/26","849.0","852.0","849.0","851.0","+2.0","1,000","851","300","200","0.67","0.00","-","848.20","846.32","861.40","871.68","886.86","2,820","4,964","6,353"
"2022/04/14","860.0","861.0","859.0","861.0","+2.0","2,600","2,237","600","400","0.67","0.00","-","855.80","859.16","880.63","883.21","894.59","2,340","7,844","6,124"
"2018/02/23","841.0","844.0","839.0","842.0","+20.0","8,800","7,404","900","600","0.67","0.00","-","838.20","839.44","830.20","824.51","814.53","9,600","11,828","10,460"
"2017/01/17","763.0","771.0","755.0","755.0","-16.0","19,700","15,054","6,400","4,300","0.67","0.00","-","775.00","758.04","677.60","656.31","640.50","15,120","27,876","19,910"
"2017/01/19","771.0","777.0","771.0","777.0","+12.0","6,200","4,801","6,500","4,400","0.68","0.00","-","770.20","762.44","682.53","659.56","641.38","14,680","26,512","20,126"
"2019/11/06","794.0","861.0","794.0","850.0","+51.0","46,300","38,589","1,600","1,100","0.69","-","-","806.20","778.52","785.85","785.48","825.23","14,800","8,896","7,362"
"2017/01/18","764.0","766.0","758.0","765.0","+10.0","14,500","11,054","6,400","4,400","0.69","0.00","-","770.60","760.08","680.01","657.89","640.92","16,480","27,408","20,080"
"2021/04/09","883.0","889.0","883.0","888.0","+5.0","6,400","5,672","2,000","1,400","0.70","0.05","-","885.00","892.44","887.53","889.69","894.30","4,540","11,688","9,537"
"2017/03/27","967.0","984.0","967.0","980.0","+15.0","47,900","46,636","13,900","9,700","0.70","0.00","-","951.20","921.16","832.53","793.61","692.60","37,640","37,392","33,542"
"2017/03/23","928.0","956.0","916.0","956.0","+35.0","58,100","54,681","11,800","8,300","0.70","0.00","-","925.40","912.04","825.56","786.14","689.20","29,500","37,704","33,321"
"2023/11/06","1,381.0","1,496.0","1,381.0","1,415.0","+48.0","36,100","51,659","1,400","1,000","0.71","-","-","1,348.60","1,322.84","1,240.05","1,170.12","1,033.45","17,060","19,208","20,362"
"2023/11/01","1,322.0","1,332.0","1,322.0","1,324.0","+2.0","5,800","7,699","700","500","0.71","-","-","1,328.40","1,317.52","1,229.64","1,160.62","1,028.53","9,640","17,316","19,846"
"2023/10/20","1,320.0","1,321.0","1,305.0","1,309.0","-9.0","9,200","12,083","700","500","0.71","-","-","1,311.80","1,315.48","1,193.80","1,128.12","1,011.48","33,780","18,976","19,821"
"2023/09/25","1,344.0","1,344.0","1,305.0","1,308.0","-18.0","10,700","14,215","700","500","0.71","-","-","1,325.00","1,246.12","1,103.33","1,054.16","972.36","14,600","13,692","18,332"
"2019/01/08","865.0","866.0","861.0","864.0","-1.0","1,600","1,382","1,400","1,000","0.71","0.00","-","861.80","872.72","884.24","888.30","877.27","8,040","8,448","7,129"
"2019/01/07","865.0","876.0","862.0","865.0","+14.0","2,400","2,078","1,400","1,000","0.71","0.00","-","863.40","873.80","884.56","888.82","877.21","11,160","8,416","7,148"
"2019/01/04","851.0","857.0","845.0","851.0","0.0","9,100","7,737","1,400","1,000","0.71","0.00","-","862.00","874.60","884.92","889.64","877.14","18,140","8,444","7,201"
"2023/08/09","1,149.0","1,209.0","1,132.0","1,191.0","+40.0","65,700","77,869","3,900","2,800","0.72","0.00","-","1,125.80","1,050.68","962.35","943.04","914.22","34,760","22,208","15,692"
"2023/09/11","1,271.0","1,277.0","1,261.0","1,268.0","+14.0","7,600","9,650","1,100","800","0.73","0.00","-","1,232.20","1,213.96","1,056.56","1,017.48","952.58","10,100","22,972","17,762"
"2023/09/08","1,230.0","1,276.0","1,226.0","1,254.0","+28.0","21,300","26,727","1,100","800","0.73","0.00","-","1,220.60","1,206.72","1,051.77","1,013.72","950.60","10,980","23,220","17,798"
"2019/03/25","922.0","922.0","900.0","904.0","-22.0","13,400","12,244","1,500","1,100","0.73","0.00","-","925.40","927.56","891.65","888.39","890.26","9,640","5,316","8,744"
"2017/03/21","910.0","935.0","909.0","934.0","+29.0","29,300","27,032","11,700","8,700","0.74","0.00","-","917.60","905.12","819.47","779.29","686.20","24,740","37,352","33,210"
"2017/03/01","955.0","963.0","931.0","941.0","-12.0","55,500","52,576","9,400","7,000","0.74","0.00","-","915.60","857.20","778.19","735.54","668.14","48,240","39,812","31,848"
"2021/04/13","890.0","890.0","886.0","889.0","-1.0","1,300","1,155","1,600","1,200","0.75","0.00","-","886.60","891.88","887.23","889.54","894.55","3,340","11,156","9,233"
"2020/04/03","718.0","727.0","703.0","703.0","-19.0","9,200","6,582","800","600","0.75","0.00","-","741.20","767.72","848.48","846.42","815.63","8,340","10,444","10,129"
"2020/03/18","790.0","790.0","756.0","756.0","-14.0","6,300","4,927","400","300","0.75","0.00","-","756.20","829.52","863.55","850.25","818.14","12,480","10,380","9,505"
"2023/12/11","1,324.0","1,344.0","1,297.0","1,298.0","-26.0","62,100","82,083","1,700","1,300","0.76","0.00","-","1,361.60","1,339.96","1,304.43","1,260.89","1,086.49","39,340","21,684","17,522"
"2017/02/23","878.0","885.0","878.0","884.0","+9.0","35,100","30,961","8,000","6,100","0.76","0.00","-","871.00","839.80","762.88","721.85","662.75","44,180","40,392","30,077"
"2015/04/16","738.0","741.0","731.0","734.0","-2.0","17,800","13,137","15,600","11,800","0.76","0.00","-","729.40","707.40","621.79","593.69","549.39","31,080","25,316","21,860"
"2020/04/15","807.0","807.0","801.0","804.0","-5.0","6,600","5,313","900","700","0.78","0.00","-","785.60","756.20","837.79","841.25","814.82","7,520","9,840","10,136"
"2017/02/21","870.0","885.0","865.0","880.0","+18.0","42,500","37,202","8,500","6,600","0.78","0.00","-","864.40","831.12","756.77","715.98","660.47","39,040","36,316","28,810"
"2018/12/27","887.0","887.0","867.0","878.0","+6.0","18,500","16,266","1,900","1,500","0.79","0.00","-","860.60","876.52","885.91","890.75","877.13","19,080","8,312","7,086"
"2017/03/22","921.0","924.0","918.0","921.0","-13.0","15,900","14,638","11,700","9,200","0.79","0.00","-","917.20","908.32","822.33","782.57","687.61","22,300","37,100","33,182"
"2017/03/17","911.0","914.0","902.0","905.0","-6.0","18,000","16,314","11,700","9,200","0.79","0.00","-","913.80","901.08","816.35","775.86","684.73","24,860","37,324","33,064"
"2020/06/26","901.0","901.0","895.0","895.0","-5.0","4,100","3,684","500","400","0.80","0.00","-","897.00","860.12","804.37","821.95","824.76","10,700","6,576","8,158"
"2018/10/29","839.0","846.0","805.0","827.0","-1.0","10,300","8,531","500","400","0.80","0.00","-","842.60","889.20","898.92","891.30","869.89","6,440","5,568","7,949"
"2018/10/26","827.0","828.0","821.0","828.0","+13.0","3,500","2,892","500","400","0.80","0.00","-","854.80","892.44","899.43","891.57","870.02","5,100","5,380","7,834"
"2018/10/25","880.0","880.0","815.0","815.0","-59.0","10,900","9,447","500","400","0.80","0.00","-","865.60","895.96","899.92","891.86","870.13","5,740","5,736","7,801"
"2018/04/04","836.0","839.0","836.0","837.0","+2.0","6,700","5,605","500","400","0.80","0.00","-","832.40","843.40","841.61","834.18","819.24","5,060","8,736","10,068"
"2018/04/03","835.0","836.0","832.0","835.0","-2.0","3,700","3,087","500","400","0.80","0.00","-","832.00","843.92","841.43","833.98","819.03","6,880","8,808","10,037"
"2018/04/02","827.0","837.0","827.0","837.0","+13.0","5,000","4,164","500","400","0.80","0.00","-","835.80","844.64","841.24","833.81","818.83","11,500","8,912","10,049"
"2018/03/12","850.0","851.0","849.0","851.0","+2.0","6,600","5,611","500","400","0.80","0.00","-","849.80","837.08","835.89","829.80","815.44","6,080","10,180","9,597"
"2018/03/08","853.0","853.0","848.0","851.0","0.0","3,300","2,808","500","400","0.80","0.00","-","845.80","837.56","834.69","828.82","814.82","5,120","9,844","9,577"
"2021/04/12","886.0","890.0","886.0","890.0","+2.0","3,700","3,284","1,600","1,300","0.81","0.05","-","886.20","892.28","887.37","889.62","894.43","3,960","11,272","9,508"
"2017/03/09","950.0","953.0","928.0","934.0","-9.0","26,400","24,859","12,500","10,100","0.81","0.00","-","934.00","881.00","798.83","756.32","676.63","27,840","42,560","33,176"
"2023/12/13","1,324.0","1,350.0","1,324.0","1,342.0","+23.0","20,800","27,856","1,700","1,400","0.82","0.00","-","1,337.40","1,333.96","1,308.08","1,267.29","1,090.80","39,640","22,104","17,673"
"2017/03/08","931.0","950.0","931.0","943.0","+10.0","21,900","20,576","12,900","10,600","0.82","0.00","-","929.60","876.76","795.59","752.83","675.18","36,460","42,252","32,989"
"2022/07/29","892.0","898.0","892.0","895.0","-5.0","3,500","3,126","2,300","1,900","0.83","0.00","-","894.00","871.48","857.35","858.02","876.34","20,140","12,528","6,601"
"2018/12/26","864.0","872.0","853.0","872.0","+14.0","17,200","14,836","1,800","1,500","0.83","0.00","-","857.40","876.24","886.13","891.01","876.99","17,480","7,908","6,854"
"2018/10/24","871.0","875.0","871.0","874.0","+5.0","1,700","1,484","600","500","0.83","0.00","-","883.00","899.92","900.53","892.29","870.31","3,720","5,732","7,692"
"2018/08/10","911.0","911.0","905.0","906.0","-6.0","1,800","1,635","2,900","2,400","0.83","0.00","-","916.00","901.68","876.87","867.51","849.52","11,320","13,660","9,570"
"2018/08/09","919.0","919.0","912.0","912.0","-4.0","700","640","2,900","2,400","0.83","0.00","-","917.60","899.52","876.04","866.90","849.01","13,380","13,832","9,569"
"2018/08/08","935.0","935.0","901.0","916.0","-31.0","8,200","7,518","2,900","2,400","0.83","0.00","-","916.00","897.48","875.15","866.23","848.48","14,160","14,016","9,580"
"2023/08/15","1,287.0","1,309.0","1,246.0","1,251.0","-24.0","55,100","70,540","3,800","3,200","0.84","-","-","1,218.80","1,083.76","976.52","953.89","919.87","51,380","26,236","16,937"
"2017/03/10","927.0","940.0","926.0","927.0","-7.0","25,400","23,625","12,200","10,300","0.84","0.00","-","934.40","885.52","801.99","759.75","678.04","25,920","43,116","33,389"
"2017/03/07","938.0","941.0","929.0","933.0","-2.0","22,900","21,440","12,800","10,800","0.84","0.00","-","929.20","872.32","792.21","749.30","673.68","43,180","41,956","33,002"
"2023/12/15","1,316.0","1,332.0","1,300.0","1,332.0","+20.0","35,700","47,141","2,000","1,700","0.85","0.00","-","1,320.60","1,332.68","1,311.20","1,272.98","1,095.06","42,420","23,576","18,592"
"2023/08/04","1,071.0","1,094.0","1,061.0","1,087.0","+4.0","13,800","14,924","3,400","2,900","0.85","-","-","1,084.00","1,028.96","951.99","935.23","910.01","21,700","17,360","14,024"
"2017/03/14","908.0","925.0","905.0","923.0","+8.0","28,100","25,693","11,800","10,000","0.85","0.00","-","928.40","891.84","807.80","766.27","680.81","26,340","43,516","33,674"
"2023/12/18","1,332.0","1,333.0","1,307.0","1,333.0","+1.0","25,800","34,213","2,100","1,800","0.86","0.00","-","1,327.60","1,332.36","1,312.92","1,275.73","1,097.25","35,160","24,100","18,730"
"2023/10/30","1,323.0","1,328.0","1,313.0","1,315.0","-28.0","9,600","12,683","700","600","0.86","-","-","1,324.60","1,315.60","1,221.00","1,152.45","1,024.28","11,840","17,480","19,961"
"2023/10/17","1,300.0","1,300.0","1,265.0","1,289.0","-11.0","52,900","67,810","700","600","0.86","-","-","1,305.00","1,307.80","1,179.31","1,115.78","1,004.95","21,500","16,488","18,946"
"2023/09/28","1,345.0","1,345.0","1,246.0","1,316.0","-17.0","10,200","13,284","700","600","0.86","-","-","1,314.60","1,259.60","1,119.21","1,066.43","979.04","8,260","11,832","18,252"
"2023/09/22","1,305.0","1,332.0","1,297.0","1,326.0","+9.0","8,800","11,553","700","600","0.86","-","-","1,326.80","1,242.04","1,098.07","1,050.09","970.15","18,120","14,432","18,325"
"2021/06/28","914.0","914.0","901.0","901.0","-9.0","2,500","2,265","1,400","1,200","0.86","0.00","-","907.60","901.32","895.41","893.06","894.21","7,360","4,028","6,528"
"2021/06/25","927.0","927.0","906.0","910.0","-2.0","20,700","19,127","1,400","1,200","0.86","0.00","-","907.40","901.08","895.39","892.84","894.17","7,260","4,008","6,550"
"2021/03/16","898.0","901.0","895.0","899.0","+3.0","21,000","18,853","1,400","1,200","0.86","0.00","-","897.20","891.20","889.16","891.89","890.58","12,480","8,072","7,725"
"2020/05/22","820.0","831.0","819.0","830.0","+7.0","10,800","8,904","700","600","0.86","0.00","-","826.80","800.52","809.23","829.56","816.29","9,760","7,864","9,196"
"2018/02/05","851.0","856.0","847.0","850.0","-7.0","22,600","19,218","1,400","1,200","0.86","0.00","-","853.40","855.00","827.96","821.32","816.48","10,440","10,572","10,712"
"2017/03/13","928.0","932.0","911.0","915.0","-12.0","29,900","27,615","11,800","10,200","0.86","0.00","-","930.40","888.68","804.84","762.97","679.40","25,300","43,172","33,488"
"2015/05/07","716.0","731.0","713.0","722.0","+4.0","17,200","12,432","11,200","9,600","0.86","0.05","-","710.00","699.12","649.03","616.09","561.28","10,620","13,684","20,808"
"2015/03/20","750.0","760.0","740.0","740.0","-14.0","24,500","18,344","8,800","7,600","0.86","0.00","-","754.40","665.68","575.16","556.63","528.82","36,460","22,192","18,274"
"2023/08/10","1,191.0","1,229.0","1,180.0","1,226.0","+35.0","34,400","41,633","3,900","3,400","0.87","-","-","1,154.40","1,060.96","966.81","946.41","915.97","38,540","23,196","15,990"
"2023/12/12","1,302.0","1,331.0","1,295.0","1,319.0","+21.0","36,300","47,742","1,700","1,500","0.88","0.00","-","1,347.20","1,336.12","1,306.19","1,264.07","1,088.59","39,380","21,692","17,577"
"2020/04/21","790.0","800.0","790.0","796.0","-1.0","3,200","2,545","800","700","0.88","-","-","794.40","762.24","832.95","839.74","815.08","6,760","8,776","9,062"
"2020/04/17","802.0","802.0","784.0","787.0","-1.0","8,300","6,593","800","700","0.88","0.00","-","797.00","758.12","835.44","840.42","814.90","10,340","10,124","9,712"
"2020/04/16","804.0","810.0","784.0","788.0","-16.0","11,500","9,230","800","700","0.88","0.00","-","792.80","757.24","836.68","840.85","814.88","9,180","10,056","10,004"
"2017/03/16","902.0","920.0","902.0","911.0","-4.0","26,200","23,834","11,800","10,400","0.88","0.00","-","918.20","897.76","813.55","772.70","683.45","26,340","37,780","33,148"
"2016/12/21","764.0","780.0","750.0","780.0","+17.0","41,800","32,012","8,400","7,400","0.88","0.00","-","744.60","712.84","639.49","631.35","632.25","47,120","30,020","16,658"
"2015/04/10","690.0","715.0","680.0","710.0","+20.0","49,900","35,065","11,200","9,900","0.88","0.00","-","684.80","699.20","610.07","584.40","544.63","18,460","26,288","21,110"
"2016/12/22","786.0","795.0","775.0","793.0","+13.0","56,100","44,100","8,900","7,900","0.89","0.00","-","759.20","716.96","642.20","633.19","632.82","51,840","31,348","17,362"
"2023/08/16","1,246.0","1,276.0","1,220.0","1,268.0","+17.0","42,800","53,503","4,200","3,800","0.90","-","-","1,242.20","1,094.96","981.45","957.68","921.82","46,500","27,528","17,480"
"2015/06/29","710.0","718.0","708.0","709.0","-9.0","6,500","4,614","7,100","6,400","0.90","0.00","-","717.80","722.24","716.00","690.77","602.79","6,620","7,664","14,865"
"2015/06/01","713.0","732.0","713.0","716.0","+3.0","30,800","22,351","3,900","3,500","0.90","0.00","-","716.00","719.72","689.87","652.38","580.67","11,520","9,076","16,898"
"2015/05/08","727.0","729.0","725.0","727.0","+5.0","2,100","1,528","11,200","10,100","0.90","0.05","-","714.40","701.16","651.55","618.29","562.43","9,600","13,460","20,605"
"2023/08/14","1,226.0","1,281.0","1,218.0","1,275.0","+49.0","34,500","43,329","3,500","3,200","0.91","-","-","1,192.00","1,072.88","971.84","950.27","917.98","42,680","24,272","16,400"
"2017/03/15","910.0","919.0","910.0","915.0","-8.0","22,100","20,160","11,800","10,700","0.91","0.00","-","922.80","894.40","810.65","769.48","682.15","26,380","40,596","33,744"
"2017/01/04","772.0","781.0","769.0","775.0","+6.0","23,000","17,829","6,900","6,300","0.91","0.00","-","773.80","735.32","656.72","643.10","636.36","19,140","31,276","19,068"
"2015/04/22","718.0","718.0","700.0","707.0","-3.0","14,000","9,873","10,300","9,400","0.91","0.00","-","717.40","701.48","632.40","601.97","553.83","12,360","20,492","21,357"
"2015/04/13","720.0","738.0","716.0","732.0","+22.0","39,100","28,370","16,300","14,800","0.91","0.00","-","697.00","702.16","613.03","586.74","545.84","24,580","27,052","21,504"
"2022/06/28","847.0","866.0","847.0","860.0","+9.0","8,600","7,405","1,200","1,100","0.92","0.00","-","855.20","853.36","853.23","860.19","879.95","7,740","3,296","5,392"
"2021/06/29","902.0","911.0","902.0","907.0","+6.0","700","634","1,400","1,300","0.93","0.00","-","907.80","901.72","895.53","893.41","894.27","6,640","3,864","6,486"
"2015/05/01","705.0","718.0","700.0","718.0","+13.0","11,900","8,442","11,000","10,200","0.93","0.00","-","707.60","697.40","646.52","613.93","560.15","8,180","14,000","20,844"
"2015/04/30","700.0","706.0","698.0","705.0","+5.0","9,300","6,540","10,700","10,100","0.94","0.00","-","704.40","696.68","644.07","611.80","559.06","6,960","15,212","20,929"
"2015/04/24","705.0","712.0","703.0","710.0","+8.0","5,000","3,536","10,400","9,800","0.94","0.00","-","708.20","698.20","637.27","605.92","555.94","7,660","19,340","21,081"
"2015/05/11","728.0","728.0","719.0","721.0","-6.0","5,000","3,618","11,100","10,500","0.95","0.00","-","718.60","703.56","654.09","620.42","563.52","9,100","13,092","20,449"
"2015/06/26","720.0","721.0","716.0","718.0","+2.0","5,200","3,744","7,300","7,000","0.96","0.00","-","719.20","722.80","715.53","689.08","601.84","6,560","7,676","15,028"
"2015/03/19","765.0","767.0","751.0","754.0","+4.0","15,100","11,477","9,200","8,800","0.96","0.00","-","751.00","659.64","572.07","554.27","527.39","35,940","21,488","17,961"
"2017/03/24","956.0","965.0","956.0","965.0","+9.0","37,000","35,539","12,800","12,400","0.97","0.00","-","936.20","916.12","828.84","789.79","690.88","31,660","37,028","33,444"
"2015/04/15","735.0","740.0","729.0","736.0","+1.0","21,200","15,573","15,400","15,100","0.98","0.00","-","720.60","706.28","618.89","591.38","548.24","30,640","25,832","21,896"
"2015/03/17","771.0","778.0","740.0","763.0","-2.0","47,000","35,830","8,900","8,700","0.98","0.00","-","730.20","646.68","565.59","549.26","524.43","41,380","19,736","17,214"
"2015/04/27","705.0","721.0","703.0","705.0","-5.0","7,200","5,108","10,400","10,300","0.99","0.00","-","706.80","697.00","639.48","607.90","556.99","7,660","18,576","20,958"
"2015/03/23","747.0","747.0","730.0","735.0","-5.0","26,300","19,420","8,900","8,800","0.99","0.00","-","748.40","671.20","578.20","558.92","530.21","32,340","22,356","18,573"
"2023/10/24","1,305.0","1,318.0","1,280.0","1,316.0","+12.0","14,400","18,696","700","700","1.00","-","-","1,318.00","1,316.00","1,202.73","1,136.00","1,015.66","21,720","18,180","19,846"
"2023/10/23","1,309.0","1,324.0","1,304.0","1,304.0","-5.0","4,600","6,020","700","700","1.00","-","-","1,312.60","1,316.04","1,198.11","1,132.00","1,013.55","29,420","18,736","19,784"
"2023/10/12","1,324.0","1,328.0","1,286.0","1,309.0","-13.0","12,500","16,365","400","400","1.00","-","-","1,313.60","1,299.48","1,165.27","1,103.89","998.87","10,900","14,352","18,076"
"2023/05/31","915.0","917.0","910.0","916.0","0.0","16,000","14,633","100","100","1.00","-","-","913.60","903.68","895.25","895.32","884.69","11,120","12,312","9,053"
"2023/05/30","915.0","919.0","911.0","916.0","+1.0","10,900","9,973","100","100","1.00","-","-","912.00","902.68","894.91","895.09","884.51","10,580","12,152","9,354"
"2023/05/24","900.0","908.0","898.0","908.0","+8.0","13,300","12,011","100","100","1.00","-","-","899.20","899.56","893.68","894.11","884.00","14,620","11,820","8,941"
"2023/05/23","901.0","903.0","898.0","900.0","+3.0","6,400","5,761","100","100","1.00","-","-","897.20","898.92","893.49","893.92","883.96","18,660","11,612","8,773"
"2023/05/19","900.0","900.0","895.0","898.0","+5.0","11,000","9,890","100","100","1.00","-","-","900.40","898.08","893.37","893.84","883.93","18,040","11,240","8,322"
"2023/05/16","909.0","910.0","903.0","908.0","+3.0","8,400","7,622","100","100","1.00","-","-","903.20","896.12","893.36","893.44","883.66","20,820","9,336","7,665"
"2023/05/09","905.0","905.0","900.0","901.0","-4.0","4,400","3,970","100","100","1.00","-","-","902.80","890.40","893.00","891.92","882.73","3,400","6,236","6,505"
"2023/05/02","904.0","906.0","903.0","905.0","+3.0","2,300","2,080","100","100","1.00","-","-","902.00","888.52","892.93","891.29","882.24","2,920","8,280","6,482"
"2023/04/26","892.0","900.0","892.0","898.0","-2.0","2,100","1,886","100","100","1.00","-","-","896.80","886.36","892.64","889.84","881.33","7,380","8,916","6,413"
"2023/04/20","893.0","897.0","893.0","897.0","+4.0","4,200","3,756","100","100","1.00","-","-","893.20","885.12","892.56","888.53","881.03","7,880","8,360","6,026"
"2023/03/30","859.0","872.0","859.0","870.0","-19.0","25,100","21,758","1,800","1,800","1.00","-","-","885.40","893.64","892.43","886.72","878.82","16,940","8,284","6,716"
"2022/12/14","876.0","881.0","871.0","880.0","+10.0","8,800","7,721","100","100","1.00","-","-","872.00","868.84","870.01","873.87","865.72","7,520","4,156","3,305"
"2022/09/02","873.0","875.0","872.0","875.0","+1.0","1,000","875","1,300","1,300","1.00","-","-","871.00","881.76","867.84","862.98","874.22","2,220","2,716","5,930"
"2022/09/01","872.0","874.0","872.0","874.0","+2.0","1,900","1,657","1,300","1,300","1.00","-","-","871.00","882.76","867.36","862.71","874.33","2,320","3,500","6,337"
"2022/06/23","847.0","858.0","847.0","858.0","+11.0","4,300","3,665","100","100","1.00","-","-","851.80","852.16","853.53","861.36","880.76","4,160","2,380","5,321"
"2022/06/20","857.0","858.0","852.0","852.0","-5.0","2,600","2,224","200","200","1.00","-","-","854.80","851.24","854.64","863.08","881.67","3,140","3,480","5,329"
"2022/06/16","857.0","857.0","854.0","857.0","+3.0","4,200","3,596","200","200","1.00","-","-","854.80","850.00","855.37","864.19","882.36","2,760","3,640","5,721"
"2022/06/13","854.0","855.0","854.0","854.0","-1.0","1,200","1,025","200","200","1.00","-","-","854.60","848.44","856.56","865.68","883.38","1,440","3,660","5,741"
"2022/05/31","853.0","853.0","852.0","853.0","0.0","400","341","200","200","1.00","-","-","850.60","845.72","860.09","870.13","885.97","1,600","4,608","6,156"
"2022/03/09","857.0","866.0","856.0","859.0","+2.0","3,600","3,091","100","100","1.00","-","-","865.80","879.76","891.23","893.16","899.30","6,560","6,228","5,840"
"2022/03/04","876.0","876.0","871.0","871.0","-5.0","7,800","6,805","300","300","1.00","-","-","878.00","883.64","892.88","894.39","899.69","5,240","5,704","5,705"
"2021/11/18","886.0","895.0","885.0","895.0","+12.0","1,300","1,158","100","100","1.00","-","-","896.80","898.20","905.36","905.59","898.81","6,040","3,648","3,486"
"2020/07/31","924.0","924.0","888.0","891.0","-34.0","9,200","8,347","200","200","1.00","-","-","921.20","900.68","850.68","826.54","838.41","19,720","11,888","8,648"
"2020/07/22","905.0","908.0","876.0","901.0","-1.0","26,800","24,204","100","100","1.00","-","-","898.40","893.20","837.76","821.58","834.69","11,680","9,128","7,770"
"2020/07/14","871.0","890.0","871.0","890.0","+19.0","13,400","11,787","100","100","1.00","-","-","894.40","882.52","826.53","821.04","831.33","13,160","8,008","7,717"
"2020/07/13","887.0","890.0","854.0","871.0","-44.0","37,200","32,521","100","100","1.00","-","-","896.00","880.72","824.95","821.13","830.83","11,260","7,492","7,676"
"2020/05/13","805.0","805.0","781.0","782.0","-13.0","16,700","13,140","500","500","1.00","-","-","796.80","779.52","817.03","832.98","815.52","6,680","7,320","8,692"
"2020/05/12","802.0","810.0","788.0","795.0","-7.0","11,200","8,964","500","500","1.00","-","-","800.20","777.12","818.60","833.73","815.53","3,420","6,876","8,493"
"2020/04/30","799.0","799.0","786.0","793.0","+2.0","1,500","1,190","500","500","1.00","-","-","786.20","770.28","825.32","836.30","815.12","10,100","8,744","9,013"
"2020/04/28","773.0","791.0","773.0","791.0","+19.0","7,800","6,111","500","500","1.00","-","-","786.20","769.40","826.64","836.89","815.10","10,660","9,096","9,078"
"2020/04/20","799.0","803.0","784.0","797.0","+10.0","4,200","3,344","800","800","1.00","-","-","797.00","760.64","834.20","840.09","815.00","7,980","8,880","9,238"
"2020/03/25","780.0","780.0","771.0","771.0","+4.0","10,300","8,003","1,300","1,300","1.00","-","-","750.60","804.56","858.31","849.32","817.09","9,440","9,740","9,772"
"2020/03/19","756.0","765.0","721.0","732.0","-24.0","8,300","6,163","300","300","1.00","-","-","749.60","822.44","862.05","849.87","817.77","12,820","10,420","9,550"
"2020/01/07","884.0","893.0","884.0","892.0","+15.0","13,700","12,179","100","100","1.00","-","-","881.80","866.24","819.08","810.92","816.57","11,460","10,716","9,133"
"2020/01/06","874.0","883.0","874.0","877.0","+2.0","6,000","5,264","100","100","1.00","-","-","881.40","864.32","817.61","809.87","816.76","16,660","10,408","9,033"
"2019/12/30","874.0","875.0","867.0","875.0","0.0","6,700","5,841","100","100","1.00","-","-","882.00","863.00","816.33","808.98","817.06","21,500","10,364","9,016"
"2019/12/27","884.0","884.0","867.0","875.0","-15.0","14,500","12,706","100","100","1.00","-","-","881.20","861.60","815.05","808.18","817.40","24,440","10,636","8,968"
"2018/12/28","853.0","860.0","851.0","851.0","-27.0","8,600","7,339","1,000","1,000","1.00","-","-","862.40","875.76","885.40","890.12","877.14","19,340","8,480","7,138"
"2018/03/09","850.0","852.0","840.0","849.0","-2.0","13,800","11,675","500","500","1.00","-","-","847.40","837.32","835.28","829.30","815.13","6,200","10,200","9,614"
"2018/02/21","841.0","844.0","841.0","843.0","+2.0","1,100","927","600","600","1.00","-","-","837.60","841.60","829.76","824.04","814.88","7,520","11,392","10,625"
"2018/02/20","843.0","844.0","841.0","841.0","-2.0","3,800","3,202","600","600","1.00","-","-","830.60","842.68","829.45","823.62","815.01","10,620","11,968","10,904"
"2018/02/19","844.0","846.0","832.0","843.0","+11.0","11,500","9,691","600","600","1.00","-","-","824.60","843.76","829.13","823.20","815.17","11,600","12,264","10,929"
"2018/02/16","837.0","838.0","831.0","832.0","+3.0","12,400","10,355","600","600","1.00","-","-","816.60","844.64","828.77","822.75","815.30","14,320","12,072","10,918"
"2018/01/19","860.0","863.0","859.0","862.0","+3.0","4,200","3,615","500","500","1.00","-","-","863.60","841.28","820.36","815.27","818.43","10,320","9,392","9,929"
"2018/01/18","866.0","868.0","859.0","859.0","0.0","4,800","4,146","500","500","1.00","-","-","864.20","839.64","819.53","814.57","819.09","10,820","9,408","9,966"
"2018/01/17","866.0","866.0","858.0","859.0","-11.0","15,900","13,713","500","500","1.00","-","-","864.00","838.00","818.89","813.96","819.69","10,640","9,488","9,993"
"2018/01/16","873.0","874.0","865.0","870.0","+2.0","15,500","13,494","500","500","1.00","-","-","863.80","836.32","818.19","813.34","820.22","8,340","9,156","9,866"
"2017/12/01","812.0","813.0","810.0","812.0","+2.0","7,900","6,407","1,000","1,000","1.00","-","-","810.40","811.44","805.12","807.19","830.12","4,080","10,536","9,626"
"2017/03/06","922.0","943.0","919.0","935.0","+10.0","33,000","30,728","10,400","10,400","1.00","-","-","933.20","867.72","788.83","745.81","672.23","49,980","41,524","32,982"
"2017/03/03","903.0","936.0","903.0","925.0","+13.0","35,000","32,156","10,300","10,300","1.00","-","-","928.20","863.40","785.33","742.29","670.78","53,220","41,496","32,821"
"2017/01/20","780.0","788.0","778.0","784.0","+7.0","12,800","10,014","6,500","6,500","1.00","-","-","770.40","765.12","685.23","661.38","641.84","14,760","25,752","20,254"
"2017/01/13","777.0","790.0","773.0","783.0","+4.0","12,400","9,683","7,200","7,200","1.00","-","-","783.40","753.96","672.68","653.25","639.65","12,420","27,688","19,501"
"2017/01/12","787.0","787.0","773.0","779.0","-8.0","15,200","11,840","7,200","7,300","1.01","-","-","784.00","750.76","669.91","651.56","639.17","14,900","28,812","19,526"
"2017/01/11","783.0","787.0","780.0","787.0","+6.0","7,700","6,036","7,200","7,400","1.03","-","-","783.20","748.36","667.28","649.93","638.69","16,460","29,316","19,573"
"2015/06/25","720.0","720.0","715.0","716.0","-7.0","9,100","6,545","7,200","7,400","1.03","-","-","719.60","722.96","714.73","687.26","600.80","5,980","7,552","15,225"
"2015/04/28","702.0","705.0","698.0","700.0","-5.0","7,500","5,258","10,300","10,600","1.03","-","-","704.80","696.64","641.68","609.84","558.01","7,900","15,772","20,922"
"2017/02/22","887.0","894.0","858.0","875.0","-5.0","87,500","77,159","8,000","8,300","1.04","-","-","866.80","835.52","759.69","718.89","661.55","47,940","39,236","29,758"
"2017/01/06","777.0","794.0","777.0","787.0","+1.0","15,400","12,095","7,000","7,300","1.04","-","-","776.80","742.44","662.07","646.55","637.63","17,180","31,180","19,469"
"2015/06/12","728.0","731.0","724.0","730.0","+7.0","4,200","3,062","2,400","2,500","1.04","-","-","727.20","725.40","705.15","670.01","590.87","4,740","7,876","16,020"
"2015/06/02","720.0","731.0","720.0","730.0","+14.0","8,000","5,800","2,300","2,400","1.04","-","-","717.80","720.64","691.73","654.46","581.82","11,600","8,836","16,909"
"2024/02/06","1,612.0","1,630.0","1,595.0","1,624.0","-9.0","30,900","49,986","6,100","6,500","1.07","-","-","1,617.20","1,513.64","1,401.36","1,377.62","1,193.86","45,280","23,952","25,258"
"2022/09/26","875.0","875.0","866.0","874.0","-1.0","3,200","2,794","1,500","1,600","1.07","-","-","871.40","871.84","871.37","865.36","872.41","4,180","2,660","6,062"
"2015/04/14","732.0","735.0","702.0","735.0","+3.0","27,400","19,800","16,400","17,500","1.07","-","-","710.00","704.60","615.97","589.05","547.05","28,040","27,400","21,801"
"2022/09/09","868.0","870.0","861.0","861.0","-3.0","4,400","3,803","1,300","1,400","1.08","-","-","864.20","877.40","868.95","863.40","873.31","1,600","2,472","5,760"
"2022/09/08","865.0","867.0","864.0","864.0","0.0","600","519","1,300","1,400","1.08","-","-","867.00","878.16","868.79","863.40","873.52","920","2,348","5,766"
"2022/09/07","866.0","866.0","864.0","864.0","-3.0","300","260","1,300","1,400","1.08","-","-","869.00","878.88","868.61","863.35","873.70","1,180","2,412","5,784"
"2022/09/06","867.0","867.0","867.0","867.0","+2.0","200","173","1,300","1,400","1.08","-","-","870.60","879.68","868.40","863.27","873.89","1,380","2,484","5,808"
"2022/09/05","875.0","875.0","865.0","865.0","-10.0","2,500","2,176","1,300","1,400","1.08","-","-","871.20","880.56","868.07","863.15","874.04","1,900","2,676","5,861"
"2021/06/30","907.0","909.0","906.0","907.0","0.0","1,200","1,089","1,200","1,300","1.08","-","-","907.40","902.16","895.71","893.76","894.33","5,800","3,860","6,362"
"2019/11/08","835.0","835.0","823.0","827.0","-7.0","7,700","6,378","1,300","1,400","1.08","-","-","820.80","783.36","786.93","786.31","824.90","16,700","9,184","7,542"
"2017/01/10","787.0","788.0","781.0","781.0","-6.0","11,400","8,949","7,100","7,700","1.08","-","-","779.60","745.44","664.64","648.18","638.16","17,020","30,916","19,577"
"2015/06/22","718.0","725.0","715.0","716.0","-4.0","6,200","4,464","7,200","7,800","1.08","-","-","723.60","723.92","712.16","681.70","597.55","8,280","7,308","15,217"
"2021/03/12","894.0","899.0","893.0","899.0","+5.0","10,100","9,049","1,100","1,200","1.09","-","-","896.80","889.08","888.91","892.29","889.87","8,540","7,400","7,320"
"2015/04/17","740.0","740.0","720.0","724.0","-10.0","16,500","12,060","13,300","14,500","1.09","-","-","732.20","707.44","624.63","595.87","550.53","24,400","25,100","21,525"
"2021/03/09","899.0","899.0","895.0","899.0","+5.0","4,200","3,772","1,000","1,100","1.10","-","-","897.20","886.00","888.76","892.54","888.82","6,620","7,276","7,150"
"2015/06/18","728.0","728.0","720.0","720.0","-8.0","5,800","4,199","7,100","7,900","1.11","-","-","728.60","724.84","710.65","677.89","595.40","9,320","7,548","15,721"
"2015/04/20","720.0","720.0","711.0","712.0","-12.0","7,200","5,145","13,300","14,700","1.11","-","-","728.20","705.32","627.32","597.92","551.62","18,020","23,512","21,369"
"2016/12/28","778.0","784.0","770.0","781.0","+4.0","20,900","16,288","6,900","7,800","1.13","-","-","779.80","726.72","649.53","638.06","634.58","39,320","33,524","18,526"
"2016/12/27","772.0","779.0","760.0","777.0","+9.0","29,100","22,430","6,900","7,800","1.13","-","-","776.20","723.52","647.04","636.32","633.90","46,280","33,588","18,260"
"2015/06/23","725.0","725.0","719.0","723.0","+7.0","2,400","1,735","7,200","8,100","1.13","-","-","721.40","723.56","713.11","683.59","598.64","4,940","7,040","15,181"
"2015/05/19","737.0","737.0","722.0","732.0","+2.0","9,100","6,676","3,100","3,500","1.13","-","-","730.00","719.88","670.27","633.75","570.64","9,680","14,208","20,681"
"2015/04/23","707.0","707.0","699.0","702.0","-5.0","5,800","4,073","10,400","11,700","1.13","-","-","711.00","699.40","634.88","603.90","554.86","9,960","20,120","21,305"
"2023/10/19","1,336.0","1,345.0","1,307.0","1,318.0","-25.0","11,700","15,493","700","800","1.14","-","-","1,311.00","1,313.72","1,189.35","1,124.18","1,009.39","34,220","18,948","19,786"
"2023/10/02","1,325.0","1,375.0","1,325.0","1,344.0","-6.0","34,300","46,311","700","800","1.14","-","-","1,326.60","1,271.68","1,130.55","1,075.35","983.80","18,760","13,520","18,813"
"2017/01/05","780.0","790.0","777.0","786.0","+11.0","24,800","19,447","7,100","8,100","1.14","-","-","775.60","738.96","659.36","644.80","637.01","18,280","31,296","19,329"
"2022/09/16","873.0","873.0","869.0","869.0","-4.0","3,800","3,313","1,300","1,500","1.15","-","-","873.40","874.84","870.40","864.32","872.79","3,000","2,456","5,897"
"2022/09/14","878.0","879.0","866.0","875.0","-5.0","2,200","1,923","1,300","1,500","1.15","-","-","870.00","876.16","869.93","863.89","873.08","2,380","2,260","5,816"
"2017/01/23","788.0","820.0","780.0","812.0","+28.0","54,000","43,473","6,500","7,500","1.15","-","-","778.60","769.36","688.29","663.46","642.44","21,440","26,664","20,900"
"2016/12/26","795.0","795.0","757.0","768.0","-25.0","48,700","38,034","8,900","10,200","1.15","-","-","770.80","720.04","644.60","634.65","633.26","54,700","32,800","17,948"
"2015/04/09","687.0","690.0","679.0","690.0","+7.0","15,600","10,703","10,000","11,500","1.15","-","-","674.40","697.08","607.41","582.27","543.54","9,280","24,620","20,482"
"2022/09/12","863.0","871.0","861.0","870.0","+9.0","3,500","3,023","1,200","1,400","1.17","-","-","865.20","876.52","869.20","863.48","873.24","1,800","2,412","5,793"
"2019/11/11","828.0","833.0","826.0","826.0","-1.0","10,000","8,290","1,200","1,400","1.17","-","-","827.20","785.68","787.35","786.75","824.72","17,960","9,416","7,646"
"2017/03/02","926.0","929.0","911.0","912.0","-29.0","69,500","64,008","9,300","10,900","1.17","-","-","921.20","859.72","781.80","738.83","669.39","55,120","41,004","32,512"
"2015/06/15","734.0","734.0","729.0","731.0","+1.0","9,500","6,957","2,400","2,800","1.17","-","-","727.60","725.80","706.73","672.02","592.01","5,240","8,056","16,017"
"2015/06/19","720.0","720.0","718.0","720.0","0.0","2,300","1,655","7,200","8,500","1.18","-","-","726.60","724.48","711.39","679.86","596.49","8,940","7,324","15,310"
"2021/04/14","890.0","890.0","888.0","890.0","+1.0","2,900","2,580","1,000","1,200","1.20","-","-","888.00","891.56","886.96","889.46","894.50","3,320","11,120","9,034"
"2021/03/15","895.0","899.0","895.0","896.0","-3.0","17,000","15,237","1,000","1,200","1.20","-","-","897.20","890.12","889.04","892.05","890.24","9,120","7,860","7,509"
"2021/03/11","898.0","899.0","893.0","894.0","-4.0","10,500","9,404","1,000","1,200","1.20","-","-","896.80","887.92","888.76","892.45","889.46","7,620","7,132","7,222"
"2020/04/27","780.0","780.0","766.0","772.0","-7.0","8,700","6,740","500","600","1.20","-","-","787.20","768.44","827.89","837.48","815.10","9,740","9,080","9,124"
"2020/04/23","784.0","797.0","781.0","796.0","+3.0","5,500","4,338","500","600","1.20","-","-","793.80","764.76","830.80","838.85","815.20","5,100","8,580","8,910"
"2018/10/23","888.0","888.0","868.0","869.0","-19.0","5,800","5,060","500","600","1.20","-","-","889.20","901.32","900.24","892.13","870.14","4,440","5,812","7,750"
"2018/03/07","850.0","851.0","848.0","851.0","+4.0","4,200","3,571","500","600","1.20","-","-","846.80","837.64","834.07","828.36","814.54","6,840","10,028","9,782"
"2018/03/06","849.0","850.0","845.0","847.0","+8.0","2,500","2,121","500","600","1.20","-","-","847.40","837.68","833.56","827.85","814.28","6,560","10,248","9,885"
"2018/03/05","842.0","857.0","838.0","839.0","-2.0","7,200","6,078","500","600","1.20","-","-","848.00","838.00","833.07","827.40","814.04","7,760","10,432","9,918"
"2018/03/02","848.0","848.0","839.0","841.0","-15.0","8,400","7,091","500","600","1.20","-","-","850.80","838.52","832.67","827.01","813.98","7,580","10,268","9,897"
"2018/03/01","854.0","856.0","846.0","856.0","+2.0","11,900","10,131","500","600","1.20","-","-","851.00","838.88","832.23","826.61","814.21","7,660","10,240","9,949"
"2018/02/28","850.0","855.0","850.0","854.0","+4.0","2,800","2,387","500","600","1.20","-","-","844.20","838.68","831.63","826.08","814.32","9,840","11,248","10,374"
"2018/02/27","853.0","856.0","850.0","850.0","-3.0","8,500","7,251","500","600","1.20","-","-","842.00","838.76","831.11","825.54","814.45","9,500","11,956","10,417"
"2018/02/26","842.0","856.0","842.0","853.0","+11.0","6,300","5,343","500","600","1.20","-","-","840.20","839.08","830.67","825.04","814.51","8,560","11,912","10,374"
"2018/02/22","847.0","847.0","805.0","822.0","-21.0","22,800","18,770","500","600","1.20","-","-","836.20","840.12","829.91","824.20","814.66","10,320","11,668","10,492"
"2018/01/15","871.0","871.0","865.0","868.0","+3.0","11,200","9,725","500","600","1.20","-","-","860.40","834.32","817.27","812.61","820.65","6,440","9,044","9,932"
"2018/01/11","855.0","860.0","854.0","858.0","0.0","3,900","3,341","500","600","1.20","-","-","854.00","830.24","815.45","811.40","821.26","6,240","10,148","10,208"
"2017/04/12","830.0","830.0","811.0","821.0","-14.0","14,700","12,063","12,200","14,600","1.20","-","-","850.00","916.08","859.96","823.18","710.17","21,280","33,680","34,222"
"2017/01/24","819.0","828.0","805.0","814.0","+2.0","50,900","41,639","6,500","7,800","1.20","-","-","790.40","773.36","691.41","665.51","643.11","27,680","28,068","21,385"
"2017/01/16","782.0","782.0","766.0","771.0","-12.0","20,600","15,985","6,400","7,700","1.20","-","-","780.20","756.40","675.29","654.86","640.12","13,460","27,544","19,698"
"2015/06/03","721.0","729.0","717.0","719.0","-11.0","5,500","3,971","1,900","2,300","1.21","-","-","718.40","721.32","693.45","656.49","582.92","10,980","8,824","16,810"
"2021/03/08","899.0","905.0","891.0","894.0","-5.0","14,100","12,655","900","1,100","1.22","-","-","896.40","885.20","888.73","892.49","888.33","7,320","7,416","7,149"
"2017/11/07","815.0","819.0","814.0","815.0","-2.0","6,000","4,893","4,600","5,600","1.22","-","-","816.20","809.44","808.33","804.46","831.44","13,600","10,324","11,714"
"2015/05/20","732.0","732.0","730.0","731.0","-1.0","3,000","2,195","3,600","4,400","1.22","-","-","729.40","721.52","672.87","635.94","571.85","6,300","13,704","20,628"
"2019/11/07","845.0","845.0","832.0","834.0","-16.0","18,500","15,502","1,300","1,600","1.23","-","-","814.40","781.08","786.43","785.95","825.07","16,600","9,220","7,524"
"2017/04/13","804.0","821.0","780.0","805.0","-16.0","37,300","29,812","12,000","14,800","1.23","-","-","837.60","910.56","860.12","824.33","711.27","23,160","34,296","33,972"
"2017/04/11","852.0","860.0","835.0","835.0","-20.0","29,300","24,879","12,000","14,700","1.23","-","-","860.00","920.56","859.41","821.76","708.95","23,520","34,008","34,584"
"2015/04/08","675.0","686.0","675.0","683.0","+13.0","8,200","5,588","6,100","7,500","1.23","-","-","667.20","695.88","605.04","580.36","542.52","6,980","24,296","20,376"
"2015/06/10","727.0","730.0","722.0","725.0","-4.0","4,200","3,050","1,700","2,100","1.24","-","-","727.20","725.24","702.04","666.20","588.66","5,900","8,368","16,209"
"2015/04/21","715.0","727.0","710.0","710.0","-2.0","6,300","4,502","11,500","14,300","1.24","-","-","723.20","703.20","629.93","599.99","552.75","13,800","21,884","21,264"
"2023/01/26","898.0","898.0","892.0","895.0","-3.0","2,600","2,329","1,600","2,000","1.25","-","-","897.20","895.20","879.05","876.44","869.32","3,980","5,828","4,490"
"2016/12/29","775.0","779.0","765.0","767.0","-14.0","12,200","9,398","6,900","8,700","1.26","-","-","777.20","729.36","651.85","639.73","635.15","33,400","33,448","18,688"
"2015/05/21","734.0","734.0","723.0","723.0","-8.0","3,200","2,334","3,400","4,300","1.26","-","-","729.00","722.04","675.36","638.06","573.01","5,960","11,836","20,442"
"2023/12/14","1,345.0","1,345.0","1,294.0","1,312.0","-30.0","57,200","75,334","1,500","1,900","1.27","-","-","1,319.00","1,332.48","1,309.68","1,270.10","1,092.87","46,880","23,028","18,220"
"2021/04/15","896.0","900.0","895.0","899.0","+9.0","9,500","8,526","700","900","1.29","-","-","891.20","891.76","886.68","889.51","894.54","4,760","11,080","8,884"
"2015/05/27","720.0","726.0","713.0","716.0","-5.0","8,600","6,196","3,000","3,900","1.30","-","-","721.00","719.84","685.11","646.30","577.53","5,660","8,620","20,270"
"2015/03/16","727.0","770.0","727.0","765.0","+42.0","46,900","35,200","7,700","10,000","1.30","-","-","712.40","639.68","562.12","546.67","522.89","35,720","18,200","16,636"
"2015/06/04","725.0","730.0","721.0","728.0","+9.0","11,300","8,216","2,600","3,400","1.31","-","-","721.20","722.04","695.31","658.46","584.08","12,080","9,076","16,869"
"2017/10/31","825.0","826.0","807.0","811.0","-9.0","32,800","26,765","4,400","5,800","1.32","-","-","815.80","807.08","807.15","803.56","830.46","17,780","10,172","11,990"
"2016/12/30","757.0","772.0","756.0","769.0","+2.0","10,500","7,984","6,900","9,100","1.32","-","-","772.40","732.08","654.24","641.45","635.73","24,280","33,192","18,789"
"2023/10/26","1,311.0","1,344.0","1,311.0","1,338.0","+27.0","9,600","12,778","600","800","1.33","-","-","1,315.60","1,315.00","1,211.97","1,144.15","1,019.96","9,780","17,380","19,941"
"2022/03/07","870.0","876.0","864.0","866.0","-5.0","8,900","7,720","300","400","1.33","-","-","874.00","882.40","892.40","894.04","899.57","6,520","5,908","5,780"
"2021/07/21","919.0","919.0","884.0","885.0","-20.0","27,800","25,217","1,500","2,000","1.33","-","-","901.20","905.96","897.88","897.33","895.34","10,100","4,912","4,264"
"2020/04/13","770.0","813.0","761.0","797.0","+31.0","16,000","12,547","600","800","1.33","-","-","756.00","752.48","839.24","841.58","814.52","5,360","10,036","10,172"
"2018/08/15","909.0","909.0","902.0","908.0","+1.0","3,400","3,086","1,800","2,400","1.33","-","-","906.20","906.56","879.29","869.36","850.94","2,500","13,844","9,185"
"2015/05/13","731.0","745.0","722.0","734.0","-13.0","19,900","14,522","3,300","4,400","1.33","-","-","730.20","710.52","659.65","625.05","565.88","13,000","14,300","20,762"
"2015/06/24","721.0","723.0","719.0","723.0","0.0","9,900","7,134","7,300","9,800","1.34","-","-","720.40","723.24","713.95","685.46","599.74","5,320","7,316","15,213"
"2017/11/06","820.0","823.0","817.0","817.0","-1.0","5,300","4,346","4,100","5,600","1.37","-","-","817.20","808.84","808.16","804.29","831.19","16,800","10,448","11,990"
"2016/12/20","750.0","767.0","749.0","763.0","+13.0","55,700","42,209","5,400","7,600","1.41","-","-","731.40","708.80","636.99","629.63","631.73","41,920","29,204","16,212"
"2015/03/25","700.0","709.0","699.0","704.0","-5.0","23,300","16,341","7,400","10,400","1.41","-","-","728.40","679.88","583.51","562.98","532.59","33,360","25,368","19,781"
"2015/05/25","721.0","725.0","718.0","723.0","+1.0","6,800","4,902","3,100","4,400","1.42","-","-","726.20","721.16","680.28","642.27","575.35","4,840","9,532","20,256"
"2015/05/26","721.0","723.0","718.0","721.0","-2.0","7,600","5,478","3,000","4,300","1.43","-","-","724.00","720.56","682.72","644.31","576.47","4,540","8,988","20,228"
"2022/08/08","892.0","892.0","878.0","884.0","-8.0","5,200","4,603","900","1,300","1.44","-","-","884.40","874.96","859.48","859.42","875.90","3,160","8,692","6,642"
"2015/05/18","729.0","734.0","720.0","730.0","+1.0","6,600","4,802","2,500","3,600","1.44","-","-","733.00","717.92","667.63","631.53","569.43","12,020","14,172","20,680"
"2017/11/02","820.0","824.0","815.0","818.0","-2.0","12,700","10,403","4,000","5,800","1.45","-","-","817.20","808.16","807.88","804.07","830.88","16,880","10,576","12,132"
"2017/03/30","989.0","989.0","946.0","963.0","-28.0","31,200","30,336","13,000","19,000","1.46","-","-","978.60","934.40","843.33","803.37","698.01","53,920","38,900","35,181"
"2018/07/11","864.0","865.0","860.0","861.0","-4.0","4,700","4,053","1,500","2,200","1.47","-","-","860.80","868.84","857.27","854.19","838.32","3,240","4,732","7,621"
"2015/06/11","730.0","730.0","723.0","723.0","-2.0","2,800","2,039","1,700","2,500","1.47","-","-","726.20","725.28","703.59","668.09","589.75","4,200","7,792","16,165"
"2015/05/29","714.0","716.0","713.0","713.0","-1.0","4,800","3,427","3,000","4,400","1.47","-","-","717.40","719.48","688.16","650.36","579.62","6,720","8,096","16,602"
"2015/05/22","729.0","729.0","722.0","722.0","-1.0","2,100","1,524","3,300","4,900","1.48","-","-","727.60","721.64","677.84","640.18","574.20","4,800","10,356","20,393"
"2023/11/08","1,397.0","1,402.0","1,340.0","1,349.0","-47.0","34,100","46,904","1,000","1,500","1.50","-","-","1,370.20","1,324.88","1,249.31","1,179.13","1,038.18","22,320","18,112","20,473"
"2023/05/26","909.0","915.0","909.0","912.0","+3.0","10,900","9,932","200","300","1.50","-","4.20","905.20","901.04","894.23","894.60","884.19","13,980","11,800","9,141"
"2022/03/02","881.0","884.0","875.0","876.0","-5.0","5,900","5,189","200","300","1.50","-","-","881.20","885.88","893.56","894.94","899.93","10,640","5,512","5,613"
"2021/04/23","901.0","901.0","897.0","900.0","-1.0","6,300","5,672","600","900","1.50","-","-","899.20","892.00","886.93","890.15","894.63","5,360","8,852","8,813"
"2021/03/10","899.0","899.0","896.0","898.0","-1.0","3,800","3,411","800","1,200","1.50","-","-","897.60","887.04","888.76","892.48","889.10","6,680","7,064","7,137"
"2020/06/23","900.0","900.0","891.0","891.0","-8.0","5,500","4,930","200","300","1.50","-","-","876.80","851.08","800.52","821.90","823.05","6,120","5,816","7,948"
"2020/03/24","758.0","767.0","750.0","767.0","+40.0","7,400","5,604","200","300","1.50","-","-","750.40","809.68","859.39","849.41","817.22","9,060","9,676","9,704"
"2020/03/23","721.0","747.0","721.0","727.0","-5.0","14,900","10,855","200","300","1.50","-","-","748.20","814.92","860.49","849.44","817.36","8,740","10,764","9,669"
"2020/03/16","756.0","757.0","743.0","756.0","+22.0","5,800","4,370","200","300","1.50","-","-","755.40","840.72","865.57","850.34","818.55","12,980","10,200","9,612"
"2018/08/03","892.0","915.0","892.0","914.0","+10.0","12,100","10,933","1,400","2,100","1.50","-","-","918.20","891.00","871.83","864.15","846.73","9,440","12,240","9,349"
"2018/02/15","818.0","829.0","815.0","829.0","+21.0","8,800","7,209","600","900","1.50","-","-","814.80","845.68","828.55","822.44","815.54","12,820","11,732","10,989"
"2015/05/28","714.0","729.0","714.0","714.0","-2.0","5,800","4,173","3,000","4,500","1.50","-","-","719.20","719.44","686.52","648.33","578.58","6,180","8,192","17,638"
"2015/04/07","671.0","675.0","662.0","670.0","-1.0","10,100","6,766","5,000","7,500","1.50","-","-","661.20","694.64","602.73","578.51","541.53","6,620","24,172","20,374"
"2017/04/10","872.0","875.0","855.0","855.0","-17.0","16,700","14,387","12,000","18,200","1.52","-","-","864.80","924.56","858.45","820.14","707.63","27,080","34,156","34,936"
"2017/11/01","812.0","820.0","812.0","820.0","+9.0","11,200","9,122","3,800","5,800","1.53","-","-","816.80","807.44","807.55","803.84","830.65","16,480","10,348","12,061"
"2015/06/05","728.0","728.0","721.0","725.0","-3.0","1,500","1,089","2,400","3,700","1.54","-","-","723.60","722.84","697.01","660.32","585.24","11,420","8,848","16,593"
"2016/12/19","714.0","750.0","713.0","750.0","+40.0","71,200","52,221","5,300","8,200","1.55","-","-","720.00","705.20","634.68","628.00","631.28","37,020","27,812","15,577"
"2018/07/13","864.0","865.0","863.0","865.0","+5.0","2,300","1,988","1,400","2,200","1.57","-","-","863.20","869.40","857.73","854.69","838.95","2,180","4,624","7,061"
"2017/04/07","868.0","882.0","868.0","872.0","+5.0","17,800","15,568","12,000","18,900","1.58","-","-","874.20","927.36","857.05","818.19","706.23","35,640","34,888","35,662"
"2017/04/06","873.0","875.0","855.0","867.0","-4.0","27,900","24,103","12,000","18,900","1.58","-","-","888.40","928.96","854.89","815.88","704.87","38,520","36,956","35,884"
"2017/02/20","855.0","868.0","855.0","862.0","+8.0","17,000","14,693","6,500","10,300","1.58","-","-","856.60","826.12","753.79","713.00","659.39","34,980","35,404","28,694"
"2017/01/27","856.0","857.0","833.0","833.0","-16.0","22,700","19,198","7,000","11,300","1.61","-","-","831.40","787.40","701.92","672.86","645.72","54,040","29,156","23,353"
"2017/03/29","998.0","1,020.0","975.0","991.0","-3.0","94,200","93,816","14,300","23,200","1.62","-","-","977.20","930.88","840.01","800.30","696.30","59,300","41,152","35,114"
"2017/02/17","869.0","870.0","850.0","854.0","-9.0","38,800","33,478","6,500","10,600","1.63","-","-","850.80","822.48","751.09","710.13","658.43","37,300","35,548","29,466"
"2017/01/30","828.0","831.0","813.0","827.0","-6.0","32,300","26,594","7,000","11,500","1.64","-","-","834.40","789.96","705.17","675.23","646.54","49,700","28,220","23,712"
"2015/05/14","731.0","733.0","721.0","725.0","-9.0","4,900","3,555","3,300","5,400","1.64","-","-","730.80","713.20","662.24","627.19","567.01","10,540","14,336","20,736"
"2017/02/07","836.0","850.0","827.0","844.0","+8.0","19,500","16,327","7,200","11,900","1.65","-","-","830.80","802.20","724.41","689.44","651.57","18,540","24,060","24,722"
"2017/02/06","810.0","836.0","809.0","836.0","+22.0","28,500","23,382","7,200","11,900","1.65","-","-","825.60","799.12","721.07","686.93","650.69","17,060","23,768","24,557"
"2015/04/06","663.0","671.0","663.0","671.0","+13.0","8,500","5,662","5,100","8,400","1.65","-","-","659.40","694.16","600.64","576.81","540.55","7,440","24,296","20,365"
"2015/03/12","704.0","717.0","698.0","706.0","+12.0","30,700","21,706","5,100","8,400","1.65","-","-","677.80","628.08","555.79","541.89","520.02","27,600","26,876","15,846"
"2016/12/15","714.0","723.0","713.0","720.0","+6.0","32,500","23,294","5,700","9,500","1.67","-","-","715.00","698.84","631.07","625.34","630.69","27,980","24,848","14,352"
"2023/08/17","1,274.0","1,280.0","1,234.0","1,253.0","-15.0","23,200","29,027","1,900","3,200","1.68","-","-","1,254.60","1,105.36","986.11","961.31","923.72","38,000","27,972","17,738"
"2018/07/12","861.0","864.0","860.0","860.0","-1.0","1,200","1,034","1,300","2,200","1.69","-","-","862.40","869.08","857.59","854.47","838.61","2,260","4,644","7,388"
"2023/09/19","1,311.0","1,381.0","1,311.0","1,357.0","+40.0","24,900","33,578","1,000","1,700","1.70","-","-","1,294.80","1,234.52","1,081.85","1,037.51","963.34","16,720","17,780","18,204"
"2016/12/14","708.0","714.0","706.0","714.0","+8.0","15,800","11,208","5,700","9,700","1.70","-","-","713.80","694.88","629.56","623.95","630.42","26,720","24,904","13,984"
"2023/09/29","1,309.0","1,368.0","1,298.0","1,350.0","+34.0","37,700","50,431","700","1,200","1.71","-","-","1,319.40","1,265.60","1,124.95","1,070.92","981.42","14,040","12,796","18,624"
"2021/07/01","907.0","913.0","906.0","913.0","+6.0","3,200","2,905","700","1,200","1.71","-","-","907.60","902.84","895.89","894.19","894.44","5,660","3,936","6,270"
"2017/02/03","828.0","828.0","813.0","814.0","-14.0","11,500","9,420","7,000","12,000","1.71","-","-","823.80","796.92","717.83","684.51","649.86","17,820","23,464","24,253"
"2017/02/02","835.0","839.0","820.0","828.0","-4.0","18,700","15,494","7,000","12,000","1.71","-","-","827.60","795.44","714.76","682.31","649.09","20,060","24,168","24,120"
"2017/02/01","822.0","837.0","820.0","832.0","+14.0","14,500","12,002","7,000","12,000","1.71","-","-","831.80","793.04","711.52","679.91","648.25","24,260","25,368","23,898"
"2017/01/31","825.0","825.0","814.0","818.0","-9.0","12,100","9,938","7,000","12,000","1.71","-","-","835.20","791.48","708.29","677.49","647.35","41,940","27,032","23,833"
"2016/12/12","715.0","729.0","712.0","717.0","-1.0","31,800","22,877","5,600","9,700","1.73","-","-","714.60","689.56","626.80","621.42","630.00","24,440","24,228","13,374"
"2023/11/02","1,327.0","1,379.0","1,327.0","1,367.0","+43.0","25,100","34,094","800","1,400","1.75","-","-","1,334.20","1,318.88","1,234.53","1,165.12","1,030.87","12,740","18,172","20,042"
"2014/04/24","485.0","485.0","480.0","480.0","-3.0","1,200","578","2,400","4,200","1.75","-","-","482.60","-","-","-","-","1,640","-","-"
"2021/03/01","896.0","899.0","887.0","899.0","+3.0","7,000","6,272","900","1,600","1.78","-","-","895.60","879.80","888.56","893.24","885.79","6,780","7,276","6,869"
"2014/04/22","481.0","485.0","481.0","481.0","+1.0","500","241","1,800","3,200","1.78","-","-","485.20","-","-","-","-","3,680","-","-"
"2017/01/26","856.0","868.0","833.0","849.0","0.0","39,700","33,877","7,000","12,500","1.79","-","-","821.60","784.08","698.53","670.49","644.87","52,060","31,096","23,117"
"2016/12/16","720.0","723.0","705.0","710.0","-10.0","34,400","24,605","5,700","10,200","1.79","-","-","713.40","701.60","632.63","626.49","630.90","29,140","25,436","14,661"
"2016/12/13","714.0","720.0","698.0","706.0","-11.0","31,200","22,109","5,700","10,200","1.79","-","-","713.80","692.04","628.16","622.65","630.18","25,840","25,104","13,777"
"2021/04/21","896.0","899.0","895.0","896.0","-4.0","4,000","3,586","500","900","1.80","-","-","898.60","891.88","886.59","889.93","894.59","6,080","9,588","8,750"
"2019/11/12","826.0","829.0","821.0","822.0","-4.0","13,600","11,189","1,000","1,800","1.80","-","-","831.80","787.88","787.60","787.11","824.61","19,220","9,524","7,749"
"2018/01/10","855.0","860.0","855.0","858.0","+5.0","4,400","3,774","500","900","1.80","-","-","850.60","828.40","814.69","810.79","821.50","7,060","10,308","10,548"
"2017/12/11","818.0","825.0","818.0","821.0","+3.0","4,600","3,779","500","900","1.80","-","-","819.00","811.64","806.60","808.82","829.07","12,660","9,820","10,173"
"2017/12/04","815.0","815.0","809.0","812.0","0.0","13,900","11,267","500","900","1.80","-","-","810.80","811.28","805.17","807.41","830.01","6,440","10,664","9,701"
"2018/07/18","879.0","882.0","876.0","881.0","+7.0","21,900","19,263","1,100","2,000","1.82","-","-","868.20","870.60","858.95","855.40","839.72","8,740","5,736","7,242"
"2015/06/09","729.0","730.0","722.0","729.0","0.0","5,500","4,001","1,700","3,100","1.82","-","-","726.00","724.96","700.51","664.29","587.55","6,160","8,676","16,418"
"2015/04/02","658.0","659.0","650.0","654.0","+1.0","4,100","2,681","4,800","8,800","1.83","-","-","664.60","692.88","596.56","573.46","538.61","11,500","25,572","20,388"
"2015/03/13","715.0","727.0","706.0","723.0","+17.0","21,900","15,723","5,500","10,100","1.84","-","-","691.00","632.68","558.68","544.09","521.35","30,340","19,624","16,074"
"2014/04/18","489.0","489.0","489.0","489.0","+3.0","800","391","1,900","3,500","1.84","-","-","486.40","-","-","-","-","4,900","-","-"
"2014/04/17","490.0","490.0","485.0","486.0","-4.0","4,600","2,253","1,900","3,500","1.84","-","-","483.00","-","-","-","-","5,320","-","-"
"2017/04/05","862.0","880.0","856.0","871.0","+12.0","25,900","22,506","12,000","22,200","1.85","-","-","907.60","931.92","852.93","813.42","703.53","39,180","38,060","35,945"
"2016/12/09","714.0","718.0","710.0","718.0","+4.0","28,600","20,427","5,200","9,600","1.85","-","-","711.80","686.40","625.27","620.10","629.75","26,180","23,328","13,026"
"2014/03/24","506.0","510.0","505.0","509.0","0.0","6,300","3,198","2,700","5,000","1.85","-","-","-","-","-","-","-","-","-","-"
"2021/07/26","881.0","885.0","868.0","868.0","-17.0","15,900","13,958","700","1,300","1.86","-","-","894.20","904.40","897.76","897.05","895.17","12,180","5,088","4,340"
"2019/11/13","824.0","824.0","820.0","822.0","0.0","11,900","9,778","700","1,300","1.86","-","-","826.20","790.00","787.83","787.46","824.48","12,340","9,908","7,801"
"2023/11/07","1,415.0","1,431.0","1,373.0","1,396.0","-19.0","10,500","14,769","800","1,500","1.88","-","-","1,364.80","1,324.68","1,245.07","1,174.88","1,035.92","17,240","18,120","20,232"
"2014/04/21","481.0","491.0","480.0","480.0","-9.0","4,800","2,317","1,800","3,400","1.89","-","-","485.80","-","-","-","-","5,300","-","-"
"2017/04/04","890.0","897.0","855.0","859.0","-43.0","47,100","41,181","12,000","23,000","1.92","-","-","931.60","935.20","850.84","811.14","702.18","52,840","39,300","35,810"
"2015/04/01","661.0","665.0","653.0","653.0","-8.0","6,400","4,218","4,800","9,200","1.92","-","-","673.80","692.16","594.63","571.86","537.69","19,120","26,596","20,556"
"2018/08/14","906.0","907.0","901.0","907.0","+9.0","1,600","1,448","1,400","2,700","1.93","-","-","907.80","904.84","878.40","868.72","850.47","3,460","13,776","9,173"
"2018/08/13","906.0","906.0","896.0","898.0","-8.0","5,000","4,504","1,400","2,700","1.93","-","-","915.80","903.16","877.57","868.07","849.98","10,880","13,752","9,612"
"2015/04/03","659.0","661.0","656.0","658.0","+4.0","4,000","2,636","4,600","8,900","1.93","-","-","660.40","693.92","598.52","575.07","539.56","7,280","25,280","20,322"
"2014/08/19","504.0","504.0","500.0","501.0","-2.0","5,600","2,819","1,500","2,900","1.93","-","-","503.60","497.72","483.53","483.56","-","5,740","10,564","7,165"
"2017/03/31","958.0","958.0","932.0","943.0","-20.0","32,200","30,427","11,600","22,500","1.94","-","-","974.20","936.76","846.33","806.35","699.60","52,960","38,784","35,229"
"2016/12/08","715.0","716.0","703.0","714.0","0.0","26,200","18,673","4,900","9,600","1.96","-","-","712.00","683.48","623.83","618.74","629.46","26,020","22,632","12,678"
"2016/12/05","714.0","724.0","699.0","703.0","-16.0","40,500","28,696","4,900","9,600","1.96","-","-","708.40","676.84","619.68","614.61","628.44","30,460","25,164","11,978"
"2016/11/28","694.0","712.0","694.0","695.0","+1.0","24,300","17,062","5,500","10,900","1.98","-","-","698.40","654.40","613.41","607.40","627.65","29,740","20,096","10,240"
"2023/05/22","898.0","909.0","895.0","897.0","-1.0","29,000","26,146","100","200","2.00","-","-","898.80","898.40","893.40","893.88","883.92","19,060","11,532","8,701"
"2023/04/24","893.0","898.0","893.0","898.0","+7.0","3,800","3,406","100","200","2.00","-","-","894.20","885.56","892.57","889.17","881.16","7,040","8,500","6,208"
"2022/12/16","873.0","876.0","871.0","876.0","-1.0","6,200","5,413","100","200","2.00","-","-","874.20","869.56","869.99","873.89","865.64","5,700","4,308","3,400"
"2022/09/29","860.0","872.0","860.0","860.0","-15.0","1,700","1,464","100","200","2.00","-","-","871.80","870.76","872.00","866.02","872.16","3,840","2,792","6,118"
"2022/05/27","851.0","851.0","847.0","847.0","-4.0","600","510","100","200","2.00","-","-","849.20","845.88","860.91","871.10","886.56","2,100","4,776","6,320"
"2022/05/17","834.0","840.0","834.0","840.0","+1.0","3,600","3,008","100","200","2.00","-","-","840.20","848.76","866.12","875.14","888.83","4,600","3,676","5,946"
"2021/12/21","904.0","904.0","867.0","896.0","+3.0","22,300","19,936","100","200","2.00","-","-","895.00","891.12","898.52","902.54","899.85","8,800","6,372","4,244"
"2020/12/23","906.0","910.0","900.0","910.0","+10.0","17,800","16,140","500","1,000","2.00","-","-","902.00","896.96","899.41","898.86","861.73","11,400","5,428","4,256"
"2020/07/21","900.0","902.0","890.0","902.0","+7.0","9,900","8,880","100","200","2.00","-","-","898.60","891.76","835.37","821.20","834.11","9,320","8,348","7,488"
"2020/04/22","792.0","801.0","791.0","793.0","-3.0","4,300","3,417","500","1,000","2.00","-","-","792.20","763.16","831.85","839.29","815.15","6,300","8,612","8,926"
"2019/07/30","814.0","814.0","803.0","804.0","-6.0","17,100","13,869","700","1,400","2.00","-","-","802.80","791.32","804.61","829.50","856.65","16,360","7,428","7,994"
"2018/11/12","919.0","920.0","911.0","919.0","+9.0","5,900","5,415","100","200","2.00","-","-","901.80","879.44","898.04","892.86","870.91","8,820","6,708","7,056"
"2018/11/08","918.0","933.0","907.0","911.0","+19.0","25,100","23,093","100","200","2.00","-","-","885.00","878.40","898.44","892.17","870.34","10,180","6,684","7,634"
"2018/09/03","901.0","905.0","897.0","902.0","+5.0","3,000","2,702","1,100","2,200","2.00","-","-","897.20","907.24","885.96","877.80","856.60","2,660","5,720","7,597"
"2018/08/31","897.0","897.0","894.0","897.0","+2.0","1,800","1,612","1,100","2,200","2.00","-","-","894.80","908.64","885.53","877.23","856.14","3,740","6,312","7,594"
"2018/08/30","894.0","895.0","894.0","895.0","-1.0","1,100","984","1,100","2,200","2.00","-","-","895.40","910.88","885.11","876.68","855.69","5,080","8,120","7,689"
"2018/08/29","893.0","900.0","890.0","896.0","0.0","5,600","5,003","1,100","2,200","2.00","-","-","898.00","912.80","884.73","876.14","855.27","4,940","9,340","7,762"
"2018/08/24","918.0","918.0","897.0","900.0","-8.0","8,500","7,709","1,100","2,200","2.00","-","-","905.80","915.84","883.29","874.41","854.11","2,800","11,172","8,170"
"2018/08/20","916.0","917.0","907.0","910.0","0.0","1,200","1,095","1,100","2,200","2.00","-","-","910.80","912.68","881.12","871.47","852.36","3,500","14,016","8,201"
"2018/08/17","928.0","930.0","910.0","910.0","-9.0","6,200","5,710","1,100","2,200","2.00","-","-","908.40","910.88","880.55","870.91","851.89","4,260","14,060","8,310"
"2018/07/04","861.0","865.0","860.0","861.0","-4.0","5,300","4,562","1,000","2,000","2.00","-","-","866.80","867.80","856.03","851.89","836.83","3,840","5,232","7,972"
"2018/07/03","864.0","867.0","864.0","865.0","+2.0","2,400","2,076","1,000","2,000","2.00","-","-","870.60","867.36","855.81","851.51","836.51","3,160","5,260","8,192"
"2018/07/02","872.0","875.0","863.0","863.0","-9.0","6,600","5,739","1,000","2,000","2.00","-","-","873.60","866.92","855.65","851.01","836.17","3,200","5,300","8,186"
"2018/06/29","873.0","875.0","871.0","872.0","-1.0","700","611","1,000","2,000","2.00","-","-","876.00","866.84","855.48","850.88","835.84","3,640","5,132","8,162"
"2018/06/28","871.0","873.0","863.0","873.0","-7.0","4,200","3,648","1,000","2,000","2.00","-","-","877.40","866.60","855.20","850.73","835.47","4,500","5,336","8,241"
"2018/06/27","878.0","880.0","875.0","880.0","0.0","1,900","1,667","1,000","2,000","2.00","-","-","878.60","866.36","854.88","850.55","835.11","4,040","5,232","8,369"
"2018/06/26","872.0","880.0","872.0","880.0","+5.0","2,600","2,276","1,000","2,000","2.00","-","-","878.40","866.00","854.49","850.28","834.72","4,280","5,292","8,388"
"2018/02/09","810.0","815.0","798.0","803.0","-20.0","25,100","20,240","500","1,000","2.00","-","-","822.80","850.24","828.55","821.97","816.12","16,900","11,004","10,933"
"2018/01/09","854.0","855.0","852.0","853.0","+2.0","6,000","5,123","500","1,000","2.00","-","-","848.60","826.48","813.92","810.15","821.76","9,020","10,332","10,677"
"2018/01/05","854.0","854.0","848.0","851.0","+1.0","5,500","4,680","500","1,000","2.00","-","-","846.80","824.80","813.23","809.62","822.07","11,320","10,156","10,820"
"2017/12/28","853.0","853.0","846.0","848.0","+4.0","14,200","12,090","700","1,400","2.00","-","-","835.20","820.28","811.41","808.02","823.19","15,140","9,636","11,058"
"2017/12/12","820.0","824.0","820.0","823.0","+2.0","4,400","3,613","500","1,000","2.00","-","-","819.80","811.88","806.96","809.09","828.79","7,220","9,784","10,198"
"2014/08/20","504.0","505.0","501.0","503.0","+2.0","5,800","2,924","1,500","3,000","2.00","-","-","503.60","497.64","484.00","483.59","-","6,200","10,428","7,234"
"2017/02/15","861.0","870.0","858.0","863.0","+22.0","43,000","37,114","6,700","13,500","2.01","-","-","837.20","816.28","744.17","704.53","656.57","43,960","32,944","28,368"
"2016/12/02","720.0","725.0","703.0","719.0","+5.0","27,800","19,903","4,900","9,900","2.02","-","-","706.80","672.64","618.49","613.30","628.19","27,220","23,904","11,544"
"2015/05/15","730.0","733.0","723.0","729.0","+4.0","7,900","5,760","2,400","4,900","2.04","-","-","731.20","715.52","664.99","629.36","568.20","11,700","14,312","20,760"
"2017/02/16","860.0","876.0","855.0","863.0","0.0","53,900","46,740","6,300","12,900","2.05","-","-","844.40","819.64","747.68","707.34","657.54","35,420","34,492","29,069"
"2014/07/31","504.0","505.0","502.0","504.0","+1.0","13,500","6,806","1,900","3,900","2.05","-","-","496.40","495.00","479.79","-","-","19,520","9,700","6,880"
"2015/06/08","726.0","730.0","722.0","729.0","+4.0","7,000","5,088","1,800","3,700","2.06","-","-","726.20","724.00","698.76","662.26","586.39","6,660","8,828","16,490"
"2014/04/23","484.0","484.0","483.0","483.0","+2.0","900","435","1,800","3,700","2.06","-","-","483.80","-","-","-","-","2,320","-","-"
"2015/03/10","664.0","685.0","664.0","674.0","+16.0","18,700","12,633","3,000","6,200","2.07","-","-","660.20","615.08","550.53","538.17","517.55","11,900","23,836","14,842"
"2018/08/23","903.0","908.0","903.0","908.0","-1.0","400","362","1,100","2,300","2.09","-","-","907.80","915.52","882.80","873.78","853.71","2,340","11,308","8,109"
"2018/08/22","895.0","909.0","895.0","909.0","+7.0","2,100","1,887","1,100","2,300","2.09","-","-","910.00","914.92","882.21","872.94","853.23","3,280","12,752","8,140"
"2018/08/21","910.0","910.0","902.0","902.0","-8.0","1,800","1,629","1,100","2,300","2.09","-","-","909.80","913.80","881.64","872.14","852.78","3,540","13,544","8,146"
"2018/08/16","906.0","919.0","902.0","919.0","+11.0","5,100","4,629","1,100","2,300","2.09","-","-","907.60","908.88","880.08","870.17","851.41","3,380","13,860","8,676"
"2018/08/02","906.0","907.0","900.0","904.0","-8.0","4,600","4,152","1,000","2,100","2.10","-","-","926.00","889.36","870.75","863.50","846.16","16,420","11,924","9,568"
"2017/04/03","930.0","930.0","872.0","902.0","-41.0","59,500","53,555","11,900","25,100","2.11","-","-","958.60","937.24","848.80","808.99","700.98","55,280","39,384","35,598"
"2014/08/21","504.0","504.0","500.0","500.0","-3.0","2,800","1,403","1,500","3,200","2.13","-","-","502.60","497.68","484.44","483.62","-","6,100","9,892","7,238"
"2017/04/25","871.0","880.0","865.0","870.0","-9.0","17,000","14,831","6,500","14,000","2.15","-","-","862.60","889.76","868.57","837.04","722.91","14,940","31,920","33,457"
"2016/12/07","710.0","715.0","708.0","714.0","+4.0","11,400","8,107","4,900","10,600","2.16","-","-","712.00","681.16","622.40","617.43","629.24","30,320","22,240","12,344"
"2016/12/06","714.0","714.0","707.0","710.0","+7.0","24,200","17,192","4,900","10,700","2.18","-","-","710.40","678.84","621.01","616.06","628.91","31,640","23,136","12,234"
"2019/01/25","870.0","870.0","861.0","870.0","+2.0","5,000","4,344","500","1,100","2.20","-","-","865.00","861.44","876.33","882.52","878.47","4,560","9,380","7,097"
"2018/08/28","895.0","896.0","890.0","896.0","+6.0","1,800","1,607","1,000","2,200","2.20","-","-","900.60","914.36","884.35","875.55","854.87","4,240","10,272","7,821"
"2018/08/27","900.0","901.0","886.0","890.0","-10.0","8,400","7,516","1,000","2,200","2.20","-","-","901.80","915.48","883.80","874.96","854.47","4,240","11,124","7,906"
"2017/12/20","820.0","823.0","818.0","823.0","+4.0","16,100","13,230","500","1,100","2.20","-","-","820.80","813.92","808.65","808.41","826.11","8,360","8,488","10,398"
"2017/12/19","816.0","820.0","816.0","819.0","-3.0","7,700","6,292","500","1,100","2.20","-","-","818.80","813.52","808.35","808.79","826.70","7,220","8,320","10,256"
"2017/12/18","823.0","823.0","817.0","822.0","+2.0","6,000","4,927","500","1,100","2.20","-","-","819.60","813.16","808.09","809.08","827.37","6,560","8,212","10,230"
"2017/12/15","819.0","820.0","814.0","820.0","0.0","7,100","5,806","500","1,100","2.20","-","-","819.40","812.64","807.75","809.23","827.81","6,280","8,196","10,274"
"2014/08/22","504.0","505.0","501.0","502.0","+2.0","2,300","1,157","1,500","3,300","2.20","-","-","501.80","498.16","485.12","483.66","-","4,840","9,328","7,194"
"2018/07/09","860.0","865.0","860.0","865.0","+4.0","1,000","863","900","2,000","2.22","-","-","860.80","868.00","856.68","853.30","837.69","3,500","4,876","7,809"
"2018/07/06","855.0","861.0","854.0","861.0","+9.0","2,700","2,314","900","2,000","2.22","-","-","860.40","867.68","856.37","852.76","837.37","4,620","5,164","7,856"
"2018/07/05","861.0","861.0","851.0","852.0","-9.0","6,100","5,217","900","2,000","2.22","-","-","862.60","867.56","856.12","852.18","837.09","4,220","5,340","7,954"
"2021/04/22","900.0","901.0","897.0","901.0","+5.0","7,000","6,298","400","900","2.25","-","-","899.00","892.00","886.71","890.05","894.60","5,580","9,012","8,773"
"2021/04/20","900.0","901.0","896.0","900.0","+1.0","4,400","3,953","400","900","2.25","-","-","897.40","891.92","886.45","889.85","894.56","5,860","9,832","8,762"
"2021/04/19","900.0","902.0","899.0","899.0","0.0","5,100","4,591","400","900","2.25","-","-","895.20","891.88","886.47","889.75","894.53","5,240","10,496","8,761"
"2021/04/16","900.0","900.0","890.0","899.0","0.0","7,400","6,648","400","900","2.25","-","-","893.40","891.76","886.53","889.62","894.54","4,960","10,972","8,778"
"2015/03/24","700.0","711.0","695.0","709.0","-26.0","77,600","54,558","5,300","11,900","2.25","-","-","737.60","675.64","580.91","560.98","531.47","38,460","24,872","19,561"
"2015/03/11","675.0","718.0","670.0","694.0","+20.0","60,400","42,250","4,600","10,400","2.26","-","-","668.60","621.32","553.08","539.93","518.75","22,960","25,864","15,552"
"2015/03/31","676.0","677.0","660.0","661.0","-15.0","14,200","9,498","4,800","11,000","2.29","-","-","684.00","690.84","592.71","570.25","536.78","22,500","26,904","20,522"
"2022/07/26","890.0","900.0","890.0","900.0","+16.0","24,100","21,523","300","700","2.33","-","-","882.20","866.04","855.56","857.49","876.45","14,500","11,040","6,081"
"2018/06/25","879.0","879.0","873.0","875.0","-4.0","8,800","7,727","900","2,100","2.33","-","-","878.40","865.68","854.11","850.00","834.32","6,480","5,484","8,409"
"2017/04/26","872.0","875.0","870.0","872.0","+2.0","7,300","6,373","6,200","14,600","2.35","-","-","867.40","887.80","869.79","838.70","724.47","13,900","31,576","33,402"
"2016/11/25","708.0","720.0","694.0","694.0","-7.0","70,900","50,288","5,600","13,300","2.38","-","-","697.40","650.16","612.36","606.08","627.62","26,760","19,308","10,060"
"2021/07/05","913.0","913.0","909.0","913.0","-1.0","500","456","500","1,200","2.40","-","-","910.80","904.20","896.32","895.04","894.69","1,300","3,904","5,782"
"2021/07/02","914.0","914.0","910.0","914.0","+1.0","900","821","500","1,200","2.40","-","-","908.40","903.60","896.13","894.63","894.54","1,700","3,936","6,056"
"2018/09/18","906.0","914.0","905.0","914.0","+5.0","10,800","9,820","500","1,200","2.40","-","-","900.00","900.64","890.49","883.34","861.03","6,380","3,916","7,610"
"2017/01/25","819.0","855.0","815.0","849.0","+35.0","102,900","85,867","7,500","18,000","2.40","-","-","807.20","778.52","694.99","667.93","643.99","45,360","30,884","22,690"
"2018/07/17","868.0","874.0","867.0","874.0","+9.0","13,600","11,825","900","2,200","2.44","-","-","865.00","869.92","858.25","855.02","839.32","4,700","5,120","7,032"
"2018/07/10","865.0","865.0","863.0","865.0","0.0","1,700","1,470","900","2,200","2.44","-","-","860.80","868.44","856.96","853.87","838.01","3,360","4,636","7,717"
"2017/02/13","827.0","838.0","826.0","833.0","+11.0","28,600","23,799","6,100","15,100","2.48","-","-","835.40","810.84","737.35","699.26","654.78","53,840","31,100","27,641"
"2016/12/01","708.0","720.0","695.0","714.0","+8.0","47,700","33,803","4,700","11,700","2.49","-","-","701.80","667.88","617.12","611.71","627.96","35,840","22,844","11,221"
"2016/11/30","700.0","709.0","695.0","706.0","+6.0","18,000","12,653","5,500","13,700","2.49","-","-","699.20","663.28","615.76","610.23","627.79","29,680","21,216","10,640"
"2020/06/24","899.0","901.0","894.0","900.0","+9.0","6,300","5,664","200","500","2.50","-","-","883.80","854.44","801.83","821.89","823.66","5,920","5,908","7,948"
"2019/10/23","770.0","770.0","768.0","770.0","0.0","7,000","5,387","400","1,000","2.50","-","-","769.00","774.12","784.59","785.02","828.02","8,000","6,224","6,160"
"2019/10/09","769.0","769.0","766.0","768.0","+1.0","800","614","400","1,000","2.50","-","-","766.80","779.00","786.20","788.00","832.25","4,100","5,048","6,165"
"2019/10/08","765.0","769.0","763.0","767.0","+4.0","3,100","2,374","400","1,000","2.50","-","-","766.80","779.56","786.29","788.28","832.83","4,780","5,100","6,298"
"2018/10/02","901.0","909.0","901.0","908.0","+4.0","1,500","1,356","400","1,000","2.50","-","-","905.60","901.08","896.49","887.74","865.31","6,340","5,208","7,904"
"2018/09/28","901.0","910.0","900.0","906.0","+6.0","5,800","5,231","400","1,000","2.50","-","-","909.60","900.92","895.48","886.89","864.42","8,100","5,400","7,962"
"2018/09/26","910.0","915.0","908.0","910.0","-7.0","3,600","3,281","400","1,000","2.50","-","-","913.20","901.12","894.40","886.12","863.59","6,900","4,596","7,745"
"2018/09/25","907.0","919.0","907.0","917.0","+2.0","8,700","7,912","400","1,000","2.50","-","-","914.00","901.12","893.69","885.69","863.10","8,340","4,500","7,734"
"2017/02/10","837.0","837.0","821.0","822.0","-5.0","29,400","24,386","6,100","15,500","2.54","-","-","836.00","809.00","734.12","696.77","653.95","53,820","30,572","27,321"
"2018/06/20","880.0","880.0","872.0","879.0","-1.0","3,100","2,719","900","2,300","2.56","-","-","877.60","864.56","852.69","849.24","833.13","9,300","5,500","8,441"
"2020/05/18","810.0","848.0","800.0","843.0","+42.0","18,500","15,252","2,700","7,000","2.59","-","-","802.20","790.72","813.29","831.23","815.80","12,500","7,640","9,004"
"2021/01/26","877.0","881.0","872.0","872.0","-2.0","5,800","5,079","500","1,300","2.60","-","-","866.80","887.08","896.09","896.03","873.98","10,360","9,956","5,813"
"2019/12/24","878.0","880.0","870.0","880.0","+9.0","30,200","26,465","500","1,300","2.60","-","-","866.20","855.36","811.07","805.65","818.23","15,940","8,544","8,173"
"2018/09/20","920.0","920.0","908.0","908.0","-8.0","5,600","5,135","500","1,300","2.60","-","-","908.80","901.00","892.00","884.72","862.05","8,100","4,436","7,638"
"2016/11/29","695.0","701.0","692.0","700.0","+5.0","18,300","12,725","5,500","14,400","2.62","-","-","698.20","658.76","614.59","608.78","627.73","28,900","20,644","10,466"
"2018/08/01","924.0","925.0","910.0","912.0","-12.0","7,700","7,081","800","2,100","2.63","-","-","933.80","888.40","869.96","862.97","845.67","21,820","11,816","9,525"
"2017/02/09","855.0","855.0","824.0","827.0","-24.0","96,600","80,723","6,100","16,100","2.64","-","-","834.40","807.56","731.01","694.43","653.21","50,240","30,388","26,990"
"2023/03/24","889.0","890.0","887.0","888.0","-2.0","10,700","9,508","600","1,600","2.67","-","-","889.00","895.92","891.60","886.25","878.20","5,000","6,116","5,893"
"2021/02/25","900.0","900.0","893.0","900.0","+10.0","9,000","8,094","600","1,600","2.67","-","-","890.00","877.08","888.64","893.35","884.81","4,860","7,732","6,717"
"2020/12/25","920.0","920.0","908.0","910.0","-10.0","15,300","14,047","600","1,600","2.67","-","-","908.40","898.88","899.99","899.00","862.77","16,340","6,596","4,720"
"2017/12/21","823.0","823.0","819.0","822.0","-1.0","5,000","4,104","600","1,600","2.67","-","-","821.20","814.64","808.93","808.08","825.66","8,380","7,940","10,309"
"2017/12/06","813.0","823.0","813.0","820.0","+1.0","12,700","10,376","300","800","2.67","-","-","814.60","811.36","805.68","808.01","829.69","14,220","11,328","10,102"
"2017/12/05","810.0","819.0","807.0","819.0","+7.0","31,600","25,633","300","800","2.67","-","-","812.80","811.36","805.37","807.73","829.90","12,000","11,700","10,052"
"2015/01/29","536.0","539.0","528.0","536.0","0.0","17,100","9,150","1,500","4,000","2.67","-","-","532.20","526.16","512.00","514.33","499.20","10,360","13,840","9,253"
"2017/04/28","869.0","869.0","859.0","867.0","-2.0","9,300","8,036","5,400","14,600","2.70","-","-","871.40","880.40","872.05","841.73","727.52","13,360","28,532","33,350"
"2017/04/27","872.0","872.0","864.0","869.0","-3.0","9,700","8,418","5,400","14,600","2.70","-","-","870.40","884.32","870.88","840.25","725.98","13,420","29,640","33,429"
"2017/02/14","831.0","845.0","831.0","841.0","+8.0","22,200","18,589","5,600","15,100","2.70","-","-","834.80","813.24","740.65","701.79","655.63","54,380","31,532","27,888"
"2019/10/15","770.0","772.0","766.0","768.0","0.0","13,200","10,154","400","1,100","2.75","-","-","767.20","776.72","785.68","786.75","830.66","4,500","5,612","5,900"
"2019/10/11","767.0","768.0","766.0","768.0","+3.0","2,200","1,688","400","1,100","2.75","-","-","766.20","777.56","785.83","787.24","831.20","2,540","5,240","6,053"
"2019/10/10","769.0","769.0","762.0","765.0","-3.0","3,200","2,451","400","1,100","2.75","-","-","766.40","778.20","785.96","787.65","831.64","2,560","5,172","6,165"
"2018/10/01","907.0","907.0","902.0","904.0","-2.0","2,600","2,355","400","1,100","2.75","-","-","907.40","900.76","895.99","887.29","864.86","7,780","5,488","7,966"
"2018/09/27","910.0","911.0","900.0","900.0","-10.0","18,200","16,407","400","1,100","2.75","-","-","910.00","901.04","894.92","886.49","863.99","8,060","5,252","7,972"
"2018/09/19","919.0","919.0","914.0","916.0","+2.0","12,400","11,391","400","1,100","2.75","-","-","904.80","901.00","891.28","884.05","861.56","7,580","4,348","7,666"
"2017/12/13","823.0","823.0","810.0","813.0","-10.0","10,400","8,499","400","1,100","2.75","-","-","818.40","811.80","807.20","809.20","828.48","6,760","9,960","10,261"
"2019/04/26","821.0","870.0","812.0","825.0","+4.0","38,000","31,838","900","2,500","2.78","-","-","832.60","855.36","885.75","882.49","888.49","17,220","9,672","8,981"
"2021/01/25","874.0","874.0","870.0","874.0","+13.0","9,100","7,948","500","1,400","2.80","-","-","870.00","888.16","896.83","896.11","873.41","11,300","9,948","5,922"
"2018/10/22","886.0","891.0","880.0","888.0","+6.0","3,600","3,184","500","1,400","2.80","-","-","895.00","902.44","900.13","891.94","870.04","5,020","5,900","7,744"
"2018/09/21","911.0","920.0","911.0","915.0","+7.0","4,200","3,849","500","1,400","2.80","-","-","912.40","900.84","892.85","885.27","862.57","7,340","4,400","7,664"
"2018/01/04","856.0","856.0","849.0","850.0","+9.0","11,400","9,734","500","1,400","2.80","-","-","843.40","823.12","812.55","809.05","822.43","14,220","10,088","11,188"
"2017/12/29","850.0","850.0","841.0","841.0","-7.0","8,000","6,773","500","1,400","2.80","-","-","838.60","821.52","811.95","808.46","822.76","15,400","9,716","11,089"
"2017/05/01","867.0","880.0","867.0","868.0","+1.0","7,500","6,523","5,400","15,100","2.80","-","-","869.20","875.92","873.19","843.38","729.00","10,160","26,916","33,285"
"2014/08/04","505.0","505.0","505.0","505.0","-1.0","600","303","1,100","3,100","2.82","-","-","503.20","496.36","480.37","-","-","13,600","10,136","6,965"
"2018/06/18","878.0","880.0","876.0","880.0","+1.0","9,200","8,079","700","2,000","2.86","-","-","871.80","863.56","852.04","848.72","832.31","7,720","5,496","8,414"
"2015/07/30","714.0","715.0","711.0","715.0","+2.0","15,100","10,775","1,400","4,000","2.86","-","-","714.40","713.80","719.52","713.91","623.84","12,460","8,104","9,708"
"2018/06/22","876.0","879.0","875.0","879.0","0.0","5,000","4,390","900","2,600","2.89","-","-","879.40","865.48","853.73","849.80","833.94","6,560","5,308","8,325"
"2018/06/21","879.0","879.0","877.0","879.0","0.0","1,900","1,669","900","2,600","2.89","-","-","879.40","865.12","853.20","849.53","833.53","8,440","5,220","8,354"
"2015/03/09","661.0","666.0","655.0","658.0","+1.0","20,000","13,215","2,000","5,900","2.95","-","-","657.00","609.72","548.27","536.61","516.52","10,800","23,772","14,644"
"2021/09/10","909.0","910.0","907.0","908.0","-3.0","2,900","2,635","200","600","3.00","-","-","909.20","913.76","907.31","903.81","896.64","1,740","3,032","4,540"
"2021/09/09","912.0","912.0","911.0","911.0","-1.0","1,000","912","200","600","3.00","-","-","909.80","913.64","907.16","903.63","896.59","1,840","3,284","4,565"
"2021/09/08","907.0","916.0","907.0","912.0","+4.0","3,500","3,196","200","600","3.00","-","-","910.00","913.40","906.95","903.41","896.52","1,820","3,284","4,578"
"2021/07/07","905.0","913.0","905.0","908.0","+3.0","1,000","908","400","1,200","3.00","-","-","910.60","904.96","896.56","895.75","894.92","1,260","3,744","5,385"
"2021/07/06","911.0","911.0","904.0","905.0","-8.0","700","636","400","1,200","3.00","-","-","910.40","904.52","896.43","895.39","894.80","1,300","3,740","5,657"
"2021/06/21","900.0","903.0","900.0","900.0","-3.0","2,000","1,802","300","900","3.00","-","-","904.20","896.88","894.72","891.33","893.79","5,820","3,268","6,478"
"2021/06/18","908.0","908.0","902.0","903.0","-4.0","1,300","1,177","300","900","3.00","-","-","905.40","896.20","894.65","890.94","893.77","6,600","3,440","6,554"
"2021/02/12","880.0","884.0","876.0","884.0","+7.0","9,700","8,536","500","1,500","3.00","-","-","875.00","874.52","890.01","893.73","880.82","10,560","9,020","6,498"
"2021/02/02","872.0","874.0","867.0","872.0","0.0","8,800","7,664","500","1,500","3.00","-","-","872.60","880.36","893.96","894.89","877.76","6,860","8,440","6,028"
"2021/01/27","873.0","873.0","866.0","867.0","-5.0","4,600","4,004","500","1,500","3.00","-","-","867.00","885.80","895.32","895.76","874.71","8,560","9,908","5,786"
"2021/01/22","863.0","865.0","860.0","861.0","0.0","9,500","8,193","500","1,500","3.00","-","-","872.00","889.20","897.17","896.25","872.85","11,760","9,848","5,832"
"2021/01/21","866.0","867.0","859.0","861.0","-5.0","13,800","11,912","500","1,500","3.00","-","-","877.20","890.68","897.72","896.59","872.35","14,040","9,676","5,762"
"2020/06/22","867.0","899.0","867.0","899.0","+33.0","13,600","12,084","100","300","3.00","-","-","869.80","848.32","799.57","822.05","822.57","7,240","6,192","7,922"
"2020/06/19","865.0","866.0","864.0","866.0","+3.0","1,900","1,645","100","300","3.00","-","-","862.00","846.08","798.61","822.08","822.04","8,300","6,388","7,838"
"2020/06/18","863.0","863.0","858.0","863.0","-2.0","2,300","1,980","100","300","3.00","-","-","859.00","843.48","798.07","822.48","821.66","8,900","6,548","8,117"
"2020/06/12","843.0","851.0","841.0","851.0","+2.0","4,900","4,140","100","300","3.00","-","-","847.60","832.48","798.69","824.16","820.19","2,720","6,548","8,128"
"2020/06/11","847.0","849.0","846.0","849.0","+3.0","2,700","2,289","100","300","3.00","-","-","845.60","830.60","799.32","824.68","819.90","2,120","6,384","8,116"
"2020/06/10","845.0","847.0","845.0","846.0","+1.0","500","423","100","300","3.00","-","-","845.20","828.68","799.96","825.17","819.60","1,940","6,404","8,120"
"2020/06/09","845.0","845.0","845.0","845.0","-2.0","500","423","100","300","3.00","-","-","844.00","826.80","800.55","825.69","819.32","2,480","6,400","8,294"
"2020/06/08","842.0","847.0","842.0","847.0","+6.0","5,000","4,220","100","300","3.00","-","-","843.60","824.72","801.27","826.16","819.03","5,200","6,440","8,404"
"2020/03/13","730.0","734.0","687.0","734.0","-31.0","35,300","25,356","100","300","3.00","-","-","756.20","846.28","866.57","850.46","818.85","13,760","10,596","9,600"
"2020/01/15","898.0","903.0","898.0","903.0","+5.0","9,700","8,724","100","300","3.00","-","-","895.20","875.12","826.31","816.22","816.16","9,960","12,024","9,510"
"2020/01/10","898.0","899.0","894.0","898.0","+6.0","12,600","11,310","100","300","3.00","-","-","888.80","871.04","823.27","814.03","816.32","9,980","11,420","9,348"
"2018/11/09","915.0","915.0","908.0","910.0","-1.0","2,700","2,460","100","300","3.00","-","-","892.00","878.56","898.25","892.47","870.60","8,040","6,608","7,362"
"2018/10/19","893.0","893.0","880.0","882.0","-20.0","6,700","5,936","500","1,500","3.00","-","-","896.40","902.44","899.83","891.60","869.82","6,440","5,876","7,728"
"2018/01/22","860.0","862.0","858.0","858.0","-4.0","7,400","6,367","500","1,500","3.00","-","-","861.60","842.68","821.13","815.89","817.76","9,560","9,512","9,914"
"2017/12/08","817.0","820.0","817.0","818.0","+1.0","6,800","5,559","300","900","3.00","-","-","817.20","811.52","806.21","808.54","829.28","14,520","10,144","10,176"
"2017/12/07","817.0","818.0","814.0","817.0","-3.0","7,600","6,202","300","900","3.00","-","-","816.00","811.60","805.95","808.26","829.46","14,740","10,320","10,108"
"2015/07/31","710.0","714.0","708.0","713.0","-2.0","6,500","4,621","1,500","4,500","3.00","-","-","714.00","713.68","719.56","714.47","624.84","11,640","8,000","9,129"
"2014/08/01","503.0","508.0","501.0","506.0","+2.0","17,200","8,687","1,100","3,300","3.00","-","-","500.60","495.52","480.09","-","-","18,240","10,280","7,072"
"2017/04/24","865.0","880.0","865.0","879.0","+17.0","23,500","20,518","4,500","13,600","3.02","-","-","862.40","892.32","867.47","835.34","721.37","15,840","32,412","33,436"
"2017/02/08","849.0","870.0","834.0","851.0","+7.0","95,100","80,805","6,900","21,400","3.10","-","-","834.60","805.48","727.84","692.05","652.45","34,660","27,444","25,845"
"2015/03/30","677.0","684.0","676.0","676.0","-3.0","7,700","5,225","6,100","19,000","3.11","-","-","693.60","688.88","590.67","568.49","535.81","35,180","26,724","20,380"
"2017/05/02","870.0","870.0","852.0","857.0","-11.0","12,500","10,741","4,900","15,500","3.16","-","-","866.60","870.44","874.33","844.85","730.46","9,260","25,044","33,177"
"2021/03/05","898.0","899.0","896.0","899.0","+1.0","5,500","4,942","500","1,600","3.20","-","-","897.40","884.36","888.77","892.58","887.81","5,900","7,016","6,993"
"2021/03/04","896.0","913.0","896.0","898.0","+2.0","5,800","5,227","500","1,600","3.20","-","-","896.80","883.08","888.63","892.84","887.23","6,600","6,980","6,945"
"2021/03/03","895.0","899.0","895.0","896.0","+1.0","3,500","3,138","500","1,600","3.20","-","-","897.20","882.04","888.48","893.13","886.71","7,240","6,980","6,937"
"2021/03/02","899.0","900.0","895.0","895.0","-4.0","7,700","6,920","500","1,600","3.20","-","-","896.00","881.16","888.51","893.17","886.24","7,320","7,204","6,940"
"2021/02/24","893.0","893.0","887.0","890.0","-3.0","3,900","3,471","500","1,600","3.20","-","-","887.20","876.60","888.73","893.36","884.28","4,040","7,792","6,618"
"2021/02/22","884.0","894.0","884.0","893.0","+10.0","5,000","4,453","500","1,600","3.20","-","-","886.80","876.36","888.72","893.39","883.78","4,780","8,092","6,721"
"2021/02/19","885.0","889.0","883.0","883.0","-1.0","2,800","2,480","500","1,600","3.20","-","-","886.40","876.12","888.87","893.40","883.18","5,520","8,728","6,701"
"2021/02/18","886.0","888.0","884.0","884.0","-2.0","3,600","3,192","500","1,600","3.20","-","-","886.60","875.92","889.16","893.55","882.66","6,900","8,952","6,668"
"2021/02/17","888.0","892.0","886.0","886.0","-2.0","4,900","4,352","500","1,600","3.20","-","-","885.20","875.60","889.47","893.60","882.22","6,900","8,952","6,646"
"2021/02/16","891.0","893.0","888.0","888.0","-3.0","7,600","6,767","500","1,600","3.20","-","-","882.40","875.16","889.65","893.60","881.75","7,460","9,240","6,621"
"2021/02/15","889.0","891.0","884.0","891.0","+7.0","8,700","7,731","500","1,600","3.20","-","-","878.80","874.80","889.85","893.65","881.29","9,160","9,212","6,525"
"2021/02/04","868.0","883.0","868.0","870.0","0.0","5,500","4,797","500","1,600","3.20","-","-","872.60","877.40","892.69","894.45","878.87","6,900","7,928","6,028"
"2021/02/03","871.0","873.0","870.0","870.0","-2.0","3,400","2,963","500","1,600","3.20","-","-","873.20","878.76","893.36","894.68","878.35","6,620","7,964","6,044"
"2021/02/01","879.0","879.0","866.0","872.0","-7.0","9,100","7,938","500","1,600","3.20","-","-","872.60","882.28","894.29","895.13","877.06","6,260","8,920","5,982"
"2021/01/29","871.0","879.0","870.0","879.0","+6.0","7,700","6,726","500","1,600","3.20","-","-","873.00","883.80","894.72","895.36","876.37","6,260","9,268","5,876"
"2021/01/28","866.0","873.0","865.0","873.0","+6.0","4,100","3,562","500","1,600","3.20","-","-","869.40","884.64","894.92","895.50","875.56","6,620","9,836","5,798"
"2020/12/30","895.0","896.0","886.0","886.0","-15.0","4,900","4,358","500","1,600","3.20","-","-","904.20","899.96","900.40","898.99","864.41","10,340","6,752","4,892"
"2015/08/03","717.0","717.0","709.0","714.0","+1.0","2,800","1,998","1,400","4,500","3.21","-","-","714.20","713.52","719.32","715.03","625.82","11,460","7,904","8,645"
"2022/08/31","866.0","872.0","866.0","872.0","+2.0","1,300","1,131","400","1,300","3.25","-","-","872.20","883.44","866.91","862.53","874.46","2,880","4,560","6,360"
"2022/08/30","871.0","871.0","865.0","870.0","+6.0","2,800","2,428","400","1,300","3.25","-","-","872.40","884.56","866.47","862.39","874.60","3,300","5,472","6,413"
"2022/08/29","873.0","873.0","864.0","864.0","-11.0","4,100","3,552","400","1,300","3.25","-","-","874.40","885.12","866.05","862.20","874.75","2,880","6,324","6,432"
"2022/08/26","876.0","876.0","875.0","875.0","-5.0","1,500","1,314","400","1,300","3.25","-","-","877.40","885.60","865.72","862.07","874.90","2,520","6,536","6,489"
"2022/08/25","878.0","882.0","878.0","880.0","+7.0","4,700","4,128","400","1,300","3.25","-","-","878.00","885.60","865.31","861.82","874.99","2,760","6,748","6,489"
"2022/08/24","875.0","882.0","873.0","873.0","-7.0","3,400","2,979","400","1,300","3.25","-","-","880.00","885.44","864.81","861.51","875.07","1,940","6,884","6,437"
"2022/08/10","880.0","886.0","880.0","884.0","+4.0","1,900","1,675","400","1,300","3.25","-","-","884.00","875.84","860.20","859.82","875.69","3,080","7,656","6,618"
"2022/08/09","884.0","890.0","878.0","880.0","-4.0","2,000","1,766","400","1,300","3.25","-","-","883.60","875.20","859.80","859.62","875.77","3,140","8,072","6,622"
"2018/10/18","905.0","905.0","902.0","902.0","-3.0","800","723","400","1,300","3.25","-","-","899.40","902.84","899.57","891.39","869.58","5,980","5,864","7,726"
"2018/10/17","905.0","908.0","901.0","905.0","+7.0","5,300","4,797","400","1,300","3.25","-","-","897.80","902.24","899.17","891.03","869.20","6,640","6,008","7,725"
"2018/10/10","894.0","900.0","893.0","900.0","+6.0","3,400","3,049","400","1,300","3.25","-","-","899.20","901.96","897.81","889.64","867.30","3,620","5,184","7,582"
"2018/10/09","897.0","897.0","893.0","894.0","-3.0","1,100","985","400","1,300","3.25","-","-","900.80","901.84","897.53","889.29","866.90","3,240","5,120","7,562"
"2018/10/05","903.0","903.0","895.0","897.0","-9.0","3,400","3,058","400","1,300","3.25","-","-","902.80","901.88","897.33","889.02","866.53","3,540","5,120","7,589"
"2018/10/04","897.0","906.0","894.0","906.0","+7.0","4,600","4,136","400","1,300","3.25","-","-","904.60","901.84","897.11","888.72","866.11","4,020","5,208","7,725"
"2018/09/14","900.0","909.0","900.0","909.0","+12.0","3,700","3,340","400","1,300","3.25","-","-","894.60","900.00","889.75","882.65","860.51","5,100","3,684","7,561"
"2018/07/26","948.0","950.0","936.0","943.0","+8.0","31,600","29,848","800","2,600","3.25","-","-","918.60","879.88","865.28","859.49","843.05","21,020","9,448","8,706"
"2015/03/27","678.0","685.0","678.0","679.0","-21.0","25,100","17,062","6,300","20,500","3.25","-","-","705.40","686.36","588.41","566.71","534.78","38,900","27,020","20,374"
"2017/05/08","875.0","875.0","852.0","861.0","+4.0","10,500","9,061","4,800","15,900","3.31","-","-","864.40","865.24","875.75","846.32","731.88","9,900","21,696","33,054"
"2019/10/07","769.0","769.0","763.0","763.0","-6.0","3,400","2,604","300","1,000","3.33","-","-","767.40","780.16","786.40","788.57","833.38","5,880","5,148","6,472"
"2019/10/04","769.0","769.0","765.0","769.0","+2.0","2,300","1,763","300","1,000","3.33","-","-","768.80","781.12","786.61","788.93","834.00","7,280","5,068","6,510"
"2019/02/06","892.0","904.0","885.0","901.0","+14.0","10,700","9,596","300","1,000","3.33","-","-","879.80","864.92","873.95","880.83","879.86","7,280","6,868","7,250"
"2019/02/05","879.0","887.0","871.0","887.0","+14.0","12,200","10,728","300","1,000","3.33","-","-","873.00","863.76","873.87","880.77","879.58","6,060","7,128","7,250"
"2019/02/04","870.0","882.0","870.0","873.0","+4.0","4,100","3,578","300","1,000","3.33","-","-","869.00","862.60","874.00","880.91","879.36","4,420","8,132","7,146"
"2019/01/18","852.0","855.0","849.0","853.0","+1.0","7,200","6,137","300","1,000","3.33","-","-","851.80","863.80","879.04","884.56","877.74","7,860","9,720","7,216"
"2019/01/17","853.0","853.0","848.0","852.0","+4.0","9,200","7,818","300","1,000","3.33","-","-","853.60","864.76","879.89","885.13","877.65","6,800","9,532","7,236"
"2018/07/25","939.0","942.0","922.0","935.0","+11.0","28,900","27,052","800","2,700","3.38","-","-","908.60","877.32","863.92","858.62","842.35","22,000","8,308","8,348"
"2021/02/26","900.0","900.0","886.0","896.0","-4.0","9,000","8,057","500","1,700","3.40","-","-","892.40","878.28","888.57","893.28","885.30","5,940","7,548","6,824"
"2021/01/04","887.0","895.0","886.0","892.0","+6.0","5,300","4,705","500","1,700","3.40","-","-","898.60","900.08","900.51","899.21","865.07","7,240","6,920","4,924"
"2018/01/23","858.0","860.0","838.0","856.0","-2.0","20,500","17,479","500","1,700","3.40","-","-","858.80","844.40","821.88","816.50","817.23","10,560","9,916","10,066"
"2024/02/07","1,656.0","1,892.0","1,622.0","1,750.0","+126.0","609,000","1,076,941","3,600","12,300","3.42","-","-","1,652.20","1,527.64","1,407.51","1,382.58","1,198.15","162,700","48,104","32,673"
"2015/03/06","663.0","665.0","657.0","657.0","-3.0","8,200","5,422","1,900","6,500","3.42","-","-","658.40","604.84","546.13","535.21","515.58","13,420","23,204","14,408"
"2019/05/09","829.0","844.0","818.0","826.0","-3.0","18,700","15,511","700","2,400","3.43","-","-","827.60","848.00","884.45","880.81","888.08","17,120","9,004","9,077"
"2018/09/12","893.0","893.0","888.0","888.0","-4.0","3,000","2,670","700","2,400","3.43","-","-","890.20","900.48","888.44","881.48","859.57","3,920","3,316","7,530"
"2018/08/07","899.0","947.0","898.0","947.0","+48.0","38,700","35,346","900","3,100","3.44","-","-","915.20","895.44","874.19","865.60","847.92","14,060","13,784","9,525"
"2017/05/09","861.0","880.0","855.0","880.0","+19.0","19,600","17,069","4,700","16,200","3.45","-","-","866.60","861.92","877.28","847.98","733.36","11,880","21,232","33,122"
"2017/05/16","795.0","805.0","795.0","798.0","-1.0","34,700","27,688","3,300","11,500","3.48","-","-","838.00","851.84","879.33","854.13","739.74","28,880","19,304","32,024"
"2023/02/08","889.0","905.0","889.0","890.0","0.0","38,600","34,595","400","1,400","3.50","-","-","890.00","895.52","881.75","878.59","871.00","9,440","3,696","4,810"
"2021/09/07","907.0","914.0","907.0","908.0","+1.0","1,000","908","200","700","3.50","-","-","910.00","913.32","906.55","903.19","896.44","2,700","3,280","4,570"
"2021/09/06","911.0","911.0","907.0","907.0","-4.0","300","273","200","700","3.50","-","-","910.20","913.56","906.24","902.99","896.34","2,660","3,324","4,576"
"2021/09/03","910.0","911.0","901.0","911.0","-1.0","3,400","3,085","200","700","3.50","-","-","911.20","913.56","905.95","902.75","896.24","2,820","3,652","4,625"
"2021/09/02","913.0","918.0","912.0","912.0","0.0","900","823","200","700","3.50","-","-","909.80","914.04","905.53","902.47","896.18","3,100","4,148","4,680"
"2021/09/01","909.0","919.0","909.0","912.0","+3.0","7,900","7,194","200","700","3.50","-","-","909.40","914.60","905.15","902.22","896.11","3,040","4,948","4,752"
"2019/04/17","850.0","850.0","837.0","840.0","-9.0","10,200","8,599","400","1,400","3.50","-","-","848.60","880.20","888.24","885.96","889.77","10,080","7,880","9,030"
"2018/10/03","901.0","901.0","897.0","899.0","-9.0","5,600","5,038","400","1,400","3.50","-","-","903.40","901.44","896.76","888.21","865.70","6,740","5,096","7,786"
"2018/09/13","888.0","897.0","888.0","897.0","+9.0","8,000","7,134","400","1,400","3.50","-","-","890.60","899.88","889.07","882.00","860.01","5,300","3,608","7,557"
"2018/07/31","937.0","937.0","922.0","924.0","-13.0","5,000","4,654","600","2,100","3.50","-","-","938.40","887.12","869.07","862.36","845.11","26,060","11,612","9,473"
"2018/07/30","957.0","957.0","933.0","937.0","-16.0","17,800","16,897","600","2,100","3.50","-","-","938.40","885.16","867.99","861.59","844.50","29,680","11,764","9,453"
"2014/06/19","492.0","494.0","491.0","491.0","-1.0","4,200","2,069","1,200","4,200","3.50","-","-","485.60","467.60","-","-","-","8,400","5,288","-"
"2017/05/17","801.0","801.0","795.0","795.0","-3.0","19,400","15,502","3,300","11,600","3.52","-","-","821.40","848.76","878.61","854.98","740.74","30,640","19,368","31,753"
"2019/05/08","836.0","836.0","827.0","829.0","-8.0","6,300","5,243","700","2,500","3.57","-","-","829.00","849.80","884.93","881.39","888.26","15,880","8,692","8,861"
"2019/05/07","836.0","838.0","828.0","837.0","+12.0","5,300","4,421","700","2,500","3.57","-","-","831.20","852.68","885.37","881.91","888.37","17,420","9,348","8,802"
"2021/02/10","875.0","879.0","872.0","877.0","+5.0","3,600","3,150","500","1,800","3.60","-","-","872.20","874.56","890.36","893.87","880.34","9,720","8,940","6,418"
"2021/02/09","874.0","880.0","870.0","872.0","+2.0","7,700","6,729","500","1,800","3.60","-","-","870.80","874.80","890.89","894.08","879.89","9,680","8,928","6,406"
"2021/02/08","872.0","875.0","866.0","870.0","-2.0","16,100","14,015","500","1,800","3.60","-","-","870.80","875.60","891.45","894.20","879.55","9,900","8,832","6,322"
"2021/02/05","870.0","885.0","870.0","872.0","+2.0","15,700","13,744","500","1,800","3.60","-","-","871.20","876.24","892.12","894.33","879.25","8,500","8,384","6,177"
"2015/10/06","664.0","665.0","655.0","665.0","+6.0","2,900","1,922","1,000","3,600","3.60","-","-","647.00","641.24","682.67","693.26","659.16","4,600","4,724","8,149"
"2015/10/05","653.0","660.0","643.0","659.0","+16.0","7,200","4,724","1,000","3,600","3.60","-","-","638.00","641.16","683.51","693.95","658.38","4,780","4,876","8,217"
"2015/03/05","653.0","667.0","653.0","660.0","+8.0","7,500","4,947","2,300","8,300","3.61","-","-","653.40","600.00","544.00","533.77","514.63","14,040","23,560","14,365"
"2017/05/10","885.0","885.0","874.0","878.0","-2.0","10,600","9,310","4,200","15,300","3.64","-","-","868.80","859.32","878.63","849.58","734.84","12,140","20,368","33,181"
"2019/10/16","768.0","770.0","767.0","768.0","0.0","13,400","10,292","300","1,100","3.67","-","-","767.40","776.12","785.52","786.41","830.09","6,560","5,884","6,009"
"2019/02/01","870.0","875.0","868.0","869.0","0.0","3,000","2,608","300","1,100","3.67","-","-","868.40","861.80","874.28","881.20","879.22","4,360","8,572","7,146"
"2019/01/31","867.0","886.0","866.0","869.0","+2.0","6,400","5,588","300","1,100","3.67","-","-","868.60","860.72","874.69","881.48","879.08","4,760","8,744","7,152"
"2019/01/30","867.0","867.0","861.0","867.0","0.0","4,600","3,971","300","1,100","3.67","-","-","868.40","860.44","875.03","881.74","878.94","4,000","8,908","7,081"
"2019/01/29","870.0","876.0","858.0","867.0","-3.0","4,000","3,449","300","1,100","3.67","-","-","868.40","860.12","875.43","882.03","878.79","3,440","9,192","7,065"
"2019/01/28","871.0","873.0","862.0","870.0","0.0","3,800","3,289","300","1,100","3.67","-","-","867.60","860.84","875.95","882.32","878.64","3,140","9,212","7,073"
"2019/01/11","862.0","863.0","860.0","862.0","0.0","2,500","2,155","300","1,100","3.67","-","-","863.60","869.88","882.49","887.03","877.55","5,420","8,848","7,137"
"2019/01/10","865.0","866.0","862.0","862.0","-3.0","1,900","1,642","300","1,100","3.67","-","-","861.40","870.76","883.19","887.39","877.45","6,740","8,964","7,248"
"2019/01/09","857.0","885.0","845.0","865.0","+1.0","18,700","16,131","300","1,100","3.67","-","-","859.20","871.52","883.81","887.83","877.37","8,080","9,172","7,272"
"2018/06/19","880.0","883.0","878.0","880.0","0.0","13,600","11,969","600","2,200","3.67","-","-","875.00","864.08","852.39","848.96","832.73","9,140","5,640","8,558"
"2018/06/15","874.0","880.0","874.0","879.0","+9.0","14,400","12,623","600","2,200","3.67","-","-","868.00","862.56","851.64","848.50","831.89","6,120","5,456","8,405"
"2017/12/14","819.0","821.0","816.0","820.0","+7.0","4,900","4,012","300","1,100","3.67","-","-","819.00","812.16","807.47","809.25","828.16","6,220","8,404","10,253"
"2016/11/24","707.0","707.0","695.0","701.0","0.0","16,900","11,844","3,600","13,200","3.67","-","-","696.80","645.96","611.24","604.74","627.60","15,060","16,900","9,176"
"2014/06/18","490.0","492.0","490.0","492.0","+6.0","12,600","6,181","1,200","4,400","3.67","-","-","481.80","466.76","-","-","-","8,000","5,424","-"
"2020/07/10","894.0","915.0","894.0","915.0","+20.0","12,700","11,551","1,500","5,600","3.73","-","-","899.80","879.76","823.56","821.40","830.40","4,520","6,204","7,278"
"2018/10/16","899.0","904.0","896.0","898.0","+3.0","8,700","7,824","400","1,500","3.75","-","-","896.80","901.60","898.75","890.65","868.79","6,260","5,984","7,710"
"2018/10/15","900.0","904.0","890.0","895.0","-2.0","10,700","9,605","400","1,500","3.75","-","-","896.00","901.48","898.51","890.38","868.41","4,740","5,680","7,620"
"2018/10/12","890.0","898.0","889.0","897.0","+3.0","4,400","3,926","400","1,500","3.75","-","-","896.40","901.48","898.31","890.15","868.05","3,280","5,300","7,512"
"2018/10/11","894.0","899.0","893.0","894.0","-6.0","4,100","3,668","400","1,500","3.75","-","-","898.20","901.64","898.01","889.88","867.66","3,320","5,228","7,570"
"2020/12/24","913.0","920.0","911.0","920.0","+10.0","20,800","19,021","600","2,300","3.83","-","-","906.20","898.00","899.73","898.81","862.23","14,440","6,096","4,524"
"2018/07/27","955.0","974.0","933.0","953.0","+10.0","47,000","44,838","700","2,700","3.86","-","-","930.80","882.84","866.76","860.61","843.81","28,040","11,252","9,281"
"2014/07/28","485.0","492.0","483.0","492.0","+7.0","23,800","11,590","1,300","5,100","3.92","-","-","489.40","494.76","478.56","-","-","15,760","8,912","6,374"
"2023/06/05","916.0","918.0","912.0","916.0","0.0","7,500","6,870","100","400","4.00","-","-","916.40","905.84","896.27","895.94","885.16","9,560","12,320","9,088"
"2023/06/02","918.0","920.0","910.0","916.0","-2.0","8,200","7,514","100","400","4.00","-","-","916.20","905.12","895.93","895.76","884.98","9,560","12,104","9,021"
"2023/05/18","900.0","904.0","893.0","893.0","-5.0","13,400","12,027","100","400","4.00","-","-","900.80","897.44","893.33","893.80","883.86","25,080","10,960","8,192"
"2022/09/27","875.0","880.0","873.0","875.0","+1.0","4,100","3,592","400","1,600","4.00","-","-","872.60","871.72","871.65","865.62","872.35","4,240","2,716","6,102"
"2022/06/22","850.0","857.0","847.0","847.0","+2.0","3,300","2,809","100","400","4.00","-","-","851.60","851.76","853.77","861.80","880.99","4,140","2,516","5,309"
"2020/12/29","897.0","908.0","897.0","901.0","-3.0","4,300","3,882","400","1,600","4.00","-","-","909.00","900.04","900.36","899.07","863.78","12,920","6,720","4,846"
"2020/12/28","900.0","906.0","899.0","904.0","-6.0","6,400","5,766","400","1,600","4.00","-","-","908.80","899.60","900.13","899.05","863.28","16,440","6,740","4,796"
"2020/06/29","886.0","890.0","882.0","890.0","-5.0","4,300","3,813","100","400","4.00","-","-","895.20","861.40","806.11","822.03","825.28","8,840","5,808","8,086"
"2020/06/16","854.0","858.0","854.0","856.0","-4.0","11,100","9,487","100","400","4.00","-","-","852.40","837.24","797.68","823.26","820.90","7,620","7,240","8,245"
"2020/01/14","898.0","898.0","895.0","898.0","0.0","9,900","8,886","100","400","4.00","-","-","893.00","872.84","824.79","815.11","816.23","10,760","11,700","9,428"
"2019/04/11","860.0","860.0","851.0","851.0","-4.0","4,800","4,100","400","1,600","4.00","-","-","858.80","890.72","888.56","888.32","890.40","4,160","6,932","9,017"
"2019/04/10","858.0","858.0","853.0","855.0","-3.0","2,800","2,396","400","1,600","4.00","-","-","861.20","894.12","889.01","888.91","890.54","3,620","6,776","9,013"
"2019/04/09","866.0","867.0","855.0","858.0","-8.0","4,600","3,958","400","1,600","4.00","-","-","863.00","897.68","889.41","889.47","890.66","4,160","6,776","9,082"
"2019/01/16","844.0","848.0","844.0","848.0","+4.0","5,700","4,817","300","1,200","4.00","-","-","856.20","866.20","880.73","885.80","877.58","8,700","9,264","7,169"
"2019/01/15","868.0","868.0","836.0","844.0","-18.0","14,700","12,480","300","1,200","4.00","-","-","859.40","867.96","881.53","886.40","877.56","7,880","9,316","7,168"
"2018/03/26","836.0","837.0","830.0","836.0","-2.0","18,700","15,610","1,400","5,700","4.07","-","-","840.40","845.12","840.00","832.86","817.74","10,760","8,532","10,250"
"2017/04/19","858.0","858.0","838.0","848.0","-21.0","12,500","10,652","3,400","13,900","4.09","-","-","836.80","897.76","863.93","830.29","716.79","24,220","33,256","33,610"
"2018/01/12","861.0","868.0","861.0","865.0","+7.0","6,700","5,790","600","2,500","4.17","-","-","857.00","832.36","816.35","811.97","820.92","5,300","9,860","10,060"
"2019/07/16","797.0","797.0","792.0","796.0","+4.0","7,700","6,130","400","1,700","4.25","-","-","787.80","784.36","814.12","842.56","862.12","4,220","6,072","7,717"
"2017/05/11","890.0","890.0","881.0","887.0","+9.0","10,000","8,865","4,000","17,100","4.28","-","-","872.60","858.72","880.00","851.28","736.35","12,640","18,388","33,144"
"2019/02/08","902.0","918.0","889.0","889.0","-46.0","35,800","32,181","700","3,000","4.29","-","-","897.00","868.72","874.23","881.23","880.59","33,820","11,468","8,958"
"2019/10/03","768.0","769.0","761.0","767.0","-1.0","10,900","8,344","300","1,300","4.33","-","-","769.00","781.84","786.85","789.23","834.62","8,920","5,064","6,532"
"2019/01/23","858.0","869.0","858.0","867.0","+4.0","1,800","1,551","300","1,300","4.33","-","-","858.40","862.20","877.32","883.22","878.08","6,320","9,412","7,050"
"2019/01/22","854.0","869.0","854.0","863.0","+6.0","2,500","2,148","300","1,300","4.33","-","-","854.60","861.80","877.84","883.64","877.89","7,100","9,576","7,104"
"2019/01/21","848.0","859.0","845.0","857.0","+4.0","10,900","9,260","300","1,300","4.33","-","-","850.80","862.76","878.33","884.03","877.75","9,540","10,024","7,313"
"2015/05/12","721.0","752.0","719.0","747.0","+26.0","20,800","15,308","2,900","12,700","4.38","-","-","727.00","707.32","657.03","622.80","564.73","11,400","13,668","20,598"
"2018/09/10","888.0","888.0","884.0","887.0","-2.0","4,400","3,894","500","2,200","4.40","-","-","893.40","903.80","887.57","880.48","858.75","2,800","4,816","7,482"
"2018/09/07","893.0","893.0","889.0","889.0","-6.0","4,700","4,182","500","2,200","4.40","-","-","896.40","904.28","887.29","879.94","858.34","2,520","4,928","7,501"
"2018/09/06","895.0","896.0","895.0","895.0","0.0","1,100","985","500","2,200","4.40","-","-","898.00","905.28","887.00","879.38","857.92","1,940","5,224","7,460"
"2018/09/05","900.0","900.0","895.0","895.0","-6.0","1,200","1,076","500","2,200","4.40","-","-","898.00","905.64","886.68","878.88","857.47","1,940","5,364","7,490"
"2018/09/04","902.0","902.0","899.0","901.0","-1.0","2,600","2,342","500","2,200","4.40","-","-","898.20","906.32","886.37","878.38","857.06","2,820","5,624","7,573"
"2018/06/14","868.0","870.0","865.0","870.0","+4.0","6,200","5,385","500","2,200","4.40","-","-","863.60","861.48","851.29","848.33","831.45","3,800","6,008","8,297"
"2018/06/13","868.0","868.0","866.0","866.0","+2.0","2,300","1,995","500","2,200","4.40","-","-","860.40","861.20","850.92","848.22","831.09","3,240","5,916","8,332"
"2014/06/10","469.0","471.0","469.0","470.0","-2.0","2,000","939","700","3,100","4.43","-","-","470.20","462.00","-","-","-","2,100","4,920","-"
"2021/05/11","896.0","898.0","896.0","897.0","-1.0","1,100","987","200","900","4.50","-","-","895.80","891.68","888.39","889.79","894.67","4,500","4,892","8,188"
"2021/05/10","900.0","900.0","896.0","898.0","-2.0","3,400","3,054","200","900","4.50","-","-","894.80","890.76","888.21","889.80","894.54","4,420","4,988","8,325"
"2021/04/26","900.0","902.0","897.0","898.0","-2.0","2,200","1,980","200","900","4.50","-","-","899.00","891.80","887.11","890.18","894.67","4,780","8,148","8,740"
"2018/01/25","850.0","853.0","848.0","850.0","-1.0","7,700","6,545","800","3,600","4.50","-","-","855.40","846.84","823.17","817.52","816.51","15,380","11,228","10,473"
"2015/10/08","674.0","674.0","666.0","672.0","+9.0","1,000","672","800","3,600","4.50","-","-","660.40","641.20","681.27","692.07","660.72","4,360","4,980","8,162"
"2015/10/07","668.0","694.0","653.0","663.0","-2.0","8,100","5,418","800","3,600","4.50","-","-","654.60","640.92","681.91","692.64","659.92","5,940","4,984","8,180"
"2018/01/24","860.0","860.0","848.0","851.0","-5.0","37,100","31,586","800","3,700","4.63","-","-","857.20","845.64","822.52","817.01","816.77","14,800","11,204","10,421"
"2019/01/24","860.0","868.0","859.0","868.0","+1.0","2,600","2,242","300","1,400","4.67","-","-","861.60","861.88","876.84","882.82","878.30","5,000","9,356","7,050"
"2016/11/22","701.0","708.0","697.0","701.0","0.0","14,100","9,905","2,800","13,200","4.71","-","-","694.60","641.68","609.85","603.29","627.56","16,260","16,660","8,989"
"2014/06/09","474.0","474.0","471.0","472.0","+5.0","1,700","805","700","3,300","4.71","-","-","470.00","461.92","-","-","-","3,200","4,864","-"
"2017/04/18","873.0","878.0","866.0","869.0","+21.0","21,500","18,717","2,900","13,700","4.72","-","-","831.40","900.76","862.85","828.82","715.36","24,660","33,880","33,606"
"2016/11/21","693.0","704.0","690.0","701.0","+11.0","22,500","15,690","2,800","13,400","4.79","-","-","690.20","637.36","608.51","601.89","627.47","17,720","16,380","8,840"
"2018/09/11","887.0","892.0","885.0","892.0","+5.0","6,400","5,675","500","2,400","4.80","-","-","891.60","901.60","887.99","881.04","859.17","3,560","3,524","7,536"
"2015/10/19","704.0","707.0","700.0","701.0","-4.0","11,800","8,310","800","3,900","4.88","-","-","694.80","654.04","679.41","690.12","666.20","8,820","5,884","8,285"
"2023/06/01","919.0","919.0","916.0","918.0","+2.0","5,200","4,775","100","500","5.00","-","-","915.40","904.48","895.59","895.55","884.82","10,100","12,368","9,009"
"2022/11/07","885.0","885.0","881.0","881.0","+2.0","3,300","2,917","100","500","5.00","-","-","876.00","870.52","875.47","871.63","868.88","1,440","2,092","3,958"
"2020/01/09","891.0","894.0","891.0","892.0","+7.0","6,400","5,711","100","500","5.00","-","-","884.20","869.24","821.79","812.95","816.41","8,800","11,020","9,284"
"2019/10/24","774.0","780.0","772.0","780.0","+10.0","17,700","13,726","200","1,000","5.00","-","-","771.40","773.76","784.45","784.86","827.71","8,860","6,844","6,381"
"2019/10/17","768.0","768.0","767.0","767.0","-1.0","5,200","3,993","200","1,000","5.00","-","-","767.20","775.64","785.28","786.03","829.50","7,440","5,968","6,070"
"2019/10/02","770.0","771.0","768.0","768.0","-2.0","4,200","3,233","200","1,000","5.00","-","-","772.20","782.64","787.11","789.67","835.24","9,440","4,716","6,533"
"2019/10/01","770.0","773.0","766.0","770.0","0.0","8,600","6,615","200","1,000","5.00","-","-","775.80","783.08","787.29","790.25","835.82","9,900","4,716","6,620"
"2019/09/30","768.0","772.0","766.0","770.0","0.0","10,400","7,993","200","1,000","5.00","-","-","779.60","784.04","787.57","790.84","836.38","8,580","4,852","6,513"
"2017/12/27","837.0","844.0","836.0","844.0","+10.0","17,500","14,674","300","1,500","5.00","-","-","830.00","818.72","810.73","807.76","823.62","13,300","9,264","10,881"
"2015/07/14","716.0","719.0","704.0","716.0","+17.0","11,000","7,881","400","2,000","5.00","-","-","704.20","717.28","712.97","704.70","613.31","5,760","6,472","10,120"
"2014/06/17","486.0","488.0","484.0","486.0","+1.0","8,100","3,937","500","2,500","5.00","-","-","477.00","465.80","-","-","-","6,440","5,080","-"
"2016/11/18","691.0","691.0","680.0","690.0","-1.0","9,400","6,482","2,800","14,500","5.18","-","-","684.60","633.04","607.25","600.49","627.36","17,400","15,708","8,612"
"2016/11/17","693.0","694.0","678.0","691.0","+1.0","12,400","8,544","2,800","14,500","5.18","-","-","678.60","628.80","606.19","599.44","627.31","17,880","15,392","8,546"
"2020/02/06","916.0","917.0","895.0","895.0","-21.0","15,700","14,235","2,000","10,400","5.20","-","-","900.80","895.88","853.55","834.34","817.09","11,620","8,212","9,729"
"2018/02/02","857.0","860.0","855.0","857.0","+2.0","7,100","6,094","500","2,600","5.20","-","-","854.40","854.36","827.37","820.79","816.33","7,340","10,468","10,533"
"2018/02/01","854.0","856.0","853.0","855.0","+2.0","4,900","4,182","500","2,600","5.20","-","-","853.40","853.12","826.63","820.20","816.22","6,540","10,876","10,477"
"2018/01/31","850.0","854.0","850.0","853.0","+1.0","7,900","6,722","500","2,600","5.20","-","-","852.40","851.88","825.91","819.67","816.22","7,100","10,948","10,524"
"2019/03/18","920.0","930.0","920.0","930.0","+14.0","15,900","14,714","400","2,100","5.25","-","-","919.00","924.64","889.71","886.83","888.93","6,120","5,572","8,506"
"2019/04/12","856.0","856.0","847.0","854.0","+3.0","3,600","3,062","300","1,600","5.33","-","-","856.80","887.64","888.49","887.67","890.27","3,800","6,924","8,909"
"2018/07/24","905.0","924.0","905.0","924.0","+25.0","23,100","21,107","600","3,200","5.33","-","-","897.80","875.12","862.61","857.81","841.68","20,600","7,696","8,068"
"2015/10/27","690.0","700.0","687.0","690.0","+1.0","2,000","1,384","600","3,200","5.33","-","-","689.00","668.48","677.32","688.40","671.43","3,180","4,860","8,032"
"2015/10/26","693.0","696.0","687.0","689.0","-3.0","3,000","2,078","600","3,200","5.33","-","-","689.60","666.00","677.61","688.80","670.59","3,360","4,984","8,049"
"2015/10/23","698.0","698.0","683.0","692.0","+11.0","6,300","4,364","600","3,200","5.33","-","-","692.00","663.60","677.89","689.07","669.72","5,120","5,188","8,057"
"2015/07/02","721.0","723.0","718.0","719.0","-2.0","7,400","5,329","1,300","7,000","5.38","-","-","717.40","722.60","716.49","695.54","605.83","8,260","7,968","13,753"
"2021/11/05","902.0","903.0","900.0","900.0","0.0","2,500","2,252","200","1,100","5.50","-","-","896.60","899.40","906.13","906.29","897.77","1,840","2,928","4,656"
"2014/06/03","478.0","479.0","469.0","469.0","-10.0","7,500","3,548","400","2,200","5.50","-","-","463.20","461.72","-","-","-","6,720","5,848","-"
"2015/06/30","706.0","720.0","706.0","720.0","+11.0","16,700","11,983","1,300","7,200","5.54","-","-","717.20","722.20","716.35","692.59","603.82","9,480","8,028","14,282"
"2017/05/18","792.0","792.0","784.0","787.0","-8.0","34,400","27,114","2,100","11,700","5.57","-","-","801.40","846.04","878.00","855.35","741.68","35,520","20,076","31,909"
"2017/04/21","851.0","863.0","847.0","862.0","+8.0","9,600","8,204","2,500","14,100","5.64","-","-","856.20","893.36","866.23","833.50","719.79","15,180","32,192","33,453"
"2023/03/16","889.0","889.0","884.0","889.0","0.0","7,600","6,735","300","1,700","5.67","-","-","893.60","896.88","890.01","885.53","877.26","9,080","6,312","5,697"
"2019/05/17","796.0","800.0","796.0","800.0","+4.0","6,800","5,420","300","1,700","5.67","-","-","798.00","833.24","880.24","875.63","886.14","11,920","10,712","9,476"
"2014/06/05","471.0","472.0","469.0","470.0","-2.0","900","424","400","2,300","5.75","-","-","469.40","461.76","-","-","-","6,120","4,856","-"
"2014/06/04","472.0","472.0","466.0","472.0","+3.0","1,400","657","400","2,300","5.75","-","-","466.80","461.64","-","-","-","6,540","5,140","-"
"2020/02/07","896.0","902.0","896.0","902.0","+7.0","7,000","6,294","1,800","10,400","5.78","-","-","901.40","896.96","855.33","835.53","817.31","11,540","7,912","9,644"
"2017/04/20","862.0","864.0","853.0","854.0","+6.0","12,100","10,396","2,400","13,900","5.79","-","-","846.60","895.32","865.07","831.82","718.28","19,180","32,856","33,632"
"2014/06/06","472.0","474.0","466.0","467.0","-3.0","4,500","2,119","500","2,900","5.80","-","-","471.40","461.80","-","-","-","6,420","4,908","-"
"2017/05/15","821.0","821.0","798.0","799.0","-29.0","47,400","38,374","2,300","13,400","5.83","-","-","854.40","854.60","880.01","853.35","738.65","25,860","19,032","32,933"
"2015/10/22","693.0","700.0","681.0","681.0","-12.0","3,100","2,149","600","3,500","5.83","-","-","694.60","660.92","678.17","689.28","668.81","6,020","5,636","7,990"
"2015/07/01","720.0","721.0","711.0","721.0","+1.0","5,500","3,957","1,200","7,000","5.83","-","-","716.80","722.40","716.55","694.43","604.83","8,600","7,904","13,946"
"2021/09/16","913.0","914.0","904.0","907.0","-6.0","9,500","8,641","100","600","6.00","-","-","909.20","914.08","908.01","904.22","897.04","4,740","3,600","4,753"
"2021/09/15","910.0","918.0","910.0","913.0","+3.0","5,000","4,564","100","600","6.00","-","-","910.00","914.24","907.89","904.15","896.95","3,040","3,304","4,644"
"2021/09/14","910.0","910.0","909.0","910.0","+2.0","3,100","2,821","100","600","6.00","-","-","909.80","914.00","907.65","904.01","896.82","2,740","3,176","4,589"
"2021/09/13","908.0","909.0","905.0","908.0","0.0","3,200","2,904","100","600","6.00","-","-","909.40","913.88","907.47","903.90","896.71","2,320","3,116","4,565"
"2019/03/29","859.0","864.0","847.0","855.0","+4.0","11,800","10,081","300","1,800","6.00","-","-","876.40","917.72","890.71","889.73","890.52","13,500","6,820","9,165"
"2018/08/06","914.0","916.0","899.0","899.0","-15.0","7,200","6,546","500","3,000","6.00","-","-","910.60","892.08","872.71","864.63","847.22","7,320","12,500","9,070"
"2017/12/25","824.0","826.0","822.0","826.0","+2.0","17,300","14,257","300","1,800","6.00","-","-","822.80","816.24","809.60","807.58","824.61","10,560","8,144","10,504"
"2017/12/22","822.0","824.0","820.0","824.0","+2.0","6,700","5,512","300","1,800","6.00","-","-","822.00","815.40","809.23","807.82","825.15","8,300","7,768","10,354"
"2017/04/17","820.0","855.0","820.0","848.0","+34.0","20,200","16,954","2,200","13,200","6.00","-","-","824.60","902.60","861.68","827.14","713.82","26,220","34,216","33,598"
"2015/10/02","642.0","645.0","634.0","643.0","0.0","2,600","1,669","600","3,600","6.00","-","-","635.60","640.72","684.51","694.83","657.63","3,660","4,844","8,376"
"2015/02/06","608.0","609.0","578.0","590.0","-18.0","82,500","49,225","3,500","22,300","6.37","-","-","562.60","536.96","515.67","517.00","501.59","63,580","22,396","12,984"
"2014/03/27","502.0","502.0","494.0","500.0","-4.0","11,900","5,942","1,600","10,200","6.38","-","-","-","-","-","-","-","-","-","-"
"2024/02/09","1,778.0","1,817.0","1,738.0","1,784.0","+6.0","56,500","100,862","3,300","21,400","6.48","-","-","1,713.80","1,556.24","1,419.52","1,393.07","1,207.04","192,160","57,284","35,036"
"2019/04/16","850.0","851.0","847.0","849.0","0.0","8,900","7,559","400","2,600","6.50","-","-","851.60","883.20","888.41","886.51","889.97","8,600","7,604","9,096"
"2018/02/06","830.0","830.0","802.0","815.0","-35.0","24,100","19,778","600","3,900","6.50","-","-","846.00","853.84","828.11","821.51","816.53","13,320","10,836","10,709"
"2015/10/20","704.0","705.0","692.0","693.0","-8.0","2,900","2,029","600","3,900","6.50","-","-","695.00","656.96","679.05","689.84","667.08","8,360","5,720","8,101"
"2015/10/09","675.0","692.0","667.0","692.0","+20.0","4,400","2,992","600","3,900","6.50","-","-","670.20","643.04","680.95","691.69","661.61","4,720","5,068","8,138"
"2015/02/10","589.0","590.0","585.0","590.0","+2.0","7,200","4,229","3,400","22,400","6.59","-","-","582.60","542.64","518.05","518.44","502.61","61,380","22,180","12,970"
"2015/07/06","710.0","714.0","708.0","710.0","-3.0","3,600","2,556","1,100","7,300","6.64","-","-","716.60","722.36","715.09","697.99","607.87","6,900","6,740","12,566"
"2017/12/26","834.0","835.0","826.0","834.0","+8.0","20,000","16,650","300","2,000","6.67","-","-","825.80","817.28","810.09","807.60","824.11","13,020","8,824","10,669"
"2015/10/21","693.0","694.0","690.0","693.0","0.0","1,500","1,038","600","4,000","6.67","-","-","696.80","659.56","678.68","689.61","667.96","7,820","5,592","8,048"
"2015/03/04","655.0","660.0","650.0","652.0","-6.0","5,100","3,340","2,100","14,100","6.71","-","-","648.60","595.04","541.85","532.30","513.58","18,480","23,540","14,361"
"2015/07/03","717.0","717.0","713.0","713.0","-6.0","1,300","929","1,100","7,400","6.73","-","-","716.40","722.60","715.80","696.77","606.89","7,480","7,828","13,145"
"2015/07/07","710.0","720.0","710.0","712.0","+2.0","3,300","2,366","1,100","7,500","6.82","-","-","715.00","721.64","714.59","699.21","608.83","4,220","6,552","11,960"
"2015/07/08","714.0","714.0","703.0","705.0","-7.0","3,800","2,690","1,100","7,600","6.91","-","-","711.80","721.08","713.93","700.36","609.74","3,880","6,484","11,809"
"2023/07/04","975.0","987.0","975.0","981.0","+6.0","7,400","7,265","100","700","7.00","-","-","962.40","933.68","907.16","904.60","891.45","7,780","12,716","11,076"
"2023/07/03","967.0","975.0","962.0","975.0","+15.0","6,600","6,398","100","700","7.00","-","-","955.60","931.08","905.93","903.69","890.87","8,220","12,856","11,116"
"2023/06/30","944.0","969.0","944.0","960.0","+12.0","9,300","8,918","100","700","7.00","-","-","949.80","928.68","904.80","902.84","890.31","8,560","12,892","11,166"
"2023/06/29","948.0","951.0","944.0","948.0","0.0","8,100","7,682","100","700","7.00","-","-","946.80","926.76","903.99","902.12","889.85","11,620","12,956","11,161"
"2023/06/28","949.0","949.0","945.0","948.0","+1.0","7,500","7,103","100","700","7.00","-","-","947.40","925.20","903.36","901.56","889.43","12,640","13,044","11,161"
"2023/06/27","943.0","947.0","936.0","947.0","+1.0","9,600","9,042","100","700","7.00","-","-","946.60","923.60","902.79","901.02","889.07","13,180","13,276","11,128"
"2023/06/26","945.0","951.0","941.0","946.0","+1.0","8,300","7,839","100","700","7.00","-","-","945.40","921.72","902.23","900.48","888.70","14,600","13,148","11,022"
"2023/06/23","951.0","951.0","941.0","945.0","-6.0","24,600","23,347","100","700","7.00","-","-","941.40","919.76","901.68","899.97","888.33","20,060","13,976","10,962"
"2023/06/21","938.0","947.0","938.0","944.0","+3.0","10,200","9,625","100","700","7.00","-","-","931.60","915.56","900.43","898.91","887.52","21,180","13,440","10,652"
"2023/06/14","920.0","926.0","920.0","924.0","+4.0","20,100","18,545","100","700","7.00","-","-","918.40","909.76","897.99","897.23","886.17","11,540","14,516","9,673"
"2023/06/09","916.0","918.0","912.0","917.0","+1.0","9,500","8,691","100","700","7.00","-","-","914.80","907.68","897.15","896.62","885.66","9,000","13,320","9,344"
"2023/06/08","913.0","916.0","912.0","916.0","+3.0","5,200","4,754","100","700","7.00","-","-","914.60","907.20","896.89","896.44","885.52","8,740","13,032","9,260"
"2023/06/07","916.0","916.0","911.0","913.0","+1.0","10,200","9,316","100","700","7.00","-","-","915.00","906.64","896.67","896.24","885.41","8,740","12,972","9,237"
"2023/06/06","916.0","917.0","910.0","912.0","-4.0","12,600","11,522","100","700","7.00","-","-","915.60","906.16","896.47","896.10","885.30","9,900","12,672","9,148"
"2019/07/29","802.0","810.0","790.0","810.0","+12.0","15,900","12,761","200","1,400","7.00","-","-","803.00","790.28","805.41","830.81","857.16","14,540","7,168","7,838"
"2019/04/05","864.0","865.0","862.0","864.0","+1.0","5,400","4,659","200","1,400","7.00","-","-","865.60","904.16","889.85","889.92","890.72","4,460","6,756","9,090"
"2019/04/04","867.0","867.0","861.0","863.0","-1.0","2,100","1,815","200","1,400","7.00","-","-","863.80","907.00","889.76","889.98","890.72","5,740","6,592","9,097"
"2019/04/03","867.0","867.0","859.0","864.0","-3.0","5,500","4,746","200","1,400","7.00","-","-","861.40","909.88","890.08","890.10","890.71","7,060","6,640","9,252"
"2019/03/20","937.0","940.0","931.0","931.0","-5.0","4,400","4,113","300","2,100","7.00","-","-","926.00","927.48","891.07","887.66","889.63","7,260","5,372","8,478"
"2019/03/19","939.0","939.0","925.0","936.0","+6.0","6,600","6,175","300","2,100","7.00","-","-","923.20","926.40","890.45","887.17","889.28","6,780","5,388","8,461"
"2014/07/18","489.0","489.0","483.0","484.0","-6.0","6,900","3,353","700","4,900","7.00","-","-","496.40","494.72","478.64","-","-","11,360","7,388","5,506"
"2014/03/28","500.0","500.0","495.0","497.0","-3.0","3,700","1,842","1,600","11,200","7.00","-","-","503.80","-","-","-","-","11,100","-","-"
"2024/02/16","1,701.0","1,790.0","1,700.0","1,777.0","+76.0","57,900","101,714","3,000","21,400","7.13","-","-","1,736.00","1,590.64","1,441.60","1,409.74","1,223.63","63,780","63,268","38,010"
"2024/02/13","1,784.0","1,800.0","1,720.0","1,724.0","-60.0","98,800","172,798","3,000","21,400","7.13","-","-","1,732.00","1,565.72","1,425.05","1,397.66","1,211.20","199,260","60,740","36,230"
"2015/10/01","625.0","643.0","620.0","643.0","+18.0","8,900","5,573","500","3,600","7.20","-","-","637.80","639.88","685.68","695.61","656.95","4,200","5,392","8,468"
"2015/10/13","685.0","692.0","684.0","692.0","0.0","5,200","3,577","600","4,400","7.33","-","-","676.80","644.80","680.53","691.29","662.52","4,320","5,196","8,176"
"2024/02/08","1,755.0","1,778.0","1,705.0","1,778.0","+28.0","201,100","350,355","2,900","21,300","7.34","-","-","1,672.40","1,542.72","1,413.31","1,387.68","1,202.58","192,140","55,808","34,438"
"2015/03/03","665.0","668.0","647.0","658.0","-7.0","13,200","8,718","2,000","14,700","7.35","-","-","642.20","590.32","539.80","530.94","512.63","20,280","23,696","14,353"
"2022/07/01","900.0","900.0","883.0","890.0","+7.0","7,900","7,062","800","5,900","7.38","-","-","872.80","857.60","854.24","860.08","879.57","19,600","6,460","6,348"
"2015/10/15","685.0","695.0","685.0","692.0","+8.0","12,100","8,328","600","4,500","7.50","-","-","686.40","647.16","679.69","690.51","664.29","5,380","5,516","8,140"
"2015/02/18","598.0","598.0","595.0","598.0","0.0","10,900","6,512","2,900","22,000","7.59","-","-","594.40","555.64","524.01","521.92","505.38","13,520","22,208","13,725"
"2018/02/08","824.0","829.0","820.0","823.0","0.0","4,900","4,035","500","3,800","7.60","-","-","833.60","852.12","828.59","821.99","816.45","13,300","10,456","10,677"
"2018/02/07","829.0","829.0","821.0","823.0","+8.0","7,800","6,426","500","3,800","7.60","-","-","840.00","852.84","828.33","821.77","816.57","13,300","10,580","10,689"
"2022/06/30","882.0","944.0","880.0","883.0","+3.0","44,300","40,212","700","5,400","7.71","-","-","866.80","855.88","853.79","860.02","879.65","21,760","6,168","6,324"
"2015/02/05","538.0","637.0","537.0","608.0","+71.0","203,200","121,063","2,200","17,100","7.77","-","-","551.80","533.76","514.56","516.12","501.06","48,240","19,852","11,996"
"2024/02/15","1,680.0","1,711.0","1,650.0","1,701.0","+7.0","51,800","87,338","2,700","21,400","7.93","-","-","1,736.20","1,580.88","1,435.39","1,405.54","1,219.23","92,420","62,548","37,386"
"2015/02/17","597.0","598.0","595.0","598.0","+1.0","14,700","8,781","2,900","23,000","7.93","-","-","592.80","552.76","522.76","521.21","504.80","12,780","22,124","13,622"
"2019/04/19","844.0","846.0","844.0","845.0","+1.0","1,300","1,099","200","1,600","8.00","-","-","845.40","874.40","887.69","884.83","889.44","9,380","7,828","8,369"
"2019/04/18","845.0","845.0","840.0","844.0","+4.0","3,600","3,032","200","1,600","8.00","-","-","847.20","877.28","888.05","885.38","889.62","9,840","7,944","8,581"
"2019/03/22","931.0","935.0","921.0","926.0","-5.0","7,900","7,332","200","1,600","8.00","-","-","927.80","927.88","891.53","888.04","889.99","8,000","5,296","8,573"
"2014/05/30","454.0","457.0","454.0","457.0","0.0","3,000","1,370","300","2,400","8.00","-","-","456.00","462.32","-","-","-","3,420","4,920","-"
"2015/02/09","595.0","595.0","584.0","588.0","-2.0","8,600","5,068","2,700","21,800","8.07","-","-","572.20","539.92","516.79","517.75","502.11","61,880","22,172","12,988"
"2015/10/14","692.0","692.0","671.0","684.0","-8.0","4,200","2,874","600","4,900","8.17","-","-","680.60","645.48","680.01","690.82","663.38","4,580","5,164","8,100"
"2015/02/16","590.0","600.0","590.0","597.0","+8.0","22,200","13,162","2,900","23,800","8.21","-","-","590.80","550.24","521.49","520.51","504.22","11,560","21,944","13,453"
"2019/04/15","853.0","863.0","849.0","849.0","-5.0","22,900","19,563","400","3,300","8.25","-","-","853.40","885.48","888.32","887.13","890.12","7,740","7,316","9,074"
"2014/04/02","497.0","497.0","492.0","494.0","-4.0","2,400","1,188","1,200","10,000","8.33","-","-","497.40","-","-","-","-","5,120","-","-"
"2015/10/16","695.0","705.0","691.0","705.0","+13.0","10,800","7,520","500","4,200","8.40","-","-","693.00","650.52","679.52","690.34","665.26","7,340","5,624","8,214"
"2019/05/20","801.0","809.0","800.0","809.0","+9.0","2,500","2,013","200","1,700","8.50","-","-","800.00","831.04","879.47","875.15","885.78","7,980","10,596","9,485"
"2018/05/11","864.0","868.0","850.0","852.0","-11.0","28,200","24,230","1,000","8,500","8.50","-","-","861.60","848.44","843.81","843.18","826.00","8,660","10,952","10,557"
"2015/02/13","590.0","590.0","587.0","589.0","-1.0","6,900","4,059","2,900","24,700","8.52","-","-","589.40","547.92","520.28","519.78","503.63","23,620","21,712","13,200"
"2014/04/01","498.0","498.0","493.0","498.0","0.0","3,400","1,685","1,300","11,100","8.54","-","-","499.40","-","-","-","-","9,560","-","-"
"2024/02/14","1,720.0","1,749.0","1,680.0","1,694.0","-30.0","53,900","92,490","2,500","21,400","8.56","-","-","1,746.00","1,573.72","1,430.25","1,401.70","1,215.18","203,860","62,232","36,888"
"2014/09/18","533.0","533.0","525.0","529.0","+2.0","10,400","5,524","500","4,300","8.60","-","-","526.20","512.24","498.52","489.32","-","11,000","10,688","8,884"
"2015/02/12","587.0","595.0","587.0","590.0","0.0","12,900","7,620","3,100","26,800","8.65","-","-","593.20","545.60","519.15","519.12","503.13","62,880","22,308","13,117"
"2024/02/20","1,920.0","1,947.0","1,848.0","1,888.0","+44.0","97,100","185,083","2,400","20,900","8.71","-","-","1,780.80","1,615.72","1,455.61","1,420.72","1,233.30","65,820","67,264","39,896"
"2014/03/31","490.0","498.0","490.0","498.0","+1.0","4,200","2,070","1,300","11,500","8.85","-","-","501.60","-","-","-","-","10,680","-","-"
"2021/05/26","895.0","899.0","895.0","896.0","-1.0","1,300","1,166","100","900","9.00","-","-","891.00","893.20","890.96","888.31","893.56","2,480","4,148","7,453"
"2021/05/25","900.0","900.0","894.0","897.0","+2.0","4,800","4,316","100","900","9.00","-","-","888.80","893.32","890.64","888.55","893.71","3,020","4,476","7,553"
"2021/04/28","890.0","894.0","889.0","892.0","+4.0","700","624","100","900","9.00","-","-","895.80","890.80","887.33","890.00","894.67","3,760","7,096","8,640"
"2021/04/27","897.0","897.0","888.0","888.0","-10.0","2,600","2,316","100","900","9.00","-","-","896.60","891.28","887.16","890.08","894.66","4,420","7,776","8,722"
"2021/01/14","879.0","880.0","871.0","878.0","+2.0","8,400","7,362","200","1,800","9.00","-","-","878.40","895.16","899.16","897.91","869.49","6,980","8,124","5,152"
"2019/04/22","845.0","851.0","844.0","844.0","-1.0","4,300","3,638","200","1,800","9.00","-","-","844.40","871.52","887.24","884.56","889.26","5,660","7,792","8,180"
"2019/04/08","865.0","869.0","865.0","866.0","+2.0","3,200","2,773","200","1,800","9.00","-","-","864.80","901.12","889.72","889.81","890.72","4,320","6,676","9,080"
"2019/04/01","856.0","873.0","855.0","870.0","+15.0","3,900","3,362","200","1,800","9.00","-","-","869.60","915.28","890.47","890.03","890.61","11,600","6,784","9,184"
"2019/03/28","872.0","872.0","849.0","851.0","-20.0","8,700","7,482","200","1,800","9.00","-","-","890.60","920.68","891.20","889.45","890.51","12,720","6,444","9,101"
"2024/02/28","1,977.0","2,023.0","1,937.0","1,980.0","+43.0","63,800","127,132","2,300","20,900","9.09","-","-","1,944.40","1,704.72","1,495.33","1,452.21","1,259.32","54,900","75,572","42,418"
"2024/02/27","1,962.0","1,983.0","1,937.0","1,937.0","-36.0","41,200","80,751","2,300","20,900","9.09","-","-","1,926.00","1,685.12","1,487.80","1,445.57","1,253.95","61,560","73,328","42,049"
"2015/11/02","695.0","695.0","688.0","689.0","-5.0","2,400","1,663","600","5,500","9.17","-","-","692.20","676.48","676.87","687.10","674.68","4,760","5,064","8,085"
"2015/10/30","694.0","700.0","687.0","694.0","0.0","11,600","8,050","600","5,500","9.17","-","-","692.20","675.08","677.00","687.50","673.91","4,880","5,180","8,086"
"2014/07/30","504.0","504.0","501.0","503.0","+5.0","13,200","6,646","600","5,600","9.33","-","-","493.60","494.72","479.36","-","-","19,360","9,724","6,738"
"2020/02/10","899.0","904.0","899.0","904.0","+2.0","3,200","2,883","1,100","10,400","9.45","-","-","905.20","898.12","857.16","836.78","817.56","10,340","7,772","9,617"
"2019/05/22","819.0","821.0","802.0","802.0","-15.0","17,300","14,046","200","1,900","9.50","-","-","804.80","826.84","877.88","873.77","884.95","8,300","11,136","9,668"
"2019/05/21","811.0","819.0","811.0","817.0","+8.0","4,000","3,257","200","1,900","9.50","-","-","803.60","829.08","878.79","874.56","885.40","6,940","10,628","9,504"
"2019/04/02","874.0","875.0","865.0","867.0","-3.0","5,400","4,698","200","1,900","9.50","-","-","862.80","912.60","890.33","890.11","890.68","8,140","6,560","9,222"
"2024/02/29","1,978.0","2,046.0","1,978.0","2,045.0","+65.0","53,500","107,584","2,200","21,000","9.55","-","-","1,970.00","1,727.88","1,503.99","1,459.16","1,265.04","54,400","77,300","42,992"
"2015/02/19","598.0","610.0","593.0","610.0","+12.0","19,900","11,939","2,800","27,100","9.68","-","-","598.40","558.68","525.43","522.73","506.03","14,920","22,272","13,945"
"2014/04/03","494.0","496.0","480.0","494.0","0.0","4,400","2,154","1,000","9,900","9.90","-","-","496.20","-","-","-","-","3,620","-","-"
"2024/02/19","1,789.0","1,844.0","1,768.0","1,844.0","+67.0","68,400","123,431","2,100","21,000","10.00","-","-","1,748.00","1,602.40","1,448.35","1,415.01","1,228.35","66,160","64,632","38,794"
"2023/05/17","913.0","915.0","890.0","898.0","-10.0","33,500","30,194","100","1,000","10.00","-","-","902.60","896.92","893.36","893.66","883.78","26,560","10,528","8,048"
"2019/10/21","771.0","772.0","769.0","770.0","0.0","8,300","6,392","100","1,000","10.00","-","-","768.60","774.72","784.85","785.28","828.48","9,240","6,108","6,149"
"2019/10/18","770.0","770.0","769.0","770.0","+3.0","6,100","4,697","100","1,000","10.00","-","-","768.20","775.20","785.09","785.66","828.93","8,020","6,024","6,089"
"2018/11/26","880.0","885.0","860.0","885.0","+5.0","3,100","2,709","100","1,000","10.00","-","-","881.20","877.44","893.83","894.23","872.62","5,840","7,152","5,517"
"2018/07/19","883.0","894.0","878.0","893.0","+12.0","36,500","32,368","600","6,000","10.00","-","-","874.60","871.68","859.87","856.11","840.16","15,100","7,104","7,678"
"2018/02/13","810.0","816.0","810.0","811.0","+8.0","8,700","7,065","100","1,000","10.00","-","-","815.00","848.64","828.57","822.08","815.93","14,120","11,132","10,962"
"2016/11/11","651.0","660.0","645.0","660.0","+19.0","11,800","7,708","1,600","16,000","10.00","-","-","641.80","613.16","602.27","595.12","627.11","19,100","13,092","8,270"
"2015/11/05","695.0","697.0","677.0","694.0","0.0","4,000","2,751","600","6,000","10.00","-","-","693.00","681.32","676.24","686.44","676.32","5,180","5,208","7,898"
"2015/02/20","607.0","608.0","599.0","607.0","-3.0","6,100","3,683","2,800","28,300","10.11","-","-","602.00","561.60","526.83","523.53","506.69","14,760","21,720","14,008"
"2015/11/06","694.0","700.0","690.0","695.0","+1.0","2,400","1,666","600","6,100","10.17","-","-","693.20","684.12","675.91","686.16","677.13","5,080","5,248","7,777"
"2019/12/25","882.0","890.0","880.0","890.0","+10.0","39,700","35,087","300","3,100","10.33","-","-","872.60","857.76","812.48","806.51","818.01","21,980","9,964","8,696"
"2024/02/26","1,925.0","1,987.0","1,925.0","1,973.0","+58.0","52,800","103,882","2,000","20,800","10.40","-","-","1,907.40","1,667.60","1,480.20","1,439.53","1,248.79","67,000","71,884","41,834"
"2020/02/27","860.0","860.0","828.0","836.0","-27.0","11,500","9,650","1,000","10,400","10.40","-","-","877.80","895.72","872.65","848.32","820.19","8,880","8,480","9,920"
"2019/03/07","943.0","943.0","931.0","931.0","-5.0","3,800","3,568","200","2,100","10.50","-","-","939.40","917.40","887.68","885.62","887.32","2,960","10,896","8,477"
"2019/03/06","944.0","944.0","936.0","936.0","-8.0","900","846","200","2,100","10.50","-","-","940.20","914.84","887.52","885.28","887.00","2,460","10,928","8,505"
"2019/03/05","938.0","945.0","931.0","944.0","0.0","2,800","2,629","200","2,100","10.50","-","-","940.00","912.08","887.17","884.98","886.60","2,940","11,052","8,529"
"2019/03/04","945.0","947.0","942.0","944.0","+2.0","2,100","1,983","200","2,100","10.50","-","-","937.60","909.12","886.73","884.53","886.14","3,080","11,092","8,826"
"2019/03/01","935.0","942.0","932.0","942.0","+7.0","5,200","4,874","200","2,100","10.50","-","-","935.60","906.16","886.04","884.17","885.73","4,860","11,208","8,876"
"2015/02/23","609.0","614.0","607.0","613.0","+6.0","15,100","9,201","2,700","28,600","10.59","-","-","605.20","564.60","528.36","524.36","507.42","13,340","21,632","14,036"
"2016/11/07","635.0","644.0","630.0","644.0","+6.0","9,300","5,919","1,800","19,100","10.61","-","-","647.80","603.48","599.52","593.22","628.00","16,000","10,932","7,501"
"2016/11/04","645.0","645.0","632.0","638.0","-7.0","9,300","5,933","1,800","19,100","10.61","-","-","651.00","601.00","598.71","592.97","628.28","29,120","10,784","7,466"
"2015/10/29","694.0","699.0","690.0","694.0","0.0","2,900","2,013","600","6,400","10.67","-","-","691.80","672.96","677.16","687.81","673.14","3,820","4,868","7,989"
"2015/10/28","690.0","702.0","687.0","694.0","+4.0","4,900","3,418","600","6,400","10.67","-","-","689.20","670.72","677.17","688.15","672.32","3,860","4,840","8,046"
"2016/11/09","655.0","655.0","600.0","621.0","-22.0","33,900","21,453","1,500","16,100","10.73","-","-","638.20","607.60","600.84","593.85","627.41","16,900","12,340","7,982"
"2019/05/13","772.0","806.0","768.0","799.0","-12.0","22,200","17,304","400","4,300","10.75","-","-","820.40","844.16","883.36","879.07","887.48","14,600","9,892","9,374"
"2015/02/02","539.0","544.0","539.0","540.0","+4.0","17,100","9,246","400","4,300","10.75","-","-","536.40","528.24","512.53","514.80","499.71","11,200","14,168","9,516"
"2015/11/13","698.0","703.0","693.0","703.0","+3.0","4,700","3,280","600","6,500","10.83","-","-","696.60","692.52","674.48","684.56","681.23","4,800","5,020","7,564"
"2015/03/02","637.0","668.0","637.0","665.0","+33.0","33,100","21,607","2,400","26,200","10.92","-","-","633.00","585.28","537.69","529.63","511.64","19,580","23,672","14,228"
"2016/11/08","641.0","652.0","638.0","643.0","-1.0","20,800","13,439","1,700","18,600","10.94","-","-","645.20","606.00","600.31","593.63","627.73","13,400","11,184","7,628"
"2019/12/26","888.0","891.0","883.0","890.0","0.0","16,400","14,567","100","1,100","11.00","-","-","878.80","860.12","813.83","807.45","817.75","24,400","10,424","8,862"
"2019/09/27","783.0","783.0","768.0","770.0","-13.0","10,500","8,117","100","1,100","11.00","-","-","783.20","785.00","787.80","791.51","837.00","7,180","4,508","6,421"
"2019/09/26","785.0","788.0","778.0","783.0","-3.0","13,500","10,569","100","1,100","11.00","-","-","787.00","785.80","788.01","792.06","837.61","5,780","4,112","6,313"
"2019/09/25","789.0","789.0","785.0","786.0","-3.0","6,500","5,126","100","1,100","11.00","-","-","787.20","786.00","788.00","792.44","838.12","3,860","3,900","6,266"
"2019/09/24","788.0","789.0","787.0","789.0","+1.0","2,000","1,577","100","1,100","11.00","-","-","787.40","786.08","787.99","792.91","838.59","4,120","3,864","6,238"
"2019/09/20","790.0","790.0","787.0","788.0","-1.0","3,400","2,681","100","1,100","11.00","-","-","787.40","786.04","788.03","793.42","838.99","4,160","4,040","6,246"
"2019/09/18","785.0","787.0","784.0","784.0","-3.0","3,900","3,062","100","1,100","11.00","-","-","785.40","786.08","788.23","794.54","839.96","4,840","4,276","6,237"
"2019/03/14","918.0","920.0","907.0","917.0","0.0","4,200","3,845","200","2,200","11.00","-","-","911.60","923.76","888.31","886.40","888.39","4,860","10,412","8,396"
"2019/03/13","915.0","919.0","915.0","917.0","+2.0","2,000","1,833","200","2,200","11.00","-","-","914.40","923.12","888.08","886.18","888.17","4,780","10,672","8,384"
"2019/03/12","905.0","915.0","905.0","915.0","+9.0","3,300","3,005","200","2,200","11.00","-","-","918.20","921.92","887.88","885.98","887.93","4,560","11,080","8,449"
"2019/03/11","898.0","913.0","898.0","906.0","+3.0","1,700","1,538","200","2,200","11.00","-","-","924.00","920.24","887.61","885.77","887.71","4,460","11,112","8,546"
"2019/03/08","929.0","929.0","889.0","903.0","-28.0","13,100","11,921","200","2,200","11.00","-","-","931.60","918.76","887.68","885.71","887.50","4,540","11,164","8,604"
"2018/02/14","814.0","817.0","802.0","808.0","-3.0","16,600","13,436","100","1,100","11.00","-","-","813.60","846.84","828.49","822.15","815.70","12,620","11,556","11,032"
"2015/07/15","720.0","720.0","716.0","719.0","+3.0","12,000","8,632","200","2,200","11.00","-","-","707.00","717.04","713.23","705.79","614.26","7,400","6,784","9,717"
"2015/11/04","706.0","706.0","691.0","694.0","+5.0","5,000","3,509","700","7,800","11.14","-","-","693.00","678.36","676.57","686.75","675.52","5,360","5,200","8,005"
"2018/07/20","890.0","893.0","887.0","892.0","-1.0","11,900","10,590","500","5,600","11.20","-","-","881.00","872.56","860.60","856.61","840.56","17,240","7,332","7,770"
"2014/11/20","507.0","508.0","503.0","507.0","+1.0","4,800","2,432","700","7,900","11.29","-","-","504.60","500.32","508.59","505.32","-","5,840","7,244","8,093"
"2019/05/14","795.0","800.0","780.0","799.0","0.0","9,200","7,292","400","4,600","11.50","-","-","812.80","841.32","882.65","878.18","887.17","15,380","10,104","9,374"
"2019/03/15","919.0","923.0","915.0","916.0","-1.0","5,200","4,781","200","2,300","11.50","-","-","914.20","923.00","888.91","886.58","888.62","3,280","6,368","8,353"
"2020/02/19","894.0","898.0","894.0","897.0","+7.0","3,000","2,685","900","10,400","11.56","-","-","899.80","900.76","867.12","843.78","819.16","13,240","8,320","9,781"
"2015/11/17","699.0","700.0","694.0","698.0","+2.0","6,500","4,535","500","5,800","11.60","-","-","698.40","693.72","674.01","684.14","682.92","5,480","5,328","7,462"
"2014/11/25","508.0","509.0","506.0","509.0","+6.0","5,300","2,692","700","8,200","11.71","-","-","505.60","500.84","508.67","505.68","-","5,420","6,928","8,038"
"2018/07/23","895.0","899.0","894.0","899.0","+7.0","9,600","8,595","500","5,900","11.80","-","-","887.80","873.36","861.45","857.07","841.06","18,700","7,140","7,849"
"2024/02/22","1,933.0","1,968.0","1,902.0","1,915.0","-2.0","60,700","116,592","1,800","21,400","11.89","-","-","1,868.20","1,649.24","1,471.55","1,432.70","1,243.43","68,020","70,064","41,208"
"2019/09/19","788.0","789.0","784.0","789.0","+5.0","3,500","2,756","100","1,200","12.00","-","-","786.80","785.96","788.11","793.98","839.41","4,300","4,252","6,245"
"2015/11/09","702.0","704.0","695.0","695.0","0.0","7,300","5,116","500","6,000","12.00","-","-","693.40","686.20","675.57","685.81","677.91","4,220","5,184","7,777"
"2014/06/16","478.0","485.0","478.0","485.0","+11.0","10,400","4,984","300","3,600","12.00","-","-","473.80","464.36","-","-","-","5,220","5,136","-"
"2015/11/10","695.0","697.0","690.0","690.0","-5.0","2,400","1,665","500","6,100","12.20","-","-","693.60","688.08","675.17","685.40","678.71","4,220","5,176","7,652"
"2015/11/11","690.0","696.0","690.0","695.0","+5.0","4,900","3,394","500","6,200","12.40","-","-","693.80","689.52","674.91","685.01","679.55","4,200","5,084","7,642"
"2015/12/22","697.0","708.0","697.0","701.0","+5.0","13,100","9,190","600","7,500","12.50","-","-","698.20","695.88","676.85","679.66","695.92","8,120","7,288","5,837"
"2015/09/03","667.0","670.0","657.0","667.0","+19.0","5,000","3,325","500","6,300","12.60","-","-","659.40","680.76","705.93","709.83","646.05","2,380","11,032","8,817"
"2015/02/25","613.0","620.0","605.0","620.0","+8.0","14,100","8,652","2,100","26,600","12.67","-","-","612.40","571.60","531.76","526.09","508.91","12,980","21,532","13,730"
"2022/09/30","858.0","859.0","858.0","859.0","-1.0","1,500","1,288","100","1,300","13.00","-","-","868.60","870.20","872.07","866.16","872.02","2,740","2,716","6,122"
"2020/02/17","897.0","902.0","886.0","899.0","+1.0","8,700","7,787","800","10,400","13.00","-","-","905.00","901.12","864.24","841.62","818.65","12,020","8,556","9,854"
"2018/12/11","887.0","887.0","856.0","857.0","-30.0","5,900","5,115","100","1,300","13.00","-","-","878.40","890.12","890.23","896.40","875.90","5,580","6,088","5,713"
"2015/12/16","700.0","702.0","697.0","701.0","+2.0","8,000","5,603","500","6,500","13.00","-","-","699.20","696.04","674.95","680.39","694.73","8,360","6,820","5,613"
"2015/11/16","703.0","703.0","696.0","696.0","-7.0","6,600","4,627","500","6,500","13.00","-","-","696.80","693.48","674.25","684.32","682.09","4,660","5,244","7,602"
"2015/11/12","700.0","701.0","693.0","700.0","+5.0","4,700","3,285","500","6,500","13.00","-","-","695.00","690.92","674.64","684.73","680.37","4,340","5,156","7,642"
"2015/07/16","720.0","720.0","718.0","720.0","+1.0","11,500","8,279","200","2,600","13.00","-","-","712.00","716.92","713.77","706.92","615.23","8,260","7,132","9,536"
"2015/01/30","538.0","539.0","533.0","536.0","0.0","5,800","3,110","300","4,000","13.33","-","-","534.80","527.20","512.24","514.60","499.44","10,300","13,688","9,318"
"2015/12/18","700.0","700.0","687.0","694.0","-5.0","4,400","3,051","500","6,700","13.40","-","-","698.80","695.96","676.04","679.97","695.42","8,960","7,148","5,676"
"2019/04/25","828.0","828.0","818.0","821.0","-12.0","17,300","14,261","200","2,700","13.50","-","-","836.60","859.40","886.27","883.15","888.69","9,880","8,468","8,496"
"2018/03/28","840.0","841.0","825.0","835.0","-19.0","15,800","13,208","500","6,800","13.60","-","-","841.40","845.32","840.77","833.42","818.26","16,360","9,624","10,212"
"2014/07/09","500.0","500.0","495.0","495.0","-5.0","9,900","4,947","300","4,100","13.67","-","-","496.20","487.12","479.07","-","-","6,740","5,700","5,481"
"2024/02/21","1,878.0","1,923.0","1,862.0","1,917.0","+29.0","56,000","106,442","1,500","20,900","13.93","-","-","1,825.40","1,631.76","1,463.64","1,426.63","1,238.36","66,240","68,824","40,514"
"2022/10/03","859.0","861.0","858.0","859.0","0.0","2,700","2,320","100","1,400","14.00","-","-","865.60","869.36","872.13","866.32","871.88","2,640","2,636","6,120"
"2019/09/17","789.0","790.0","784.0","787.0","-2.0","7,800","6,147","100","1,400","14.00","-","-","784.80","786.32","788.41","795.14","840.55","5,000","4,236","6,189"
"2019/09/13","788.0","789.0","784.0","789.0","+4.0","2,200","1,734","100","1,400","14.00","-","-","783.20","786.44","788.56","795.67","841.09","4,060","4,012","6,097"
"2019/09/12","785.0","785.0","782.0","785.0","+3.0","4,100","3,211","100","1,400","14.00","-","-","782.00","786.36","788.65","796.27","841.70","4,940","4,152","6,113"
"2019/09/11","782.0","783.0","776.0","782.0","+1.0","6,200","4,838","100","1,400","14.00","-","-","782.80","786.44","788.80","796.91","842.29","4,900","4,212","6,132"
"2019/09/04","785.0","785.0","781.0","784.0","-1.0","500","392","100","1,400","14.00","-","-","784.00","788.60","790.47","800.61","845.27","1,680","5,492","6,293"
"2019/09/03","785.0","785.0","785.0","785.0","+3.0","100","79","100","1,400","14.00","-","-","784.60","789.40","790.80","801.41","845.70","2,020","6,156","6,320"
"2019/09/02","785.0","785.0","781.0","782.0","0.0","2,100","1,642","100","1,400","14.00","-","-","785.00","790.40","791.00","802.19","846.15","2,440","6,788","6,409"
"2019/08/30","788.0","788.0","782.0","782.0","-5.0","4,300","3,377","100","1,400","14.00","-","-","784.40","791.04","791.19","803.01","846.56","2,860","7,336","6,526"
"2019/08/29","787.0","788.0","785.0","787.0","0.0","1,400","1,101","100","1,400","14.00","-","-","786.80","791.72","791.37","803.86","846.95","4,400","8,088","6,609"
"2019/08/28","788.0","788.0","783.0","787.0","0.0","2,200","1,729","100","1,400","14.00","-","-","788.20","792.36","791.53","804.69","847.21","4,480","8,428","6,713"
"2019/08/27","784.0","787.0","784.0","787.0","+8.0","2,200","1,727","100","1,400","14.00","-","-","788.80","793.08","791.69","805.37","847.41","4,160","8,660","6,980"
"2019/08/26","792.0","792.0","778.0","779.0","-15.0","4,200","3,300","100","1,400","14.00","-","-","789.00","793.72","792.01","806.01","847.62","5,360","8,808","7,224"
"2019/08/23","809.0","809.0","792.0","794.0","0.0","12,000","9,633","100","1,400","14.00","-","-","790.80","794.36","792.64","806.93","847.80","5,640","8,728","7,417"
"2019/08/22","792.0","794.0","790.0","794.0","+4.0","1,800","1,424","100","1,400","14.00","-","-","789.60","794.16","793.11","808.00","848.20","4,520","8,500","7,341"
"2019/08/21","788.0","790.0","788.0","790.0","+2.0","600","473","100","1,400","14.00","-","-","788.00","794.04","793.68","809.10","848.57","5,900","8,684","7,388"
"2019/08/20","777.0","788.0","777.0","788.0","0.0","8,200","6,393","100","1,400","14.00","-","-","788.40","794.28","794.15","810.46","849.06","6,600","8,968","7,886"
"2019/08/19","787.0","790.0","786.0","788.0","0.0","5,600","4,410","100","1,400","14.00","-","-","788.80","794.44","794.59","811.89","849.53","5,540","8,776","8,008"
"2019/08/16","786.0","789.0","786.0","788.0","+2.0","6,400","5,035","100","1,400","14.00","-","-","789.20","794.24","795.19","813.37","850.10","4,860","8,676","8,100"
"2019/08/15","791.0","791.0","779.0","786.0","-6.0","8,700","6,849","100","1,400","14.00","-","-","789.00","794.08","795.88","814.79","850.69","4,720","8,652","8,201"
"2019/08/14","790.0","792.0","789.0","792.0","+2.0","4,100","3,240","100","1,400","14.00","-","-","789.20","794.00","796.65","816.09","851.25","4,100","8,348","8,142"
"2019/08/13","790.0","790.0","788.0","790.0","0.0","2,900","2,290","100","1,400","14.00","-","-","788.20","793.56","797.36","817.34","851.76","10,680","8,308","8,105"
"2019/08/09","788.0","791.0","787.0","790.0","+3.0","2,200","1,737","100","1,400","14.00","-","-","787.80","793.36","798.08","818.61","852.30","10,900","8,276","8,114"
"2019/08/08","788.0","790.0","781.0","787.0","0.0","5,700","4,478","100","1,400","14.00","-","-","788.80","793.16","798.75","819.86","852.82","11,200","8,288","8,221"
"2019/08/07","790.0","790.0","787.0","787.0","0.0","5,600","4,415","100","1,400","14.00","-","-","791.80","793.28","799.57","821.05","853.38","11,760","8,104","8,264"
"2019/08/06","780.0","839.0","775.0","787.0","-1.0","37,000","29,590","100","1,400","14.00","-","-","793.60","793.40","800.40","822.21","853.92","11,300","8,128","8,494"
"2019/08/05","795.0","795.0","784.0","788.0","-7.0","4,000","3,159","100","1,400","14.00","-","-","797.00","793.44","801.29","823.65","854.47","7,320","6,800","8,049"
"2019/08/02","800.0","800.0","793.0","795.0","-7.0","3,700","2,957","100","1,400","14.00","-","-","801.40","793.28","802.13","825.13","855.06","9,700","6,828","8,060"
"2019/08/01","797.0","802.0","797.0","802.0","+6.0","8,500","6,776","100","1,400","14.00","-","-","802.00","792.88","802.93","826.62","855.58","12,120","6,704","8,048"
"2019/07/26","798.0","799.0","792.0","798.0","-1.0","15,800","12,590","100","1,400","14.00","-","-","801.60","789.20","806.12","832.06","857.61","12,540","6,660","7,654"
"2019/04/23","845.0","845.0","834.0","840.0","-4.0","14,000","11,727","200","2,800","14.00","-","-","842.60","867.92","887.09","884.26","889.10","6,680","7,716","8,252"
"2016/11/14","662.0","674.0","660.0","673.0","+13.0","20,900","13,936","1,100","15,400","14.00","-","-","647.60","616.76","603.24","596.14","627.12","21,420","13,712","8,365"
"2015/12/10","695.0","696.0","693.0","693.0","-5.0","7,600","5,281","500","7,000","14.00","-","-","697.00","694.88","672.40","681.15","692.93","5,340","6,096","6,080"
"2014/08/06","500.0","501.0","498.0","498.0","-3.0","6,300","3,149","200","2,800","14.00","-","-","502.80","496.80","480.68","-","-","10,000","10,700","7,050"
"2016/11/15","674.0","679.0","667.0","679.0","+6.0","21,400","14,417","1,100","15,500","14.09","-","-","654.80","620.56","604.19","597.16","627.12","21,540","14,448","8,474"
"2016/03/17","687.0","689.0","684.0","686.0","+2.0","6,900","4,738","1,000","14,100","14.10","-","-","677.60","664.28","683.72","685.88","687.86","5,920","8,332","7,702"
"2014/11/26","508.0","510.0","507.0","509.0","0.0","2,600","1,323","600","8,500","14.17","-","-","506.80","500.88","508.81","505.81","-","4,220","6,956","7,989"
"2014/07/10","495.0","500.0","495.0","498.0","+3.0","5,500","2,741","300","4,300","14.33","-","-","496.80","488.24","478.92","-","-","7,640","5,884","5,470"
"2017/10/03","800.0","802.0","800.0","801.0","-2.0","3,800","3,043","700","10,100","14.43","-","-","800.80","800.56","802.93","800.95","826.12","7,780","10,632","11,785"
"2017/09/29","801.0","801.0","799.0","800.0","0.0","9,100","7,281","700","10,100","14.43","-","-","803.40","800.36","802.80","802.56","825.27","7,560","10,500","11,829"
"2014/08/05","505.0","506.0","500.0","501.0","-4.0","12,400","6,242","200","2,900","14.50","-","-","503.80","496.72","480.52","-","-","11,380","10,560","7,028"
"2024/03/22","2,070.0","2,100.0","2,052.0","2,075.0","+23.0","44,800","92,925","1,400","20,400","14.57","-","-","2,025.20","1,929.88","1,628.32","1,555.16","1,343.58","40,220","45,144","46,538"
"2017/10/02","800.0","804.0","799.0","803.0","+3.0","10,500","8,401","700","10,200","14.57","-","-","802.80","800.48","802.85","801.81","825.70","8,380","10,700","11,864"
"2015/12/21","694.0","696.0","694.0","696.0","+2.0","1,700","1,180","500","7,300","14.60","-","-","697.80","695.68","676.37","679.78","695.74","7,640","7,028","5,677"
"2015/12/15","701.0","701.0","694.0","699.0","-2.0","10,700","7,475","500","7,300","14.60","-","-","698.60","695.60","673.89","680.58","694.29","7,660","6,596","5,724"
"2016/11/10","629.0","650.0","629.0","641.0","+20.0","19,700","12,637","1,100","16,100","14.64","-","-","637.40","609.92","601.45","594.26","627.20","18,600","12,820","8,157"
"2015/12/14","700.0","701.0","672.0","701.0","-1.0","8,300","5,731","500","7,400","14.80","-","-","697.40","695.44","673.04","680.79","693.86","6,880","6,460","5,986"
"2015/12/11","691.0","702.0","691.0","702.0","+9.0","7,200","5,036","500","7,400","14.80","-","-","697.60","695.20","672.67","680.98","693.39","6,480","6,224","5,988"
"2020/02/20","902.0","902.0","898.0","898.0","+1.0","4,000","3,600","700","10,400","14.86","-","-","896.40","900.56","868.52","844.87","819.43","12,780","8,092","9,750"
"2020/02/18","885.0","897.0","885.0","890.0","-9.0","13,600","12,075","700","10,400","14.86","-","-","902.20","900.80","865.65","842.65","818.90","14,100","8,596","9,836"
"2020/03/09","796.0","796.0","760.0","760.0","-41.0","9,700","7,503","700","10,500","15.00","-","-","797.20","869.80","870.47","850.93","819.75","6,380","9,928","9,230"
"2019/12/23","877.0","879.0","870.0","871.0","+8.0","21,400","18,740","100","1,500","15.00","-","-","863.60","853.36","809.80","804.95","818.51","11,160","7,604","7,772"
"2019/07/17","793.0","796.0","788.0","791.0","-5.0","6,400","5,068","100","1,500","15.00","-","-","789.20","784.52","812.61","841.35","861.59","5,280","6,188","7,624"
"2019/07/10","780.0","785.0","777.0","784.0","0.0","5,800","4,522","100","1,500","15.00","-","-","783.80","783.64","819.75","845.97","863.60","2,920","6,176","7,780"
"2019/07/09","783.0","786.0","783.0","784.0","+3.0","1,100","862","100","1,500","15.00","-","-","785.00","783.96","821.69","847.02","864.13","1,980","6,048","7,914"
"2019/07/08","785.0","786.0","781.0","781.0","-4.0","3,100","2,429","100","1,500","15.00","-","-","786.20","784.36","823.45","848.53","864.68","3,000","6,136","7,969"
"2019/07/05","784.0","785.0","782.0","785.0","0.0","2,100","1,647","100","1,500","15.00","-","-","787.60","785.04","825.27","849.73","865.25","3,140","6,128","7,984"
"2019/07/04","790.0","792.0","785.0","785.0","-5.0","2,500","1,970","100","1,500","15.00","-","-","787.40","785.56","827.03","850.75","865.83","3,660","6,056","7,982"
"2019/07/03","790.0","792.0","789.0","790.0","0.0","1,100","869","100","1,500","15.00","-","-","787.40","786.08","828.76","851.63","866.42","3,280","5,992","7,993"
"2019/07/02","791.0","792.0","788.0","790.0","+2.0","6,200","4,892","100","1,500","15.00","-","-","785.40","786.32","830.31","852.42","866.95","4,100","6,084","8,001"
"2019/07/01","788.0","794.0","787.0","788.0","+4.0","3,800","3,001","100","1,500","15.00","-","-","783.20","786.56","831.81","853.21","867.48","7,800","6,056","8,093"
"2019/06/28","785.0","786.0","770.0","784.0","-1.0","4,700","3,662","100","1,500","15.00","-","-","781.20","787.36","833.72","854.00","868.02","9,160","5,920","8,093"
"2019/06/27","783.0","785.0","783.0","785.0","+5.0","600","471","100","1,500","15.00","-","-","781.00","788.28","835.75","854.83","868.58","8,860","6,068","8,042"
"2019/06/26","779.0","785.0","775.0","780.0","+1.0","5,200","4,051","100","1,500","15.00","-","-","779.00","789.08","837.87","855.68","869.10","10,900","6,304","8,072"
"2019/06/25","802.0","802.0","776.0","779.0","+1.0","24,700","19,652","100","1,500","15.00","-","-","778.00","789.96","840.05","856.58","869.70","13,080","6,788","8,030"
"2019/06/18","787.0","787.0","779.0","779.0","-8.0","6,300","4,940","100","1,500","15.00","-","-","785.00","795.08","850.56","860.76","872.95","6,500","5,560","7,482"
"2019/06/17","786.0","789.0","783.0","787.0","+1.0","3,900","3,066","100","1,500","15.00","-","-","786.60","795.88","852.59","861.49","873.65","5,940","5,676","7,462"
"2014/08/07","493.0","498.0","492.0","496.0","-2.0","2,200","1,086","200","3,100","15.50","-","-","501.20","496.88","480.77","-","-","7,740","10,656","7,069"
"2019/05/16","799.0","800.0","780.0","796.0","0.0","10,900","8,632","300","4,700","15.67","-","-","800.20","835.76","881.08","876.50","886.51","14,660","10,524","9,418"
"2024/03/21","2,040.0","2,078.0","2,001.0","2,052.0","+27.0","43,600","88,854","1,300","20,400","15.69","-","-","2,007.60","1,914.64","1,617.97","1,547.45","1,337.79","35,840","45,508","46,037"
"2022/09/28","874.0","875.0","866.0","875.0","0.0","3,200","2,792","100","1,600","16.00","-","-","873.60","871.56","871.93","865.88","872.29","4,120","2,752","6,128"
"2019/09/09","783.0","783.0","778.0","779.0","-4.0","3,100","2,420","100","1,600","16.00","-","-","784.00","786.92","789.49","798.33","843.62","2,840","5,416","6,104"
"2019/09/06","791.0","791.0","778.0","783.0","-6.0","6,600","5,167","100","1,600","16.00","-","-","784.60","787.56","789.84","799.09","844.28","2,640","5,440","6,149"
"2019/05/29","792.0","801.0","790.0","796.0","0.0","3,400","2,704","100","1,600","16.00","-","-","802.40","817.00","873.48","870.56","881.74","4,840","10,384","9,700"
"2019/05/28","808.0","810.0","796.0","796.0","-12.0","5,500","4,415","100","1,600","16.00","-","-","803.60","819.12","874.45","871.02","882.52","7,620","10,604","9,694"
"2019/05/27","807.0","811.0","807.0","808.0","+1.0","400","324","100","1,600","16.00","-","-","807.80","821.24","875.43","871.68","883.26","7,320","11,300","9,706"
"2019/05/24","807.0","809.0","800.0","807.0","+2.0","8,400","6,772","100","1,600","16.00","-","-","808.00","823.08","876.21","872.19","883.89","7,740","11,428","9,762"
"2019/05/10","826.0","833.0","810.0","811.0","-15.0","20,500","16,831","200","3,200","16.00","-","-","825.60","846.40","884.01","880.00","887.81","17,760","9,476","9,154"
"2014/07/11","500.0","503.0","496.0","503.0","+5.0","2,700","1,350","300","4,800","16.00","-","-","498.40","489.68","478.84","-","-","6,180","5,812","5,386"
"2016/11/16","679.0","695.0","676.0","690.0","+11.0","22,900","15,712","900","14,500","16.11","-","-","668.60","624.56","605.27","598.21","627.20","19,340","14,980","8,557"
"2015/12/08","701.0","701.0","693.0","693.0","-9.0","6,800","4,735","500","8,100","16.20","-","-","696.80","694.56","672.55","681.39","691.95","7,940","5,908","6,200"
"2015/11/18","692.0","692.0","681.0","689.0","-9.0","14,500","9,998","500","8,100","16.20","-","-","697.20","693.60","673.69","683.80","683.70","7,400","5,700","7,444"
"2015/12/30","724.0","724.0","713.0","718.0","+3.0","15,700","11,326","1,000","16,300","16.30","-","-","711.80","700.52","681.21","679.54","697.29","14,680","8,512","6,541"
"2015/02/24","612.0","613.0","612.0","612.0","-1.0","9,700","5,942","1,700","27,900","16.41","-","-","608.00","567.88","530.05","525.23","508.15","12,340","21,352","13,780"
"2019/05/15","800.0","800.0","783.0","796.0","-3.0","10,500","8,315","300","5,000","16.67","-","-","806.20","838.48","881.89","877.37","886.85","16,220","10,308","9,418"
"2015/12/02","700.0","702.0","695.0","697.0","-3.0","23,200","16,228","600","10,000","16.67","-","-","698.40","693.96","672.17","681.70","689.85","7,960","6,104","6,466"
"2014/07/17","496.0","496.0","487.0","490.0","-9.0","16,400","8,064","300","5,000","16.67","-","-","500.20","494.32","478.83","-","-","10,520","7,380","5,460"
"2021/01/05","884.0","893.0","883.0","883.0","-9.0","3,300","2,927","100","1,700","17.00","-","-","893.20","899.80","900.31","899.04","865.67","4,840","6,992","4,928"
"2019/09/10","780.0","783.0","780.0","781.0","+2.0","4,700","3,670","100","1,700","17.00","-","-","783.20","786.64","789.15","797.63","842.98","3,760","5,444","6,054"
"2019/07/11","788.0","788.0","783.0","783.0","-1.0","3,100","2,434","100","1,700","17.00","-","-","783.40","783.56","817.71","844.88","863.08","3,040","6,124","7,733"
"2019/06/14","780.0","791.0","770.0","786.0","+4.0","11,000","8,586","100","1,700","17.00","-","-","786.40","796.36","854.48","862.10","874.25","5,640","6,408","7,442"
"2019/03/27","871.0","879.0","871.0","871.0","-30.0","10,900","9,515","200","3,400","17.00","-","-","906.60","923.96","891.75","889.22","890.54","11,860","6,280","9,025"
"2015/07/17","720.0","720.0","716.0","720.0","0.0","7,300","5,251","200","3,400","17.00","-","-","714.80","716.52","714.36","707.99","616.18","8,860","7,256","9,530"
"2015/12/01","702.0","702.0","696.0","700.0","0.0","3,500","2,450","600","10,300","17.17","-","-","697.20","693.64","671.97","681.83","689.30","4,160","5,296","6,428"
"2015/11/30","700.0","700.0","695.0","700.0","+2.0","3,600","2,518","600","10,300","17.17","-","-","695.40","693.32","671.91","681.96","688.75","5,460","5,408","6,589"
"2015/11/27","697.0","698.0","680.0","698.0","+1.0","5,200","3,588","600","10,300","17.17","-","-","691.80","692.56","671.87","682.15","688.29","5,100","5,388","6,701"
"2015/12/17","703.0","703.0","698.0","699.0","-2.0","13,400","9,389","500","8,600","17.20","-","-","700.40","696.20","675.63","680.23","695.13","9,520","7,160","5,706"
"2015/01/15","534.0","537.0","531.0","534.0","0.0","19,900","10,642","500","8,600","17.20","-","-","533.60","517.28","510.84","511.41","497.55","14,720","12,384","8,622"
"2014/07/16","502.0","504.0","491.0","499.0","-6.0","16,200","8,067","300","5,300","17.67","-","-","501.80","493.60","478.93","-","-","8,340","6,812","5,297"
"2014/07/14","504.0","505.0","503.0","504.0","+1.0","8,100","4,087","300","5,300","17.67","-","-","500.00","490.96","478.84","-","-","6,860","6,068","5,166"
"2021/01/07","885.0","890.0","879.0","884.0","-1.0","3,900","3,448","100","1,800","18.00","-","-","886.00","898.84","899.93","898.82","867.02","5,020","7,376","4,912"
"2019/07/19","790.0","797.0","788.0","795.0","+6.0","2,200","1,747","100","1,800","18.00","-","-","792.60","784.96","810.11","838.57","860.40","5,200","6,076","7,289"
"2019/07/18","796.0","796.0","782.0","789.0","-2.0","6,300","4,979","100","1,800","18.00","-","-","790.20","784.44","811.12","839.94","860.99","5,380","6,416","7,405"
"2024/03/19","2,008.0","2,025.0","1,975.0","2,025.0","+41.0","47,000","93,957","1,100","19,900","18.09","-","-","1,984.40","1,901.52","1,607.85","1,540.02","1,332.10","31,640","47,716","45,553"
"2015/12/09","700.0","700.0","696.0","698.0","+5.0","4,500","3,137","500","9,100","18.20","-","-","697.00","694.92","672.51","681.38","692.45","4,200","5,992","6,129"
"2016/07/28","615.0","624.0","612.0","622.0","+13.0","13,200","8,132","1,000","18,300","18.30","-","-","607.60","579.20","619.55","631.87","660.00","12,040","7,012","6,462"
"2015/02/26","625.0","643.0","625.0","636.0","+16.0","29,700","18,888","1,500","27,600","18.40","-","-","617.60","575.56","533.65","527.20","509.75","14,940","22,416","13,826"
"2024/03/04","1,946.0","1,970.0","1,893.0","1,893.0","-53.0","36,700","70,832","1,100","20,300","18.45","-","-","1,960.20","1,765.04","1,519.49","1,471.01","1,275.22","49,320","79,988","43,418"
"2020/01/24","905.0","906.0","902.0","906.0","+4.0","7,700","6,966","700","13,200","18.86","-","-","904.00","886.56","837.91","824.20","815.57","4,140","11,360","9,373"
"2021/01/13","878.0","880.0","875.0","876.0","+1.0","3,600","3,156","100","1,900","19.00","-","-","879.80","896.04","899.43","898.16","868.76","6,840","7,988","5,093"
"2021/01/12","879.0","882.0","874.0","875.0","-4.0","12,100","10,622","100","1,900","19.00","-","-","881.20","897.12","899.60","898.39","868.16","6,780","7,904","5,066"
"2021/01/06","885.0","889.0","876.0","885.0","+2.0","7,700","6,789","100","1,900","19.00","-","-","889.40","899.40","900.13","898.96","866.27","5,100","7,280","4,920"
"2019/05/23","802.0","806.0","800.0","805.0","+3.0","6,500","5,208","100","1,900","19.00","-","-","806.60","824.84","877.01","872.97","884.48","7,420","11,284","9,704"
"2014/07/07","496.0","504.0","493.0","496.0","+1.0","4,700","2,350","300","5,700","19.00","-","-","495.20","484.96","-","-","-","4,360","5,336","-"
"2015/02/27","640.0","645.0","632.0","632.0","-4.0","11,300","7,218","1,400","26,700","19.07","-","-","622.60","579.60","535.45","528.25","510.57","15,980","22,592","13,916"
"2015/11/26","694.0","697.0","692.0","697.0","+6.0","4,300","2,988","600","11,600","19.33","-","-","688.80","692.36","672.01","682.38","687.49","6,060","5,240","6,932"
"2014/08/08","494.0","497.0","481.0","493.0","-3.0","10,700","5,207","200","3,900","19.50","-","-","498.60","496.80","480.95","-","-","6,440","11,044","7,148"
"2014/07/08","495.0","505.0","495.0","500.0","+4.0","8,100","4,043","300","5,900","19.67","-","-","496.00","486.20","-","-","-","5,420","5,360","-"
"2014/07/03","498.0","498.0","495.0","495.0","+1.0","1,000","496","300","5,900","19.67","-","-","492.20","482.76","-","-","-","2,620","5,580","-"
"2014/07/02","499.0","499.0","494.0","494.0","-2.0","3,300","1,640","300","5,900","19.67","-","-","491.80","481.24","-","-","-","2,960","5,660","-"
"2019/06/24","784.0","784.0","775.0","778.0","-5.0","10,600","8,259","100","2,000","20.00","-","-","778.00","791.48","842.23","857.47","870.35","9,400","5,960","7,770"
"2019/06/21","775.0","783.0","774.0","783.0","+8.0","3,200","2,488","100","2,000","20.00","-","-","779.80","792.72","844.32","858.36","871.00","8,060","5,636","7,646"
"2019/06/20","777.0","777.0","769.0","775.0","0.0","10,800","8,341","100","2,000","20.00","-","-","780.40","793.40","846.35","859.16","871.60","9,620","5,780","7,648"
"2019/06/19","787.0","787.0","773.0","775.0","-4.0","16,100","12,520","100","2,000","20.00","-","-","781.80","794.24","848.44","859.98","872.27","9,600","5,784","7,550"
"2019/02/07","991.0","992.0","935.0","935.0","+34.0","106,300","102,826","100","2,000","20.00","-","-","893.00","867.20","874.44","881.23","880.31","27,260","10,380","8,552"
"2017/04/14","796.0","836.0","794.0","814.0","+9.0","29,600","24,270","700","14,000","20.00","-","-","826.00","905.76","860.73","825.56","712.50","25,520","34,424","33,717"
"2014/11/27","508.0","509.0","508.0","508.0","-1.0","1,000","508","500","10,000","20.00","-","-","507.20","501.04","508.97","505.95","-","3,460","6,968","7,973"
"2014/07/04","492.0","502.0","490.0","495.0","0.0","10,000","4,966","300","6,000","20.00","-","-","494.40","484.28","-","-","-","3,780","5,860","-"
"2017/09/28","800.0","801.0","800.0","800.0","0.0","8,500","6,801","500","10,100","20.20","-","-","803.60","800.16","802.77","803.36","824.84","9,820","10,364","11,834"
"2015/12/03","700.0","700.0","693.0","693.0","-4.0","1,900","1,322","500","10,100","20.20","-","-","697.60","694.08","672.35","681.51","690.36","7,480","6,100","6,365"
"2016/11/02","648.0","656.0","643.0","645.0","-11.0","11,200","7,248","1,000","20,300","20.30","-","-","643.00","598.76","598.00","592.84","628.59","29,060","10,540","7,401"
"2024/03/18","1,998.0","2,005.0","1,965.0","1,984.0","-6.0","31,800","63,337","1,300","26,500","20.38","-","-","1,960.40","1,891.88","1,598.17","1,532.95","1,326.54","29,580","48,096","45,158"
"2015/11/19","692.0","693.0","679.0","683.0","-6.0","10,000","6,843","500","10,300","20.60","-","-","693.80","693.56","673.27","683.40","684.43","8,460","5,932","7,376"
"2020/02/28","801.0","829.0","787.0","825.0","-11.0","22,800","18,449","500","10,400","20.80","-","-","863.20","892.48","872.32","848.87","820.19","12,640","9,300","9,606"
"2015/12/04","691.0","699.0","691.0","699.0","+6.0","1,500","1,039","500","10,400","20.80","-","-","697.80","694.28","672.49","681.45","690.91","6,740","5,964","6,268"
"2015/11/20","683.0","688.0","682.0","682.0","-1.0","1,800","1,231","500","10,400","20.80","-","-","689.60","693.16","672.85","683.06","685.16","7,880","5,520","7,313"
"2024/03/01","2,024.0","2,024.0","1,943.0","1,946.0","-99.0","51,400","101,656","1,000","20,900","20.90","-","-","1,976.20","1,747.72","1,511.95","1,465.18","1,270.27","52,540","79,008","43,222"
"2020/03/10","742.0","760.0","738.0","760.0","0.0","11,100","8,279","500","10,500","21.00","-","-","785.20","864.24","869.60","850.86","819.57","7,880","10,076","9,206"
"2019/11/26","844.0","844.0","839.0","844.0","+4.0","4,900","4,131","100","2,100","21.00","-","-","836.60","813.32","791.72","792.15","823.08","7,340","10,668","7,378"
"2019/09/05","784.0","790.0","782.0","789.0","+5.0","3,900","3,067","100","2,100","21.00","-","-","784.40","788.32","790.09","799.84","844.83","2,180","5,516","6,292"
"2019/07/24","808.0","808.0","795.0","803.0","-2.0","9,900","7,933","100","2,100","21.00","-","-","799.00","787.32","807.91","834.75","858.76","6,460","6,180","7,281"
"2019/07/23","808.0","810.0","798.0","805.0","+2.0","8,000","6,438","100","2,100","21.00","-","-","796.60","786.36","808.80","836.03","859.32","5,760","6,036","7,201"
"2019/07/22","795.0","803.0","794.0","803.0","+8.0","5,900","4,706","100","2,100","21.00","-","-","794.80","785.64","809.47","837.27","859.83","5,700","5,872","7,252"
"2019/02/19","934.0","934.0","927.0","932.0","+2.0","4,200","3,917","100","2,100","21.00","-","-","918.80","881.40","877.64","882.22","882.78","7,400","11,948","9,208"
"2019/02/18","926.0","930.0","924.0","930.0","+18.0","5,300","4,912","100","2,100","21.00","-","-","910.80","878.60","876.08","882.04","882.35","8,800","11,880","9,297"
"2015/07/10","700.0","716.0","700.0","706.0","+11.0","4,300","3,064","300","6,500","21.67","-","-","705.60","719.00","712.95","702.51","611.51","4,440","6,432","11,285"
"2014/06/23","494.0","498.0","494.0","498.0","+6.0","6,100","3,026","300","6,500","21.67","-","-","491.80","470.32","-","-","-","7,280","4,856","-"
"2015/12/07","700.0","702.0","695.0","702.0","+3.0","6,300","4,394","500","10,900","21.80","-","-","698.20","694.60","672.61","681.52","691.47","7,280","6,100","6,222"
"2015/11/24","685.0","692.0","666.0","691.0","+9.0","10,000","6,806","500","10,900","21.80","-","-","688.60","692.60","672.55","682.79","685.94","8,560","5,488","7,409"
"2024/03/15","1,987.0","2,020.0","1,973.0","1,990.0","+3.0","33,900","67,557","1,200","26,900","22.42","-","-","1,938.00","1,883.64","1,588.80","1,526.54","1,321.16","29,940","54,868","45,620"
"2016/11/01","656.0","657.0","650.0","656.0","0.0","16,400","10,720","900","20,300","22.56","-","-","634.00","596.48","597.16","592.65","628.79","27,080","10,200","7,266"
"2015/07/13","707.0","715.0","699.0","699.0","-7.0","2,500","1,765","300","6,900","23.00","-","-","703.40","717.80","712.81","703.52","612.37","4,220","6,252","10,284"
"2015/11/25","696.0","696.0","691.0","691.0","0.0","4,200","2,918","500","11,700","23.40","-","-","687.20","692.20","672.33","682.61","686.69","8,100","5,184","7,408"
"2019/02/22","929.0","932.0","926.0","931.0","+2.0","4,800","4,467","100","2,400","24.00","-","-","931.00","891.36","881.61","882.76","884.02","4,260","11,236","9,096"
"2019/02/21","927.0","932.0","926.0","929.0","-4.0","2,400","2,228","100","2,400","24.00","-","-","927.20","888.20","880.40","882.60","883.66","5,880","11,412","9,117"
"2019/02/20","928.0","933.0","922.0","933.0","+1.0","4,600","4,262","100","2,400","24.00","-","-","924.60","884.96","879.04","882.39","883.22","7,360","11,544","9,222"
"2018/06/12","862.0","868.0","862.0","864.0","+3.0","6,500","5,623","100","2,400","24.00","-","-","857.40","861.12","850.33","848.15","830.75","3,240","5,932","8,605"
"2014/05/23","464.0","464.0","455.0","455.0","-3.0","4,700","2,171","100","2,400","24.00","-","-","455.20","468.16","-","-","-","4,620","4,972","-"
"2015/08/19","699.0","702.0","697.0","701.0","0.0","11,300","7,903","400","9,700","24.25","-","-","696.20","707.40","716.55","711.58","637.28","9,620","11,872","9,006"
"2016/08/17","613.0","613.0","610.0","610.0","0.0","3,200","1,961","900","22,000","24.44","-","-","612.40","602.52","609.13","624.68","655.20","4,760","6,560","6,264"
"2024/03/05","1,888.0","1,935.0","1,867.0","1,935.0","+42.0","27,900","53,157","1,000","24,500","24.50","-","-","1,959.80","1,783.92","1,527.41","1,477.56","1,280.40","46,660","80,868","43,621"
"2014/11/19","507.0","508.0","504.0","506.0","+3.0","4,800","2,433","300","7,400","24.67","-","-","502.80","500.32","508.57","505.18","-","5,340","7,388","8,258"
"2018/06/11","858.0","863.0","858.0","861.0","+4.0","1,200","1,033","100","2,500","25.00","-","-","855.40","861.20","850.05","848.21","830.41","3,480","5,776","8,533"
"2018/06/08","859.0","859.0","856.0","857.0","+3.0","2,800","2,404","100","2,500","25.00","-","-","854.60","861.28","849.79","848.28","830.13","4,880","5,964","8,568"
"2014/07/15","504.0","505.0","502.0","505.0","+1.0","9,200","4,634","200","5,100","25.50","-","-","501.00","492.36","478.91","-","-","7,080","6,356","5,130"
"2020/02/25","898.0","903.0","885.0","891.0","-10.0","13,700","12,278","400","10,400","26.00","-","-","895.40","900.00","871.24","847.02","819.97","8,360","7,984","9,810"
"2019/02/14","909.0","917.0","906.0","916.0","+12.0","9,800","8,931","100","2,600","26.00","-","-","907.20","874.00","874.76","881.68","881.58","33,580","11,976","9,154"
"2020/03/06","798.0","804.0","798.0","801.0","-2.0","6,800","5,439","400","10,500","26.25","-","-","810.60","874.68","871.28","850.96","819.95","5,900","9,688","9,177"
"2020/03/05","805.0","814.0","803.0","803.0","+1.0","5,500","4,447","400","10,500","26.25","-","-","815.40","878.36","871.56","850.64","819.94","9,100","9,456","9,245"
"2020/03/04","820.0","820.0","799.0","802.0","-18.0","6,300","5,056","400","10,500","26.25","-","-","822.00","882.08","871.81","850.28","819.98","10,300","9,364","9,353"
"2016/08/25","614.0","615.0","607.0","607.0","-2.0","4,900","2,997","800","21,000","26.25","-","-","606.40","608.16","605.39","620.04","652.63","2,880","5,740","6,144"
"2016/09/26","582.0","586.0","582.0","584.0","+2.0","1,800","1,051","900","24,000","26.67","-","-","579.60","591.52","591.37","604.21","642.01","8,880","5,204","6,174"
"2014/06/02","457.0","486.0","455.0","479.0","+22.0","17,800","8,297","200","5,400","27.00","-","-","460.80","462.16","-","-","-","6,480","5,596","-"
"2015/12/29","718.0","718.0","714.0","715.0","0.0","11,600","8,319","600","16,500","27.50","-","-","708.40","699.44","679.92","679.50","696.99","14,160","8,284","6,440"
"2019/04/24","844.0","844.0","831.0","833.0","-7.0","12,500","10,434","100","2,800","28.00","-","-","841.20","863.80","886.85","883.79","888.90","7,140","7,952","8,297"
"2016/02/01","686.0","700.0","686.0","694.0","+11.0","6,000","4,138","500","14,100","28.20","-","-","681.00","693.76","694.37","681.08","695.87","3,660","7,176","6,569"
"2016/01/29","686.0","686.0","678.0","683.0","+5.0","2,500","1,706","500","14,100","28.20","-","-","676.80","694.04","694.08","680.79","695.75","4,020","7,460","6,502"
"2016/01/20","687.0","687.0","673.0","677.0","-7.0","4,000","2,721","500","14,100","28.20","-","-","688.60","700.32","691.19","679.38","695.48","6,440","8,424","6,573"
"2016/01/19","688.0","690.0","684.0","684.0","-1.0","5,000","3,436","500","14,100","28.20","-","-","693.20","700.96","690.79","679.62","695.62","5,840","8,568","6,541"
"2016/02/03","689.0","690.0","681.0","689.0","-1.0","2,900","1,995","500","14,200","28.40","-","-","686.80","692.48","694.31","681.93","696.00","5,520","6,652","6,637"
"2017/08/28","802.0","803.0","796.0","799.0","-1.0","5,500","4,397","400","11,600","29.00","-","-","796.40","813.68","801.08","815.49","812.24","4,800","13,200","13,065"
"2016/02/02","695.0","697.0","683.0","690.0","-4.0","11,800","8,145","500","14,500","29.00","-","-","685.00","693.16","694.35","681.52","695.97","5,480","7,268","6,668"
"2016/01/21","667.0","682.0","667.0","671.0","-6.0","4,300","2,897","500","14,500","29.00","-","-","682.80","699.08","691.87","679.27","695.34","6,400","8,308","6,580"
"2016/02/09","680.0","680.0","652.0","673.0","-7.0","9,600","6,395","500","14,600","29.20","-","-","683.80","687.28","693.61","683.72","695.31","7,440","5,768","6,576"
"2016/02/05","680.0","693.0","676.0","693.0","+9.0","10,200","6,989","500","14,600","29.20","-","-","690.00","690.36","694.32","682.53","695.88","6,580","5,944","6,582"
"2016/01/18","688.0","690.0","684.0","685.0","-12.0","11,800","8,111","500","14,600","29.20","-","-","693.40","701.52","690.39","679.79","695.74","6,860","8,548","6,545"
"2016/01/28","687.0","689.0","676.0","678.0","-2.0","4,400","3,002","500","14,700","29.40","-","-","676.20","694.56","693.81","680.67","695.63","4,560","7,428","6,577"
"2016/02/08","691.0","691.0","671.0","680.0","-13.0","12,500","8,541","500","14,800","29.60","-","-","687.20","688.84","693.99","683.12","695.62","7,880","5,816","6,605"
"2017/08/25","798.0","800.0","796.0","800.0","+5.0","5,500","4,389","400","11,900","29.75","-","-","796.20","814.60","802.25","816.52","811.44","4,040","13,696","13,125"
"2016/02/04","689.0","689.0","684.0","684.0","-5.0","2,000","1,374","500","14,900","29.80","-","-","688.00","691.24","694.31","682.10","695.97","5,040","6,000","6,608"
"2016/01/27","677.0","680.0","672.0","680.0","+10.0","2,700","1,828","500","14,900","29.80","-","-","674.80","695.20","693.64","680.52","695.51","4,540","7,428","6,557"
"2016/01/25","694.0","694.0","673.0","673.0","-7.0","7,800","5,324","500","14,900","29.80","-","-","677.00","697.20","693.00","679.72","695.33","5,260","8,068","6,616"
"2016/01/22","670.0","680.0","661.0","680.0","+9.0","5,200","3,486","500","14,900","29.80","-","-","679.40","698.24","692.60","679.34","695.34","6,060","8,184","6,630"
"2016/01/26","673.0","674.0","664.0","670.0","-3.0","2,700","1,811","500","15,100","30.20","-","-","674.20","695.96","693.36","680.20","695.37","4,800","7,856","6,617"
"2017/09/27","803.0","804.0","799.0","800.0","-11.0","7,000","5,605","400","12,100","30.25","-","-","803.40","800.00","802.71","803.97","824.41","12,280","10,124","11,850"
"2016/08/26","597.0","600.0","587.0","593.0","-14.0","11,200","6,664","700","21,200","30.29","-","-","603.00","608.08","604.48","619.24","652.15","4,620","5,924","6,178"
"2024/03/06","1,935.0","1,947.0","1,915.0","1,920.0","-15.0","16,000","30,829","800","24,300","30.38","-","-","1,947.80","1,801.72","1,534.65","1,483.65","1,285.47","37,100","81,328","43,737"
"2016/01/14","698.0","700.0","693.0","700.0","0.0","4,500","3,138","500","15,200","30.40","-","-","696.00","702.04","689.01","679.88","696.21","3,900","8,324","6,376"
"2016/01/15","700.0","703.0","696.0","697.0","-3.0","6,900","4,824","500","15,300","30.60","-","-","695.80","701.84","689.80","679.92","695.99","4,980","8,348","6,438"
"2016/01/08","695.0","703.0","695.0","697.0","-1.0","2,400","1,673","500","15,500","31.00","-","-","705.60","702.20","686.48","679.53","697.12","5,420","8,764","6,416"
"2016/01/12","695.0","709.0","685.0","685.0","-12.0","10,100","6,995","500","15,700","31.40","-","-","700.20","701.72","687.23","679.56","696.73","5,280","8,240","6,442"
"2016/01/06","715.0","715.0","699.0","710.0","-1.0","7,700","5,421","500","15,700","31.40","-","-","713.20","702.40","684.84","679.50","697.58","10,100","8,892","6,624"
"2016/08/18","611.0","611.0","606.0","607.0","-3.0","1,100","670","700","22,000","31.43","-","-","611.40","603.48","608.44","623.95","654.77","4,160","6,396","6,193"
"2017/09/21","800.0","800.0","799.0","799.0","+1.0","20,800","16,638","400","12,600","31.50","-","-","799.80","798.64","802.09","806.40","822.55","19,760","9,404","11,681"
"2016/01/07","704.0","706.0","698.0","698.0","-12.0","1,500","1,050","500","15,800","31.60","-","-","709.80","702.32","685.52","679.51","697.46","8,080","8,808","6,617"
"2016/01/05","710.0","717.0","691.0","711.0","-1.0","4,700","3,312","500","15,800","31.60","-","-","714.20","701.92","683.75","679.49","697.56","12,220","8,792","6,584"
"2016/01/04","725.0","725.0","712.0","712.0","-6.0","10,800","7,781","500","15,800","31.60","-","-","713.20","701.36","682.53","679.59","697.48","14,940","8,776","6,614"
"2016/01/13","695.0","700.0","695.0","700.0","+15.0","1,000","697","500","16,000","32.00","-","-","698.00","702.00","688.19","679.76","696.48","4,540","8,204","6,388"
"2024/03/14","1,949.0","1,994.0","1,932.0","1,987.0","+51.0","22,900","45,093","800","26,500","33.13","-","-","1,919.00","1,874.04","1,579.59","1,519.53","1,315.75","29,340","77,872","45,513"
"2014/07/23","497.0","497.0","490.0","490.0","0.0","9,900","4,877","300","10,100","33.67","-","-","490.60","495.08","478.53","-","-","11,640","7,396","5,665"
"2015/07/09","701.0","704.0","686.0","695.0","-10.0","7,200","5,021","200","6,800","34.00","-","-","707.00","719.76","713.33","701.42","610.60","3,840","6,320","11,578"
"2016/09/23","581.0","582.0","577.0","582.0","+7.0","3,800","2,208","700","24,100","34.43","-","-","580.60","592.44","591.85","604.96","642.59","10,120","5,176","6,216"
"2015/12/28","718.0","718.0","711.0","715.0","+9.0","18,300","13,109","500","17,300","34.60","-","-","704.60","698.12","679.05","679.48","696.70","12,180","7,892","6,329"
"2020/03/03","839.0","839.0","820.0","820.0","-7.0","3,600","2,993","300","10,400","34.67","-","-","834.20","886.04","872.13","849.94","820.10","10,580","9,272","9,402"
"2020/02/21","900.0","907.0","896.0","901.0","+3.0","7,500","6,758","300","10,400","34.67","-","-","897.00","900.32","869.96","846.00","819.71","7,360","7,840","9,724"
"2015/12/25","708.0","710.0","702.0","706.0","+1.0","18,300","12,932","500","17,400","34.80","-","-","700.40","696.84","678.41","679.48","696.42","9,400","7,560","6,152"
"2015/12/24","705.0","706.0","698.0","705.0","+4.0","9,500","6,675","500","17,500","35.00","-","-","699.00","696.16","677.64","679.55","696.15","8,420","7,408","5,934"
"2016/03/24","680.0","687.0","680.0","685.0","+5.0","5,500","3,757","400","14,100","35.25","-","-","681.60","669.36","682.75","685.55","687.18","4,960","7,984","7,468"
"2016/08/29","594.0","602.0","594.0","596.0","+3.0","2,500","1,497","600","21,200","35.33","-","-","601.80","607.96","603.80","618.57","651.66","3,980","5,892","6,078"
"2016/03/23","681.0","684.0","680.0","680.0","+1.0","2,800","1,908","400","14,200","35.50","-","-","681.40","668.40","682.91","685.59","687.33","5,080","7,920","7,704"
"2015/08/31","670.0","670.0","665.0","665.0","-6.0","1,100","735","200","7,100","35.50","-","-","653.80","688.08","709.03","710.65","643.73","6,420","12,584","8,944"
"2016/08/31","591.0","594.0","582.0","592.0","+2.0","8,300","4,901","600","21,400","35.67","-","-","595.60","606.92","602.39","617.20","650.62","7,000","5,468","6,078"
"2018/06/07","852.0","857.0","852.0","854.0","+3.0","3,400","2,905","100","3,600","36.00","-","-","854.80","861.68","849.60","848.36","829.88","5,740","6,228","8,684"
"2018/06/06","851.0","858.0","851.0","851.0","-3.0","2,300","1,961","100","3,600","36.00","-","-","855.60","862.52","849.31","848.40","829.60","5,740","7,436","8,804"
"2018/06/05","857.0","857.0","853.0","854.0","-3.0","7,700","6,582","100","3,600","36.00","-","-","855.40","862.88","849.01","848.47","829.31","6,480","9,076","8,890"
"2016/08/30","595.0","602.0","580.0","590.0","-6.0","8,100","4,759","600","21,700","36.17","-","-","599.00","607.56","603.07","617.85","651.14","5,400","5,664","6,065"
"2016/08/04","591.0","610.0","591.0","610.0","+13.0","4,600","2,774","500","18,300","36.60","-","-","604.80","587.24","615.23","629.62","658.36","4,060","6,092","6,458"
"2016/08/03","594.0","600.0","591.0","597.0","-3.0","2,900","1,732","500","18,300","36.60","-","-","607.20","585.24","616.09","630.01","658.77","5,780","6,196","6,488"
"2016/08/02","607.0","609.0","598.0","600.0","-7.0","2,900","1,745","500","18,400","36.80","-","-","609.60","583.60","617.13","630.56","659.15","8,540","6,284","6,521"
"2016/08/01","620.0","620.0","603.0","607.0","-3.0","5,400","3,292","500","18,400","36.80","-","-","611.20","582.04","618.05","631.09","659.46","10,600","6,404","6,492"
"2024/03/13","1,949.0","1,960.0","1,903.0","1,936.0","+31.0","22,600","43,617","700","26,300","37.57","-","-","1,892.60","1,859.52","1,570.76","1,512.66","1,310.32","33,880","78,192","45,309"
"2024/03/12","1,853.0","1,920.0","1,821.0","1,905.0","+33.0","36,700","68,962","700","26,600","38.00","-","-","1,889.40","1,847.40","1,562.40","1,506.35","1,305.12","32,560","79,820","45,229"
"2018/04/26","846.0","846.0","840.0","841.0","-4.0","2,500","2,108","100","3,800","38.00","-","-","844.00","839.56","843.67","839.37","823.04","8,420","9,440","9,717"
"2018/04/25","845.0","849.0","831.0","845.0","0.0","34,500","28,950","100","3,800","38.00","-","-","844.60","839.68","843.83","839.07","822.79","8,740","9,684","9,764"
"2018/04/24","846.0","846.0","843.0","845.0","+1.0","1,900","1,606","100","3,800","38.00","-","-","842.80","839.56","843.91","838.71","822.52","2,760","8,484","9,377"
"2018/04/23","840.0","844.0","840.0","844.0","-1.0","1,700","1,431","100","3,800","38.00","-","-","840.40","839.44","843.97","838.36","822.25","8,000","8,812","9,504"
"2018/04/20","844.0","845.0","841.0","845.0","+1.0","1,500","1,265","100","3,800","38.00","-","-","838.20","839.48","843.93","838.02","821.99","13,360","9,040","9,588"
"2018/04/19","837.0","845.0","837.0","844.0","+8.0","4,100","3,450","100","3,800","38.00","-","-","838.20","839.48","843.97","837.66","821.72","13,340","9,852","9,757"
"2018/04/18","838.0","839.0","834.0","836.0","+3.0","4,600","3,852","100","3,800","38.00","-","-","838.40","839.84","843.97","837.30","821.46","13,280","9,768","9,936"
"2015/01/19","538.0","539.0","527.0","530.0","-8.0","16,700","8,894","200","7,600","38.00","-","-","532.40","519.40","511.01","512.00","497.80","16,200","13,312","8,754"
"2014/12/10","510.0","511.0","504.0","509.0","0.0","16,700","8,491","200","7,700","38.50","-","-","507.80","504.16","509.72","506.70","-","7,160","5,888","8,172"
"2017/09/08","797.0","799.0","797.0","797.0","+1.0","900","718","300","11,600","38.67","-","-","798.00","797.84","801.15","811.37","818.47","3,900","8,912","10,833"
"2017/09/07","796.0","797.0","796.0","796.0","-1.0","1,600","1,274","300","11,600","38.67","-","-","798.80","798.84","801.16","811.54","817.94","6,060","9,248","10,954"
"2017/09/06","796.0","801.0","794.0","797.0","-1.0","7,600","6,053","300","11,600","38.67","-","-","799.60","800.12","801.12","811.63","817.41","6,820","9,332","11,089"
"2017/09/05","800.0","803.0","795.0","798.0","-4.0","6,100","4,877","300","11,600","38.67","-","-","800.20","801.52","801.09","811.87","816.82","6,460","9,404","11,116"
"2017/09/04","802.0","802.0","797.0","802.0","+1.0","3,300","2,639","300","11,600","38.67","-","-","799.80","803.60","800.97","812.24","816.19","7,100","9,564","11,170"
"2017/09/01","800.0","802.0","796.0","801.0","+1.0","11,700","9,346","300","11,600","38.67","-","-","799.20","805.52","800.77","812.77","815.48","7,540","10,104","11,585"
"2016/03/25","685.0","692.0","682.0","692.0","+7.0","10,600","7,297","400","15,600","39.00","-","-","682.80","670.36","682.73","685.57","686.99","5,700","8,308","7,584"
"2015/09/24","626.0","644.0","626.0","641.0","+3.0","3,800","2,394","100","3,900","39.00","-","-","634.80","648.00","691.64","699.44","653.67","4,920","7,512","8,504"
"2017/08/31","798.0","802.0","798.0","800.0","0.0","5,400","4,320","300","11,900","39.67","-","-","799.00","807.68","800.69","813.48","814.68","6,300","10,500","11,688"
"2017/08/30","797.0","800.0","797.0","800.0","+4.0","5,800","4,634","300","12,000","40.00","-","-","798.00","810.12","800.67","814.15","813.79","6,360","11,836","12,078"
"2017/05/12","887.0","890.0","822.0","828.0","-59.0","41,700","35,612","400","16,200","40.50","-","-","866.80","857.48","880.21","852.50","737.58","18,480","18,172","32,980"
"2015/01/08","533.0","541.0","523.0","539.0","+8.0","16,400","8,794","200","8,100","40.50","-","-","524.40","513.16","510.60","510.16","-","13,820","11,420","8,506"
"2017/09/19","800.0","805.0","799.0","801.0","+1.0","29,400","23,529","300","12,600","42.00","-","-","801.40","799.24","801.92","807.85","821.60","19,460","8,404","11,441"
"2016/08/05","608.0","620.0","600.0","616.0","+6.0","10,800","6,579","500","21,500","43.00","-","-","606.00","589.36","614.45","629.21","657.98","5,320","6,260","6,496"
"2016/08/08","613.0","622.0","610.0","612.0","-4.0","1,300","797","500","21,600","43.20","-","-","607.00","591.36","613.72","628.70","657.62","4,500","6,124","6,429"
"2022/06/29","855.0","894.0","855.0","880.0","+20.0","33,400","29,303","100","4,400","44.00","-","-","861.80","854.60","853.51","860.07","879.79","13,760","4,436","5,789"
"2016/08/10","620.0","620.0","606.0","612.0","-6.0","4,100","2,501","500","22,000","44.00","-","-","613.60","595.48","612.19","627.45","656.79","5,160","6,184","6,350"
"2016/08/09","612.0","618.0","605.0","618.0","+6.0","5,000","3,041","500","22,000","44.00","-","-","610.60","593.64","613.03","628.13","657.25","4,920","6,080","6,428"
"2016/09/01","592.0","598.0","586.0","590.0","-2.0","3,300","1,947","500","22,200","44.40","-","-","592.20","606.16","601.67","616.59","650.10","6,680","4,932","6,048"
"2024/03/07","1,920.0","1,925.0","1,855.0","1,855.0","-65.0","45,600","85,490","600","26,800","44.67","-","-","1,909.80","1,813.68","1,541.08","1,489.19","1,290.21","35,520","81,060","44,244"
"2022/07/04","892.0","900.0","851.0","874.0","-16.0","17,500","15,207","100","4,600","46.00","-","-","877.40","858.44","854.43","859.99","879.40","22,340","7,116","6,516"
"2016/07/29","613.0","613.0","603.0","610.0","-12.0","4,500","2,744","400","18,400","46.00","-","-","609.80","580.20","618.89","631.48","659.75","12,280","6,920","6,472"
"2015/08/21","682.0","698.0","672.0","673.0","-9.0","8,400","5,710","200","9,300","46.50","-","-","691.00","704.04","715.41","711.34","639.03","10,420","11,832","8,918"
"2016/03/22","678.0","689.0","678.0","679.0","+1.0","4,100","2,798","300","14,300","47.67","-","-","681.40","667.96","683.17","685.71","687.50","6,160","8,028","7,713"
"2015/08/20","700.0","700.0","682.0","682.0","-19.0","14,100","9,678","200","9,900","49.50","-","-","695.00","705.92","716.07","711.40","638.17","10,680","11,956","9,036"
"2017/09/11","799.0","803.0","799.0","801.0","+4.0","5,700","4,570","300","14,900","49.67","-","-","797.80","798.00","801.29","810.90","819.02","4,380","7,592","10,668"
"2018/04/27","844.0","862.0","839.0","860.0","+19.0","43,300","36,727","100","5,000","50.00","-","-","847.00","840.44","843.69","839.87","823.39","16,780","10,696","10,236"
"2020/02/14","916.0","916.0","883.0","898.0","-17.0","34,600","30,903","200","10,400","52.00","-","-","905.60","900.84","862.65","840.52","818.40","11,680","8,464","9,974"
"2024/03/11","1,897.0","1,914.0","1,863.0","1,872.0","-23.0","33,600","63,329","500","26,300","52.60","-","-","1,895.40","1,834.28","1,554.96","1,500.39","1,300.09","30,800","80,608","44,844"
"2024/03/08","1,855.0","1,939.0","1,855.0","1,895.0","+40.0","30,900","58,932","500","26,300","52.60","-","-","1,899.60","1,826.48","1,548.11","1,494.89","1,295.19","31,420","81,420","44,502"
"2017/09/12","803.0","807.0","803.0","805.0","+4.0","4,000","3,220","300","15,900","53.00","-","-","799.20","798.56","801.45","810.26","819.54","3,960","6,464","10,580"
"2015/01/07","516.0","531.0","515.0","531.0","+15.0","21,800","11,478","200","10,700","53.50","-","-","518.60","511.88","510.40","509.70","-","14,320","10,920","8,396"
"2020/01/16","904.0","907.0","902.0","907.0","+4.0","13,800","12,484","100","5,400","54.00","-","-","899.60","877.44","827.89","817.43","816.11","10,480","12,408","9,649"
"2014/04/04","497.0","497.0","487.0","490.0","-4.0","5,000","2,452","200","10,900","54.50","-","-","494.80","-","-","-","-","3,880","-","-"
"2016/08/24","606.0","609.0","606.0","609.0","+5.0","300","182","400","22,000","55.00","-","-","606.40","607.12","606.09","620.71","653.06","2,120","5,836","6,089"
"2016/08/19","607.0","610.0","600.0","610.0","+3.0","2,500","1,510","400","22,000","55.00","-","-","610.20","604.60","607.99","623.20","654.38","3,940","6,452","6,112"
"2016/08/16","616.0","616.0","608.0","610.0","-4.0","5,000","3,070","400","22,000","55.00","-","-","614.00","601.20","609.85","625.37","655.55","5,120","6,604","6,382"
"2016/08/12","617.0","617.0","610.0","616.0","+4.0","3,600","2,203","400","22,000","55.00","-","-","614.80","597.72","611.47","626.77","656.36","4,960","6,200","6,273"
"2016/08/23","600.0","604.0","600.0","604.0","+2.0","1,000","602","400","22,100","55.25","-","-","606.60","606.12","606.65","621.42","653.49","2,700","6,276","6,124"
"2016/08/15","619.0","619.0","609.0","614.0","-2.0","7,900","4,879","400","22,200","55.50","-","-","614.40","599.40","610.65","626.05","655.97","4,380","6,452","6,360"
"2016/09/02","587.0","597.0","586.0","588.0","-2.0","4,800","2,827","400","22,300","55.75","-","-","591.20","604.80","600.92","615.86","649.59","5,400","4,596","6,046"
"2016/08/22","601.0","605.0","599.0","602.0","-8.0","5,700","3,424","400","22,300","55.75","-","-","607.80","605.28","607.35","622.30","653.94","3,500","6,504","6,136"
"2018/06/04","858.0","861.0","855.0","857.0","-1.0","8,200","7,031","100","5,600","56.00","-","-","855.40","862.36","848.40","848.46","829.04","5,620","8,868","9,009"
"2014/07/24","495.0","496.0","490.0","490.0","0.0","12,700","6,261","200","11,500","57.50","-","-","488.80","495.00","478.53","-","-","10,940","7,400","5,768"
"2020/06/15","858.0","864.0","855.0","860.0","+9.0","18,900","16,250","100","5,900","59.00","-","-","850.20","834.80","798.15","823.69","820.56","5,500","7,244","8,280"
"2017/08/29","794.0","798.0","791.0","796.0","-3.0","9,300","7,402","200","12,200","61.00","-","-","797.20","812.04","800.65","814.86","813.00","5,700","13,008","12,633"
"2018/06/01","859.0","862.0","854.0","858.0","0.0","7,100","6,082","100","6,600","66.00","-","-","856.20","861.88","847.79","848.40","828.73","4,460","9,920","9,016"
"2018/05/31","854.0","858.0","854.0","858.0","+8.0","3,400","2,912","100","6,600","66.00","-","-","857.80","861.36","847.05","848.32","828.39","4,200","9,712","9,256"
"2018/05/30","851.0","852.0","843.0","850.0","-4.0","6,000","5,094","100","6,600","66.00","-","-","859.60","860.80","846.59","848.15","828.09","3,840","9,644","9,276"
"2015/01/26","533.0","537.0","530.0","532.0","+9.0","12,600","6,726","100","6,700","67.00","-","-","530.00","523.24","511.15","513.40","498.56","8,560","13,256","8,924"
"2016/10/28","602.0","672.0","595.0","660.0","+62.0","74,900","47,983","300","20,300","67.67","-","-","610.00","590.64","595.13","591.95","629.21","19,180","8,416","6,724"
"2014/07/22","492.0","499.0","490.0","490.0","+6.0","8,800","4,343","100","6,800","68.00","-","-","493.60","494.92","478.59","-","-","11,500","7,324","5,592"
"2016/10/25","599.0","601.0","596.0","599.0","+6.0","7,000","4,194","400","27,400","68.50","-","-","592.20","585.60","592.99","592.26","630.58","6,120","6,560","5,668"
"2018/05/01","871.0","884.0","871.0","875.0","+15.0","33,600","29,433","100","7,000","70.00","-","-","853.20","842.00","843.92","840.50","823.85","23,160","11,292","10,632"
"2017/09/20","806.0","806.0","798.0","798.0","-3.0","17,800","14,258","200","14,100","70.50","-","-","800.00","798.84","801.97","807.13","822.09","22,220","8,784","11,513"
"2016/03/18","689.0","689.0","677.0","678.0","-8.0","5,500","3,761","200","14,300","71.50","-","-","680.60","666.76","683.45","685.73","687.67","6,400","8,156","7,706"
"2017/09/26","804.0","815.0","804.0","811.0","+5.0","6,800","5,509","200","14,500","72.50","-","-","803.00","799.68","802.64","804.54","823.96","14,440","10,036","11,885"
"2018/05/02","880.0","880.0","862.0","867.0","-8.0","9,400","8,190","100","7,400","74.00","-","-","857.60","842.52","843.95","841.05","824.23","24,660","10,596","10,668"
"2016/03/16","680.0","684.0","678.0","684.0","+4.0","6,100","4,150","200","14,800","74.00","-","-","671.80","662.96","683.87","685.95","688.04","5,260","8,460","7,668"
"2018/05/10","863.0","866.0","863.0","863.0","-1.0","3,900","3,368","100","7,500","75.00","-","-","864.60","847.76","843.95","842.87","825.71","4,900","9,972","10,237"
"2018/05/09","863.0","866.0","862.0","864.0","-2.0","2,700","2,331","100","7,500","75.00","-","-","867.00","846.72","843.89","842.42","825.34","10,840","10,016","10,249"
"2018/05/08","863.0","868.0","863.0","866.0","+3.0","2,600","2,252","100","7,500","75.00","-","-","866.20","845.12","843.83","841.95","824.98","18,960","10,060","10,425"
"2018/05/07","867.0","867.0","863.0","863.0","-4.0","5,900","5,110","100","7,500","75.00","-","-","861.20","843.64","843.88","841.49","824.61","18,940","10,200","10,597"
"2016/10/05","582.0","582.0","579.0","579.0","-4.0","5,000","2,902","400","30,300","75.75","-","-","581.00","585.68","589.11","599.27","638.01","7,560","5,828","5,977"
"2016/10/04","580.0","584.0","577.0","583.0","+2.0","7,700","4,473","400","30,300","75.75","-","-","581.60","586.36","589.04","599.95","638.58","7,200","5,728","6,072"
"2016/09/20","577.0","581.0","573.0","575.0","-7.0","14,300","8,238","300","24,400","81.33","-","-","583.60","594.96","593.04","606.73","643.79","9,840","5,120","6,212"
"2018/05/29","861.0","865.0","854.0","854.0","-7.0","3,400","2,918","100","8,300","83.00","-","-","863.80","860.60","846.23","848.13","827.95","3,320","9,464","9,300"
"2018/05/28","866.0","866.0","861.0","861.0","-5.0","2,400","2,074","100","8,300","83.00","-","-","867.40","860.20","845.71","848.03","827.82","4,120","9,492","9,576"
"2018/05/25","870.0","870.0","863.0","866.0","-1.0","5,800","5,031","100","8,300","83.00","-","-","869.20","859.20","845.56","847.76","827.67","4,520","9,580","9,845"
"2018/05/18","871.0","871.0","863.0","870.0","+5.0","2,800","2,432","100","8,500","85.00","-","-","864.80","853.32","844.57","845.44","827.26","7,300","11,288","10,033"
"2018/05/17","870.0","872.0","862.0","865.0","-2.0","8,900","7,739","100","8,500","85.00","-","-","861.20","852.32","844.33","844.96","827.10","12,380","11,372","10,037"
"2018/05/24","870.0","870.0","866.0","867.0","-4.0","1,600","1,388","100","8,600","86.00","-","-","870.00","857.88","845.44","847.36","827.59","3,920","10,472","9,862"
"2018/05/23","872.0","873.0","868.0","871.0","-1.0","3,400","2,959","100","8,600","86.00","-","-","869.60","856.52","845.28","846.93","827.51","5,380","11,548","9,906"
"2018/05/22","872.0","874.0","868.0","872.0","+2.0","7,400","6,447","100","8,600","86.00","-","-","868.80","855.48","845.04","846.44","827.43","6,020","11,468","9,966"
"2018/05/21","870.0","872.0","867.0","870.0","0.0","4,400","3,827","100","8,600","86.00","-","-","867.80","854.40","844.77","845.95","827.37","6,540","11,324","9,997"
"2018/05/16","874.0","874.0","865.0","867.0","0.0","6,600","5,739","100","8,700","87.00","-","-","860.80","851.40","844.13","844.51","826.88","11,380","11,172","10,021"
"2018/05/15","870.0","871.0","861.0","867.0","+12.0","10,000","8,679","100","8,700","87.00","-","-","860.20","850.36","843.92","844.04","826.62","10,600","11,096","10,428"
"2018/05/14","850.0","856.0","848.0","855.0","+3.0","8,200","6,981","100","8,700","87.00","-","-","860.00","849.16","843.77","843.50","826.30","9,120","11,012","10,568"
"2014/12/30","515.0","518.0","510.0","514.0","+4.0","14,200","7,304","100","8,800","88.00","-","-","513.80","510.16","510.36","508.96","-","21,860","9,736","8,237"
"2014/12/04","506.0","508.0","502.0","506.0","+1.0","4,400","2,220","100","9,200","92.00","-","-","506.60","501.60","509.45","506.47","-","7,400","7,920","8,122"
"2014/12/05","508.0","509.0","502.0","507.0","+1.0","7,300","3,695","100","9,600","96.00","-","-","506.60","501.96","509.47","506.56","-","8,080","7,692","8,105"
"2020/03/02","810.0","828.0","810.0","827.0","+2.0","7,300","5,968","100","10,400","104.00","-","-","848.40","889.48","872.23","849.44","820.14","12,600","9,436","9,457"
"2020/02/26","876.0","880.0","861.0","863.0","-28.0","7,700","6,674","100","10,400","104.00","-","-","890.00","898.52","872.16","847.79","820.12","7,180","8,220","9,864"
"2020/02/13","911.0","915.0","910.0","915.0","+6.0","6,300","5,753","100","10,400","104.00","-","-","905.00","900.32","860.95","839.39","818.15","7,900","7,528","9,606"
"2020/02/05","915.0","916.0","900.0","916.0","+7.0","11,100","10,088","100","10,400","104.00","-","-","898.20","895.68","851.85","833.28","816.95","9,220","8,240","9,696"
"2020/02/04","893.0","909.0","885.0","909.0","+24.0","14,700","13,209","100","10,400","104.00","-","-","893.60","894.64","849.88","831.96","816.69","7,200","9,384","9,577"
"2020/02/03","885.0","886.0","871.0","885.0","-14.0","9,200","8,099","100","10,400","104.00","-","-","891.00","893.48","847.96","830.72","816.46","4,900","10,004","9,424"
"2020/01/31","885.0","904.0","885.0","899.0","+17.0","7,400","6,648","100","10,400","104.00","-","-","894.20","892.92","846.40","829.69","816.35","3,860","10,492","9,312"
"2020/01/30","890.0","890.0","880.0","882.0","-11.0","3,700","3,274","100","10,400","104.00","-","-","895.60","891.48","844.64","828.52","816.19","3,920","10,768","9,254"
"2020/01/29","896.0","900.0","893.0","893.0","-3.0","1,000","897","100","10,400","104.00","-","-","899.60","890.56","843.05","827.57","816.13","3,960","10,792","9,250"
"2020/01/28","886.0","897.0","886.0","896.0","-5.0","3,200","2,852","100","10,400","104.00","-","-","902.20","889.16","841.40","826.51","815.94","4,220","11,132","9,268"
"2020/01/27","900.0","901.0","880.0","901.0","-5.0","4,000","3,580","100","10,400","104.00","-","-","904.20","888.00","839.68","825.42","815.72","4,580","11,256","9,370"
"2020/01/23","906.0","907.0","901.0","902.0","-4.0","3,900","3,527","100","10,400","104.00","-","-","902.60","885.04","836.09","823.08","815.54","4,620","11,452","9,385"
"2020/01/17","907.0","907.0","897.0","899.0","-8.0","10,100","9,129","100","10,400","104.00","-","-","901.00","879.12","829.36","818.54","815.96","11,220","12,396","9,757"
"2020/03/12","758.0","770.0","752.0","765.0","+3.0","6,600","5,022","100","10,500","105.00","-","-","769.60","853.56","867.85","850.80","819.23","8,060","9,628","9,185"
"2020/03/11","761.0","774.0","758.0","762.0","+2.0","6,100","4,662","100","10,500","105.00","-","-","777.20","859.32","868.72","850.80","819.40","7,840","9,952","9,186"
"2020/01/22","904.0","907.0","904.0","906.0","0.0","2,300","2,082","100","10,500","105.00","-","-","903.60","883.60","834.33","822.00","815.55","6,600","11,388","9,472"
"2020/01/21","901.0","907.0","901.0","906.0","+6.0","5,000","4,527","100","10,500","105.00","-","-","903.00","882.00","832.52","820.84","815.65","8,080","11,464","9,581"
"2020/01/20","900.0","905.0","900.0","900.0","+1.0","1,800","1,623","100","10,500","105.00","-","-","901.40","880.84","830.88","819.66","815.78","9,060","12,228","9,694"
"2020/02/12","904.0","913.0","904.0","909.0","+5.0","7,300","6,635","100","10,900","109.00","-","-","905.20","899.40","859.01","838.06","817.85","8,860","7,824","9,633"
"2017/09/25","810.0","810.0","803.0","806.0","+5.0","6,400","5,166","100","11,600","116.00","-","-","801.00","799.16","802.39","805.11","823.42","18,960","9,832","11,829"
"2016/04/20","679.0","679.0","667.0","675.0","+5.0","9,900","6,683","100","12,700","127.00","-","-","672.20","673.24","674.87","681.28","682.04","7,220","8,344","7,586"
"2016/03/30","678.0","680.0","674.0","674.0","-6.0","10,200","6,887","100","12,800","128.00","-","-","684.60","672.12","682.09","685.21","686.36","18,920","11,232","8,436"
"2016/04/07","647.0","672.0","645.0","661.0","+10.0","4,500","2,950","100","12,900","129.00","-","-","658.80","668.84","679.07","683.31","684.36","6,160","12,184","8,334"
"2016/03/31","674.0","674.0","650.0","673.0","-1.0","7,900","5,252","100","13,300","133.00","-","-","682.20","672.32","681.76","685.05","686.08","19,400","11,448","8,481"
"2017/08/23","798.0","799.0","793.0","796.0","+4.0","2,500","1,993","100","13,800","138.00","-","-","796.00","815.48","804.43","819.63","809.97","5,020","15,160","13,378"
"2017/06/20","800.0","800.0","795.0","796.0","+1.0","8,100","6,460","100","13,800","138.00","-","-","796.20","793.48","858.09","857.87","762.90","8,760","10,568","22,276"
"2017/06/19","796.0","799.0","794.0","795.0","-1.0","9,800","7,804","100","13,800","138.00","-","-","796.60","793.56","860.03","858.40","761.96","9,040","11,632","22,908"
"2016/03/29","673.0","690.0","673.0","680.0","-12.0","29,800","20,238","100","13,800","138.00","-","-","685.80","671.80","682.35","685.41","686.61","17,440","10,856","8,390"
"2016/02/25","675.0","675.0","669.0","673.0","+5.0","3,300","2,221","100","13,800","138.00","-","-","668.60","671.84","689.01","686.35","692.38","2,240","5,400","6,640"
"2016/02/19","667.0","670.0","665.0","670.0","+3.0","1,600","1,069","100","13,900","139.00","-","-","663.20","674.64","690.32","685.42","693.11","4,160","6,124","6,804"
"2017/08/22","796.0","796.0","791.0","792.0","-6.0","4,800","3,813","100","14,000","140.00","-","-","797.60","815.48","805.29","821.58","809.27","5,580","15,696","13,485"
"2017/08/18","798.0","804.0","796.0","797.0","0.0","7,200","5,749","100","14,000","140.00","-","-","800.60","815.20","807.09","825.42","807.61","7,940","15,968","13,665"
"2016/02/16","659.0","675.0","659.0","669.0","+20.0","5,500","3,653","100","14,100","141.00","-","-","652.00","678.12","691.32","684.39","693.72","8,480","6,428","6,829"
"2017/08/09","795.0","804.0","793.0","800.0","+6.0","13,100","10,457","100","14,400","144.00","-","-","800.80","812.72","812.72","833.37","801.43","20,620","16,088","13,996"
"2017/08/08","793.0","797.0","790.0","794.0","+3.0","9,800","7,777","100","14,400","144.00","-","-","806.40","812.36","813.44","834.52","800.40","18,740","15,940","13,982"
"2016/05/16","636.0","650.0","636.0","643.0","-2.0","7,300","4,673","100","14,500","145.00","-","-","651.20","661.64","668.04","675.59","678.19","7,160","5,780","7,664"
"2016/10/06","579.0","584.0","575.0","583.0","+4.0","5,400","3,133","200","29,100","145.50","-","-","581.20","585.40","589.27","598.65","637.41","7,520","5,720","5,926"
"2016/05/25","646.0","655.0","640.0","652.0","+6.0","8,300","5,368","100","15,300","153.00","-","-","645.40","655.84","664.67","671.79","675.67","4,000","5,820","7,565"
"2016/03/15","678.0","681.0","673.0","680.0","+5.0","8,200","5,559","100","15,900","159.00","-","-","664.80","662.52","683.96","686.12","688.23","5,500","8,600","7,642"
"2016/03/11","657.0","663.0","656.0","663.0","+6.0","3,100","2,044","100","16,100","161.00","-","-","654.80","663.24","684.20","686.54","688.68","5,420","8,968","7,620"
"2016/03/14","668.0","675.0","665.0","675.0","+12.0","5,300","3,545","100","16,300","163.00","-","-","659.20","662.52","684.11","686.37","688.44","4,760","8,772","7,666"
"2016/10/03","582.0","584.0","579.0","581.0","+1.0","5,000","2,908","200","33,500","167.50","-","-","582.60","586.76","589.27","600.73","639.15","6,200","5,868","6,049"
"2016/10/31","655.0","665.0","651.0","656.0","-4.0","33,800","22,216","100","19,900","199.00","-","-","622.60","593.60","596.19","592.29","629.00","25,200","9,616","7,117"
"2016/10/26","599.0","601.0","598.0","600.0","+1.0","1,300","780","100","27,300","273.00","-","-","594.40","586.32","593.52","591.96","630.02","4,240","5,864","5,642"
"2016/10/13","589.0","589.0","583.0","584.0","-1.0","1,500","880","100","28,100","281.00","-","-","585.20","584.56","589.64","596.32","635.13","4,320","5,484","5,682"
"2016/10/12","590.0","590.0","582.0","585.0","-5.0","2,100","1,229","100","28,200","282.00","-","-","584.20","584.96","589.65","596.93","635.70","5,020","5,652","5,753"
"2016/09/27","584.0","588.0","580.0","588.0","+4.0","2,700","1,577","100","29,900","299.00","-","-","580.80","590.64","590.87","603.65","641.46","5,680","5,212","6,150"
