"日付","始値","高値","安値","終値","前日比","出来高","売買代金","貸株残高","融資残高","貸借倍率","逆日歩","特別空売り料","5DMA","25DMA","75DMA","100DMA","200DMA","5DVMA","25DVMA","75DVMA"
"2019/07/12","518.0","520.0","513.0","513.0","-5.0","6,500","3,356","-","-","-","-","2.20","518.00","515.96","509.25","506.84","524.47","6,980","18,236","11,608"
"2024/03/22","718.0","720.0","709.0","720.0","+6.0","54,200","38,808","0","3,500","0.00","-","0.90","709.20","693.08","686.99","681.90","665.88","32,360","20,448","15,832"
"2024/03/21","710.0","718.0","708.0","714.0","+6.0","42,500","30,225","0","3,500","0.00","-","0.70","705.40","691.64","686.56","681.29","665.46","48,800","18,552","15,202"
"2024/03/19","709.0","709.0","705.0","708.0","+4.0","11,500","8,137","0","4,000","0.00","-","0.80","702.00","690.44","686.20","680.76","665.10","48,540","17,384","14,738"
"2024/03/18","703.0","706.0","700.0","704.0","+4.0","25,000","17,534","0","3,500","0.00","-","0.70","699.40","689.52","685.92","680.29","664.71","51,920","17,052","15,025"
"2024/03/15","701.0","701.0","693.0","700.0","-1.0","28,600","19,978","0","3,100","0.00","-","0.90","696.40","688.80","685.60","679.84","664.40","48,540","16,568","15,037"
"2024/03/14","677.0","705.0","672.0","701.0","+4.0","136,400","94,194","0","2,400","0.00","-","0.90","694.80","688.24","685.27","679.44","664.10","45,020","15,792","14,694"
"2024/03/13","697.0","702.0","694.0","697.0","+2.0","41,200","28,800","0","2,400","0.00","-","0.80","692.00","687.84","684.92","679.06","663.73","20,740","10,624","12,928"
"2024/03/12","691.0","695.0","685.0","695.0","+6.0","28,400","19,612","0","4,800","0.00","-","0.90","690.40","687.52","684.56","678.75","663.38","13,780","9,648","12,509"
"2024/03/11","690.0","695.0","686.0","689.0","-3.0","8,100","5,592","0","5,000","0.00","-","0.80","689.00","687.00","684.15","678.46","663.04","9,760","8,872","12,198"
"2024/03/08","687.0","693.0","686.0","692.0","+5.0","11,000","7,595","0","4,000","0.00","-","0.90","688.20","686.64","683.80","678.24","662.74","10,340","9,120","12,110"
"2024/03/07","692.0","692.0","685.0","687.0","-2.0","15,000","10,352","0","2,400","0.00","-","0.90","687.80","686.24","683.41","678.00","662.43","10,700","10,716","12,054"
"2024/03/06","688.0","690.0","686.0","689.0","+1.0","6,400","4,405","0","2,300","0.00","-","0.60","688.40","686.56","683.09","677.78","662.15","8,780","10,564","11,926"
"2024/03/05","685.0","689.0","685.0","688.0","+3.0","8,300","5,689","0","2,300","0.00","-","0.60","687.80","686.84","682.76","677.57","661.85","8,700","10,712","11,888"
"2024/03/04","690.0","690.0","685.0","685.0","-5.0","11,000","7,542","0","3,300","0.00","-","0.70","687.20","687.08","682.45","677.37","661.57","8,260","10,792","11,800"
"2024/03/01","688.0","691.0","686.0","690.0","0.0","12,800","8,799","0","3,300","0.00","-","0.90","687.40","687.44","682.19","677.32","661.35","8,500","10,908","11,670"
"2024/02/29","686.0","690.0","686.0","690.0","+4.0","5,400","3,710","0","3,300","0.00","-","0.80","687.00","687.56","681.83","677.23","661.09","6,860","11,052","11,574"
"2024/02/28","688.0","689.0","684.0","686.0","+1.0","6,000","4,120","0","1,900","0.00","-","0.80","686.40","687.52","681.45","677.06","660.85","6,500","11,732","11,625"
"2024/02/27","688.0","689.0","682.0","685.0","-1.0","6,100","4,175","0","1,900","0.00","-","0.90","686.80","687.32","681.12","676.98","660.63","5,740","11,824","11,585"
"2024/02/26","686.0","690.0","685.0","686.0","-2.0","12,200","8,375","0","1,900","0.00","-","0.80","687.60","687.24","680.81","676.91","660.41","7,220","11,880","11,542"
"2024/02/22","685.0","688.0","685.0","688.0","+1.0","4,600","3,154","0","1,900","0.00","-","0.80","687.80","687.00","680.52","676.89","660.24","6,720","11,500","11,405"
"2024/02/21","690.0","690.0","685.0","687.0","-1.0","3,600","2,476","0","1,900","0.00","-","0.90","686.60","686.72","680.17","676.89","660.10","7,300","11,596","11,368"
"2024/02/20","688.0","688.0","684.0","688.0","-1.0","2,200","1,510","0","1,900","0.00","-","0.90","686.00","686.48","679.77","676.83","659.98","7,940","11,768","11,341"
"2024/02/19","685.0","690.0","682.0","689.0","+2.0","13,500","9,259","0","1,900","0.00","-","0.80","685.20","686.28","679.39","676.64","660.09","10,160","11,908","11,405"
"2024/02/16","682.0","687.0","682.0","687.0","+5.0","9,700","6,642","0","1,900","0.00","-","0.90","684.40","686.04","678.92","676.55","660.21","8,100","11,576","11,273"
"2024/02/15","684.0","684.0","680.0","682.0","-2.0","7,500","5,112","0","2,000","0.00","-","0.80","684.20","685.80","678.51","676.61","660.35","8,740","11,328","11,165"
"2024/02/14","683.0","686.0","683.0","684.0","0.0","6,800","4,652","0","2,000","0.00","-","0.80","685.00","685.84","678.17","676.57","660.43","9,080","11,292","11,185"
"2024/02/13","685.0","689.0","684.0","684.0","-1.0","13,300","9,128","0","2,000","0.00","-","0.90","686.40","685.76","677.84","676.40","660.54","9,160","11,384","11,177"
"2024/02/09","686.0","690.0","684.0","685.0","-1.0","3,200","2,198","0","2,000","0.00","-","0.80","687.40","685.48","677.53","676.26","660.59","9,860","11,488","11,032"
"2024/02/08","691.0","691.0","683.0","686.0","0.0","12,900","8,836","0","2,100","0.00","-","0.90","686.80","685.32","677.21","676.01","660.64","11,020","11,576","11,034"
"2024/02/07","692.0","692.0","685.0","686.0","-5.0","9,200","6,327","0","9,800","0.00","-","0.90","685.60","685.04","676.85","675.61","660.68","11,300","11,300","10,884"
"2024/02/06","690.0","692.0","689.0","691.0","+2.0","7,200","4,970","0","2,000","0.00","-","1.00","684.80","684.56","676.51","675.18","660.71","19,640","11,556","10,846"
"2024/02/05","683.0","690.0","682.0","689.0","+7.0","16,800","11,553","0","2,000","0.00","-","0.90","685.60","683.72","676.13","674.72","660.73","20,440","11,840","10,838"
"2024/02/02","680.0","682.0","675.0","682.0","+2.0","9,000","6,105","0","2,200","0.00","-","1.00","687.00","682.96","675.83","674.26","660.73","19,100","11,592","10,685"
"2024/02/01","681.0","681.0","676.0","680.0","-2.0","14,300","9,703","0","2,200","0.00","-","1.00","689.40","682.60","675.61","673.86","660.75","19,360","11,504","10,674"
"2024/01/31","696.0","696.0","679.0","682.0","-13.0","50,900","34,753","0","2,200","0.00","-","1.00","692.20","682.48","675.44","673.53","660.80","19,280","11,292","10,526"
"2024/01/30","697.0","699.0","691.0","695.0","-1.0","11,200","7,776","0","2,000","0.00","-","1.00","694.40","682.52","675.25","673.15","660.88","12,380","9,552","9,970"
"2024/01/29","699.0","699.0","695.0","696.0","+2.0","10,100","7,048","0","2,000","0.00","-","0.90","693.20","681.76","674.85","672.63","660.88","14,620","9,368","9,861"
"2024/01/26","694.0","699.0","691.0","694.0","0.0","10,300","7,157","0","2,000","0.00","-","0.90","690.20","681.00","674.48","672.08","660.86","14,260","9,464","9,769"
"2024/01/25","691.0","696.0","689.0","694.0","+1.0","13,900","9,631","0","2,100","0.00","-","0.90","688.00","680.28","674.13","671.55","660.84","13,700","9,216","10,060"
"2024/01/24","689.0","693.0","684.0","693.0","+4.0","16,400","11,330","0","2,100","0.00","-","0.80","685.20","679.60","673.95","671.00","660.82","11,460","8,940","10,074"
"2024/01/23","686.0","690.0","681.0","689.0","+8.0","22,400","15,373","0","2,100","0.00","-","0.60","682.80","679.20","673.79","670.46","660.75","9,580","9,724","9,961"
"2024/01/22","684.0","685.0","681.0","681.0","-2.0","8,300","5,668","0","2,100","0.00","-","0.80","681.20","679.36","673.57","669.95","660.68","6,680","9,540","9,774"
"2024/01/19","680.0","684.0","679.0","683.0","+3.0","7,500","5,110","0","2,100","0.00","-","0.70","681.60","679.80","673.53","669.56","660.60","6,160","10,084","9,744"
"2024/01/18","679.0","682.0","678.0","680.0","-1.0","2,700","1,836","0","2,100","0.00","-","0.90","681.60","679.60","673.47","669.15","660.56","5,700","9,992","9,854"
"2024/01/17","681.0","682.0","679.0","681.0","0.0","7,000","4,760","0","2,100","0.00","-","1.00","681.80","679.56","673.52","668.78","660.48","5,860","10,864","9,937"
"2024/01/16","683.0","683.0","679.0","681.0","-2.0","7,900","5,380","0","2,200","0.00","-","1.00","682.20","679.80","673.61","668.36","660.34","5,780","11,456","9,966"
"2024/01/15","683.0","685.0","680.0","683.0","0.0","5,700","3,892","0","2,100","0.00","-","0.80","682.40","680.16","673.61","667.95","660.20","6,020","11,500","10,097"
"2024/01/12","684.0","684.0","680.0","683.0","+2.0","5,200","3,547","0","2,100","0.00","-","1.00","681.20","680.60","673.43","667.54","660.07","8,060","11,608","10,286"
"2024/01/11","682.0","683.0","680.0","681.0","-2.0","3,500","2,385","0","2,100","0.00","-","0.90","680.80","681.12","673.39","667.12","659.90","8,100","12,160","10,506"
"2024/01/10","682.0","684.0","681.0","683.0","+1.0","6,600","4,499","0","2,100","0.00","-","1.00","680.40","681.96","673.55","666.74","659.72","8,600","15,588","11,302"
"2024/01/09","677.0","682.0","676.0","682.0","+5.0","9,100","6,174","0","2,100","0.00","-","1.00","678.60","682.04","673.48","666.30","659.49","10,400","15,756","12,056"
"2024/01/05","680.0","684.0","677.0","677.0","-4.0","15,900","10,815","0","2,100","0.00","-","0.90","676.20","682.28","673.28","665.91","659.31","11,440","15,672","12,908"
"2024/01/04","690.0","690.0","679.0","681.0","+2.0","5,400","3,689","0","2,300","0.00","-","0.60","674.80","682.68","673.19","665.55","659.06","10,380","15,344","13,685"
"2023/12/29","674.0","679.0","673.0","679.0","+5.0","6,000","4,062","0","1,200","0.00","-","0.60","673.20","682.92","672.91","665.16","658.84","10,660","16,448","14,561"
"2023/12/28","671.0","682.0","670.0","674.0","+4.0","15,600","10,528","0","1,100","0.00","-","0.70","672.80","682.96","672.47","664.78","658.66","11,260","17,244","14,540"
"2023/12/27","673.0","674.0","667.0","670.0","0.0","14,300","9,589","0","11,200","0.00","-","0.70","674.60","683.00","672.05","664.44","658.52","9,620","16,736","14,437"
"2023/12/26","670.0","673.0","669.0","670.0","-3.0","10,600","7,104","0","11,200","0.00","-","0.80","675.80","683.20","671.72","664.15","658.42","8,080","16,320","14,341"
"2023/12/25","675.0","678.0","668.0","673.0","-4.0","6,800","4,573","0","11,200","0.00","-","0.90","677.20","683.20","671.36","663.88","658.32","8,460","16,288","14,300"
"2023/12/22","685.0","685.0","676.0","677.0","-6.0","9,000","6,121","0","11,100","0.00","-","0.80","677.80","682.84","670.95","663.57","658.21","7,920","16,220","14,345"
"2023/12/21","686.0","686.0","677.0","683.0","+7.0","7,400","5,050","0","11,100","0.00","-","0.90","677.80","682.28","670.55","663.18","658.07","7,520","15,920","14,318"
"2023/12/20","676.0","681.0","672.0","676.0","-1.0","6,600","4,465","0","11,100","0.00","-","0.90","677.80","681.48","670.03","662.76","657.88","13,240","15,896","14,361"
"2023/12/19","682.0","685.0","676.0","677.0","+1.0","12,500","8,515","0","11,100","0.00","-","0.80","681.20","680.96","669.59","662.43","657.70","15,480","15,848","14,345"
"2023/12/18","677.0","682.0","671.0","676.0","-1.0","4,100","2,774","0","11,100","0.00","-","1.00","684.20","680.44","669.11","662.14","657.51","17,360","15,488","14,328"
"2023/12/15","682.0","683.0","671.0","677.0","-6.0","7,000","4,738","0","11,100","0.00","-","0.90","684.60","680.00","668.64","661.86","657.36","17,580","15,392","14,377"
"2023/12/14","686.0","686.0","670.0","683.0","-10.0","36,000","24,463","0","11,100","0.00","-","0.90","685.00","679.52","668.13","661.56","657.16","21,080","15,164","14,568"
"2023/12/13","693.0","699.0","683.0","693.0","+1.0","17,800","12,336","0","11,100","0.00","-","0.90","685.80","678.72","667.55","661.20","656.94","18,240","13,948","14,278"
"2023/12/12","680.0","693.0","680.0","692.0","+14.0","21,900","15,058","0","11,200","0.00","-","0.80","685.20","677.48","666.81","660.69","656.67","16,480","13,604","14,282"
"2023/12/11","676.0","682.0","676.0","678.0","-1.0","5,200","3,534","0","11,300","0.00","-","1.00","685.60","676.24","666.15","660.21","656.39","13,780","12,848","14,204"
"2023/12/08","685.0","685.0","666.0","679.0","-8.0","24,500","16,524","0","11,400","0.00","-","0.70","689.20","675.60","665.67","659.90","656.18","16,540","12,756","14,309"
"2023/12/07","692.0","707.0","687.0","687.0","-3.0","21,800","15,185","0","11,500","0.00","-","0.70","693.80","675.00","665.19","659.56","655.97","29,480","11,852","14,677"
"2023/12/06","693.0","698.0","685.0","690.0","-4.0","9,000","6,210","0","11,400","0.00","-","0.90","693.40","674.00","664.55","659.20","655.68","27,280","11,052","14,677"
"2023/12/05","692.0","700.0","692.0","694.0","-2.0","8,400","5,860","0","11,000","0.00","-","0.90","693.00","672.68","663.88","658.80","655.38","26,880","10,756","14,894"
"2023/12/04","701.0","703.0","690.0","696.0","-6.0","19,000","13,241","0","11,000","0.00","-","1.00","691.60","671.28","663.19","658.37","655.04","26,740","10,700","14,889"
"2023/12/01","682.0","712.0","674.0","702.0","+17.0","89,200","62,276","0","11,200","0.00","-","0.90","689.80","669.60","662.45","657.88","654.68","29,540","10,084","14,770"
"2023/11/30","691.0","691.0","670.0","685.0","-3.0","10,800","7,353","0","11,000","0.00","-","0.90","685.40","667.76","661.67","657.30","654.29","16,880","6,580","13,757"
"2023/11/29","690.0","690.0","683.0","688.0","+1.0","7,000","4,819","0","11,000","0.00","-","0.60","683.40","666.64","661.05","656.99","653.98","15,300","6,508","13,901"
"2023/11/28","687.0","687.0","679.0","687.0","0.0","7,700","5,261","0","11,000","0.00","-","0.90","680.80","665.48","660.45","656.58","653.66","14,680","6,476","13,890"
"2023/11/27","700.0","700.0","685.0","687.0","+7.0","33,000","22,914","0","11,000","0.00","-","0.70","677.40","664.44","659.84","656.23","653.34","15,100","6,264","13,818"
"2023/11/24","680.0","680.0","666.0","680.0","+5.0","25,900","17,530","0","1,000","0.00","-","0.60","672.80","663.40","659.24","655.78","653.03","9,520","5,080","13,428"
"2023/11/22","677.0","677.0","667.0","675.0","0.0","2,900","1,956","0","1,000","0.00","-","0.70","669.40","662.56","658.72","655.37","652.75","4,640","4,108","13,260"
"2023/11/21","675.0","675.0","668.0","675.0","+5.0","3,900","2,620","0","1,000","0.00","-","0.70","667.00","661.96","658.25","655.00","652.49","5,420","4,248","13,365"
"2023/11/20","662.0","674.0","662.0","670.0","+6.0","9,800","6,555","0","1,000","0.00","-","0.90","664.60","661.48","657.80","654.62","652.24","5,720","4,356","13,398"
"2023/11/17","663.0","665.0","661.0","664.0","+1.0","5,100","3,382","0","1,000","0.00","-","1.00","663.40","661.32","657.44","654.31","652.00","4,460","4,176","13,321"
"2023/11/16","663.0","664.0","662.0","663.0","0.0","1,500","994","0","1,000","0.00","-","0.80","663.60","661.40","657.15","654.03","651.80","3,780","4,300","13,369"
"2023/11/15","666.0","666.0","662.0","663.0","0.0","6,800","4,509","0","1,000","0.00","-","0.80","664.00","661.56","656.81","653.82","651.59","3,740","4,368","13,434"
"2023/11/14","664.0","665.0","663.0","663.0","-1.0","5,400","3,583","0","1,000","0.00","-","0.90","664.00","661.76","656.52","653.62","651.38","3,500","4,464","13,397"
"2023/11/13","665.0","666.0","663.0","664.0","-1.0","3,500","2,327","0","1,000","0.00","-","0.90","663.80","661.84","656.25","653.42","651.18","4,260","4,368","13,469"
"2023/11/10","665.0","665.0","662.0","665.0","0.0","1,700","1,128","0","1,000","0.00","-","0.90","663.20","662.00","656.04","653.20","650.97","4,160","4,356","13,478"
"2023/11/09","663.0","667.0","663.0","665.0","+2.0","1,300","864","0","1,000","0.00","-","0.90","662.60","662.12","655.81","652.98","650.76","4,400","5,572","13,557"
"2023/11/08","665.0","670.0","663.0","663.0","+1.0","5,600","3,741","0","1,000","0.00","-","0.90","662.40","662.72","655.57","652.73","650.58","4,520","6,120","13,600"
"2023/11/07","660.0","666.0","659.0","662.0","+1.0","9,200","6,098","0","1,000","0.00","-","1.00","662.20","663.44","655.36","652.55","650.38","3,760","6,212","13,576"
"2023/11/06","662.0","663.0","660.0","661.0","-1.0","3,000","1,983","0","1,000","0.00","-","1.00","661.20","663.88","655.09","652.32","650.20","2,240","6,180","13,674"
"2023/11/02","659.0","663.0","659.0","662.0","-2.0","2,900","1,914","0","1,000","0.00","-","1.10","660.80","664.56","654.87","652.12","650.01","3,040","6,300","13,808"
"2023/11/01","663.0","664.0","659.0","664.0","+2.0","1,900","1,257","0","1,000","0.00","-","0.90","659.20","665.20","654.67","651.82","649.85","3,180","6,816","13,826"
"2023/10/31","658.0","662.0","658.0","662.0","+5.0","1,800","1,189","0","1,000","0.00","-","0.90","657.60","666.00","654.41","651.45","649.70","3,120","7,096","13,882"
"2023/10/30","658.0","665.0","657.0","657.0","-2.0","1,600","1,057","0","3,000","0.00","-","0.80","656.60","667.04","654.27","651.14","649.58","4,560","7,392","13,982"
"2023/10/27","653.0","660.0","651.0","659.0","+5.0","7,000","4,586","0","3,000","0.00","-","0.80","657.00","668.00","654.17","650.94","649.50","5,480","8,036","14,077"
"2023/10/26","654.0","659.0","653.0","654.0","-2.0","3,600","2,362","0","3,000","0.00","-","0.80","657.40","668.40","654.07","650.65","649.37","4,560","8,552","14,118"
"2023/10/25","657.0","658.0","656.0","656.0","-1.0","1,600","1,051","0","1,000","0.00","-","0.80","658.80","669.44","653.97","650.43","649.28","4,520","9,276","14,180"
"2023/10/24","658.0","665.0","653.0","657.0","-2.0","9,000","5,931","0","1,000","0.00","-","0.90","659.40","670.92","653.81","650.15","649.20","4,520","11,740","14,446"
"2023/10/23","665.0","669.0","659.0","659.0","-2.0","6,200","4,116","0","0","0.00","-","0.90","660.00","671.76","653.77","649.85","649.08","4,000","13,904","14,602"
"2023/10/20","665.0","665.0","659.0","661.0","0.0","2,400","1,590","0","0","0.00","-","0.60","660.80","672.08","653.61","649.63","648.94","4,080","16,576","14,780"
"2023/10/19","659.0","661.0","657.0","661.0","+2.0","3,400","2,241","0","0","0.00","-","0.80","661.80","672.44","653.49","649.43","648.69","4,660","19,448","15,134"
"2023/10/18","659.0","660.0","656.0","659.0","-1.0","1,600","1,053","0","100","0.00","-","0.70","662.80","672.40","653.24","649.13","648.51","5,620","22,156","15,285"
"2023/10/17","663.0","663.0","660.0","660.0","-3.0","6,400","4,231","0","100","0.00","-","0.90","664.40","671.88","652.97","648.95","648.34","5,940","22,268","15,393"
"2023/10/16","666.0","668.0","663.0","663.0","-3.0","6,600","4,394","0","0","0.00","-","0.80","666.00","671.20","652.68","648.75","648.21","6,500","22,328","15,457"
"2023/10/13","667.0","670.0","666.0","666.0","0.0","5,300","3,543","0","0","0.00","-","0.80","666.40","670.48","652.33","648.40","648.12","5,780","22,348","15,488"
"2023/10/12","667.0","667.0","665.0","666.0","-1.0","8,200","5,468","0","0","0.00","-","0.90","666.80","669.56","651.97","648.01","647.98","5,360","22,436","15,501"
"2023/10/11","672.0","672.0","665.0","667.0","-1.0","3,200","2,136","0","200","0.00","-","0.80","667.20","668.60","651.57","647.62","647.87","10,140","22,516","15,709"
"2023/10/10","670.0","674.0","667.0","668.0","+3.0","9,200","6,155","0","100","0.00","-","0.90","669.80","667.80","651.24","647.23","647.74","12,500","22,668","15,841"
"2023/10/06","673.0","675.0","665.0","665.0","-3.0","3,000","2,007","0","200","0.00","-","0.60","672.40","666.84","650.91","646.85","647.62","12,240","22,724","15,854"
"2023/10/05","668.0","673.0","663.0","668.0","0.0","3,200","2,135","0","100","0.00","-","0.80","674.00","665.96","650.61","646.51","647.53","13,320","22,820","16,013"
"2023/10/04","670.0","680.0","663.0","668.0","-12.0","32,100","21,580","0","100","0.00","-","0.70","676.00","664.88","650.27","646.13","647.41","13,880","23,140","16,334"
"2023/10/03","674.0","682.0","674.0","680.0","-1.0","15,000","10,169","0","2,000","0.00","-","0.80","678.00","663.80","649.93","645.77","647.30","10,620","22,168","16,348"
"2023/10/02","678.0","681.0","675.0","681.0","+8.0","7,900","5,359","0","3,400","0.00","-","0.90","678.80","662.16","649.40","645.37","647.12","9,400","22,420","16,918"
"2023/09/29","680.0","680.0","673.0","673.0","-5.0","8,400","5,684","0","1,900","0.00","-","0.80","680.20","660.48","648.92","644.95","646.91","9,660","22,676","17,634"
"2023/09/28","683.0","684.0","674.0","678.0","0.0","6,000","4,078","0","1,900","0.00","-","0.80","681.80","659.08","648.47","644.64","646.72","11,520","23,064","18,445"
"2023/09/27","684.0","686.0","674.0","678.0","-6.0","15,800","10,768","0","2,800","0.00","-","0.90","680.00","657.64","647.97","644.27","646.57","14,300","23,464","18,646"
"2023/09/26","685.0","689.0","680.0","684.0","-4.0","8,900","6,100","0","2,500","0.00","-","0.90","680.40","656.20","647.36","643.91","646.43","15,480","23,356","18,549"
"2023/09/25","685.0","688.0","682.0","688.0","+7.0","9,200","6,306","0","2,400","0.00","-","0.60","682.20","654.56","646.60","643.59","646.25","26,340","25,084","18,656"
"2023/09/22","669.0","681.0","668.0","681.0","+12.0","17,700","11,963","0","2,400","0.00","-","0.80","680.20","652.60","645.84","643.30","646.08","37,120","25,588","18,650"
"2023/09/21","682.0","682.0","658.0","669.0","-11.0","19,900","13,379","0","2,400","0.00","-","0.70","677.40","650.96","645.25","643.13","645.94","48,180","25,892","18,588"
"2023/09/20","693.0","700.0","680.0","680.0","-13.0","21,700","15,006","0","2,400","0.00","-","0.90","677.60","649.88","644.73","643.53","645.87","59,040","25,416","18,674"
"2023/09/19","677.0","697.0","673.0","693.0","+15.0","63,200","43,499","0","2,400","0.00","-","0.60","673.60","648.32","644.09","643.87","645.77","68,920","24,952","18,526"
"2023/09/15","667.0","687.0","667.0","678.0","+11.0","63,100","42,694","0","2,400","0.00","-","0.60","664.20","646.32","643.23","644.08","645.57","57,160","22,952","17,816"
"2023/09/14","677.0","689.0","653.0","667.0","-3.0","73,000","48,936","0","2,400","0.00","-","0.70","657.20","644.76","642.55","644.29","645.55","46,120","21,292","17,132"
"2023/09/13","666.0","670.0","650.0","670.0","+10.0","74,200","49,376","0","2,400","0.00","-","0.70","652.80","643.80","642.15","644.67","645.53","32,940","18,620","16,300"
"2023/09/12","646.0","671.0","644.0","660.0","+14.0","71,100","46,867","0","2,600","0.00","-","0.80","647.40","642.64","641.76","644.92","645.51","19,600","15,744","15,678"
"2023/09/11","644.0","646.0","642.0","646.0","+3.0","4,400","2,836","0","2,400","0.00","-","0.90","643.80","641.92","641.37","645.27","645.53","7,420","13,048","14,920"
"2023/09/08","645.0","645.0","641.0","643.0","-2.0","7,900","5,075","0","2,400","0.00","-","0.90","644.00","641.72","641.31","645.75","645.59","7,940","13,404","15,586"
"2023/09/07","643.0","645.0","641.0","645.0","+2.0","7,100","4,567","0","2,400","0.00","-","0.80","644.20","641.60","641.27","646.24","645.68","8,480","13,520","15,938"
"2023/09/06","642.0","646.0","641.0","643.0","+1.0","7,500","4,821","0","2,400","0.00","-","0.90","643.80","641.44","641.04","646.73","645.74","8,140","13,492","16,170"
"2023/09/05","646.0","646.0","641.0","642.0","-5.0","10,200","6,568","0","2,400","0.00","-","0.90","643.40","641.44","640.83","647.20","645.82","8,880","13,352","16,273"
"2023/09/04","646.0","647.0","644.0","647.0","+3.0","7,000","4,518","0","2,400","0.00","-","0.90","643.20","641.44","640.63","647.63","645.90","8,400","13,292","16,232"
"2023/09/01","641.0","646.0","641.0","644.0","+1.0","10,600","6,826","0","2,400","0.00","-","0.90","641.60","641.08","640.37","648.06","645.89","11,260","13,268","16,396"
"2023/08/31","643.0","644.0","641.0","643.0","+2.0","5,400","3,469","0","2,400","0.00","-","0.90","640.60","640.96","640.19","648.60","645.92","12,000","13,004","16,756"
"2023/08/30","641.0","644.0","641.0","641.0","0.0","11,200","7,188","0","12,400","0.00","-","0.90","639.60","640.96","640.03","649.12","645.96","14,540","13,220","16,996"
"2023/08/29","641.0","643.0","638.0","641.0","+2.0","7,800","5,004","0","10,400","0.00","-","0.90","639.80","641.24","639.88","649.64","646.03","15,500","12,940","17,284"
"2023/08/28","643.0","644.0","637.0","639.0","0.0","21,300","13,677","0","8,400","0.00","-","0.80","640.00","641.52","639.76","650.13","646.11","16,560","12,932","17,524"
"2023/08/25","635.0","639.0","632.0","639.0","+1.0","14,300","9,087","0","3,500","0.00","-","0.90","640.80","641.84","639.77","650.63","646.19","22,720","12,260","17,501"
"2023/08/24","635.0","641.0","635.0","638.0","-4.0","18,100","11,529","0","3,600","0.00","-","0.80","640.80","642.16","639.77","651.03","646.24","24,220","11,840","17,549"
"2023/08/23","642.0","646.0","636.0","642.0","0.0","16,000","10,243","0","3,500","0.00","-","0.90","641.20","642.32","639.83","651.41","646.32","25,660","11,780","17,630"
"2023/08/22","653.0","653.0","640.0","642.0","-1.0","13,100","8,449","0","3,500","0.00","-","0.60","641.20","642.40","639.81","651.64","646.40","24,060","11,660","17,905"
"2023/08/21","645.0","654.0","637.0","643.0","+4.0","52,100","33,682","0","3,400","0.00","-","0.80","641.00","642.60","639.81","651.97","646.50","23,460","11,308","18,186"
"2023/08/18","631.0","639.0","631.0","639.0","-1.0","21,800","13,778","0","3,400","0.00","-","0.70","641.00","642.68","639.93","652.18","646.57","15,680","9,468","18,410"
"2023/08/17","634.0","641.0","634.0","640.0","-2.0","25,300","16,091","0","3,400","0.00","-","0.80","641.00","643.16","640.20","652.32","646.65","15,640","8,968","18,522"
"2023/08/16","638.0","642.0","638.0","642.0","+1.0","8,000","5,120","0","3,400","0.00","-","0.90","641.60","643.56","640.52","652.44","646.74","11,820","8,304","19,437"
"2023/08/15","644.0","644.0","639.0","641.0","-2.0","10,100","6,477","0","3,400","0.00","-","0.80","641.40","643.92","641.41","652.60","646.78","10,680","8,388","20,678"
"2023/08/14","639.0","644.0","635.0","643.0","+4.0","13,200","8,453","0","3,400","0.00","-","0.90","641.60","644.16","642.39","652.67","646.86","9,400","8,312","21,100"
"2023/08/10","642.0","642.0","633.0","639.0","-4.0","21,600","13,757","0","3,400","0.00","-","0.80","641.20","644.20","643.33","652.69","646.93","9,420","8,648","21,700"
"2023/08/09","643.0","643.0","640.0","643.0","+2.0","6,200","3,982","0","3,400","0.00","-","0.90","641.40","644.80","644.13","652.68","646.97","7,260","8,612","22,002"
"2023/08/08","641.0","642.0","640.0","641.0","-1.0","2,300","1,475","0","3,400","0.00","-","0.60","641.00","644.96","644.96","652.70","646.98","7,300","9,144","22,553"
"2023/08/07","643.0","643.0","640.0","642.0","+1.0","3,700","2,373","0","3,600","0.00","-","0.80","641.40","645.40","645.68","652.56","646.99","7,640","10,212","22,769"
"2023/08/04","645.0","645.0","640.0","641.0","+1.0","13,300","8,558","0","14,200","0.00","-","0.70","641.40","645.40","646.39","652.52","646.94","8,640","10,652","23,028"
"2023/08/03","640.0","643.0","636.0","640.0","-1.0","10,800","6,911","0","14,700","0.00","-","0.90","640.80","645.32","647.09","652.53","646.93","7,260","10,508","23,158"
"2023/08/02","645.0","645.0","641.0","641.0","-2.0","6,400","4,115","0","3,900","0.00","-","0.90","641.00","645.24","647.79","652.60","647.00","5,900","10,524","23,312"
"2023/08/01","643.0","644.0","642.0","643.0","+1.0","4,000","2,571","0","3,900","0.00","-","0.80","641.40","645.08","648.49","652.68","647.11","6,780","10,624","23,489"
"2023/07/31","638.0","643.0","638.0","642.0","+4.0","8,700","5,571","0","3,900","0.00","-","0.80","642.40","644.92","649.12","652.75","647.12","6,820","10,716","23,714"
"2023/07/28","641.0","643.0","638.0","638.0","-3.0","6,400","4,098","0","3,900","0.00","-","0.80","643.60","644.68","649.69","652.84","647.04","6,600","11,320","24,214"
"2023/07/27","643.0","643.0","641.0","641.0","-2.0","4,000","2,568","0","3,900","0.00","-","0.90","645.40","644.84","650.39","652.95","646.96","6,220","11,588","24,532"
"2023/07/26","648.0","648.0","640.0","643.0","-5.0","10,800","6,943","0","3,900","0.00","-","0.90","646.60","644.92","651.15","653.00","646.86","6,180","11,836","24,800"
"2023/07/25","647.0","649.0","645.0","648.0","0.0","4,200","2,715","0","3,900","0.00","-","0.90","646.40","644.92","651.84","652.96","646.71","7,340","12,000","25,082"
"2023/07/24","642.0","648.0","642.0","648.0","+1.0","7,600","4,897","0","3,900","0.00","-","0.90","645.60","644.68","652.44","652.87","646.52","9,100","12,924","25,413"
"2023/07/21","647.0","647.0","645.0","647.0","0.0","4,500","2,909","0","3,900","0.00","-","0.80","645.40","644.48","653.00","652.85","646.31","8,440","13,944","25,620"
"2023/07/20","642.0","647.0","642.0","647.0","+5.0","3,800","2,451","0","3,900","0.00","-","0.80","645.00","644.20","653.56","652.76","646.09","8,760","16,076","26,034"
"2023/07/19","644.0","646.0","640.0","642.0","-2.0","16,600","10,684","0","3,900","0.00","-","0.90","645.80","644.12","653.99","652.67","645.89","9,860","18,388","26,252"
"2023/07/18","649.0","650.0","641.0","644.0","-3.0","13,000","8,388","0","3,900","0.00","-","0.80","647.40","644.00","654.44","652.64","645.71","8,280","20,492","26,257"
"2023/07/14","650.0","652.0","646.0","647.0","+2.0","4,300","2,790","0","3,900","0.00","-","0.50","648.80","643.88","654.72","652.56","645.59","7,700","20,816","26,292"
"2023/07/13","649.0","651.0","643.0","645.0","-6.0","6,100","3,938","0","3,900","0.00","-","0.80","648.80","643.28","655.09","652.45","645.47","8,480","20,984","26,718"
"2023/07/12","649.0","655.0","646.0","651.0","+1.0","9,300","6,050","0","4,500","0.00","-","0.70","648.60","642.56","655.35","652.37","645.27","11,580","21,416","26,892"
"2023/07/11","651.0","652.0","646.0","650.0","-1.0","8,700","5,648","0","4,600","0.00","-","0.90","649.20","641.76","655.37","652.16","645.03","13,860","21,396","26,856"
"2023/07/10","645.0","651.0","642.0","651.0","+4.0","10,100","6,543","0","15,200","0.00","-","0.80","648.60","641.24","655.40","651.95","644.88","16,020","21,568","26,876"
"2023/07/07","642.0","650.0","642.0","647.0","+3.0","8,200","5,306","0","5,000","0.00","-","0.90","648.80","640.40","655.49","651.70","644.71","19,800","22,220","27,072"
"2023/07/06","654.0","654.0","643.0","644.0","-10.0","21,600","13,998","0","4,700","0.00","-","0.80","647.80","639.80","655.51","651.47","644.59","21,100","22,316","27,136"
"2023/07/05","648.0","654.0","642.0","654.0","+7.0","20,700","13,429","0","3,800","0.00","-","0.90","646.80","639.16","655.52","651.28","644.49","18,720","21,848","27,066"
"2023/07/04","650.0","655.0","641.0","647.0","-5.0","19,500","12,618","0","3,800","0.00","-","0.90","643.60","638.08","655.31","650.96","644.54","16,820","21,492","27,017"
"2023/07/03","650.0","654.0","646.0","652.0","+10.0","29,000","18,869","0","3,500","0.00","-","0.90","641.60","637.68","655.28","650.73","644.54","14,700","21,136","27,473"
"2023/06/30","644.0","644.0","638.0","642.0","+3.0","14,700","9,406","0","3,500","0.00","-","0.90","639.00","637.24","654.95","650.45","644.51","10,160","21,080","27,224"
"2023/06/29","640.0","649.0","638.0","639.0","+1.0","9,700","6,248","0","3,500","0.00","-","0.80","637.80","636.80","654.89","650.27","644.60","11,980","21,060","27,276"
"2023/06/28","638.0","642.0","634.0","638.0","+1.0","11,200","7,143","0","3,500","0.00","-","0.90","638.40","636.88","654.93","650.12","644.64","12,660","22,848","27,385"
"2023/06/27","640.0","640.0","634.0","637.0","-2.0","8,900","5,666","0","3,500","0.00","-","0.80","639.40","636.96","655.05","649.98","644.73","12,460","23,772","27,308"
"2023/06/26","638.0","640.0","636.0","639.0","+3.0","6,300","4,022","0","3,500","0.00","-","0.80","640.60","636.60","655.21","649.86","644.89","13,660","24,396","27,228"
"2023/06/23","646.0","646.0","632.0","636.0","-6.0","23,800","15,201","0","3,100","0.00","-","0.90","641.20","636.12","655.36","649.69","645.09","17,860","24,752","27,414"
"2023/06/22","645.0","647.0","641.0","642.0","-1.0","13,100","8,434","0","3,100","0.00","-","0.90","642.60","635.76","655.56","649.57","645.35","19,720","24,084","27,220"
"2023/06/21","644.0","644.0","640.0","643.0","0.0","10,200","6,549","0","3,200","0.00","-","0.80","642.20","635.20","655.65","649.35","645.53","28,660","24,332","27,202"
"2023/06/20","641.0","643.0","639.0","643.0","+1.0","14,900","9,544","0","3,100","0.00","-","0.50","642.60","634.68","655.69","649.14","645.76","38,940","25,428","27,314"
"2023/06/19","646.0","648.0","641.0","642.0","-1.0","27,300","17,614","0","3,100","0.00","-","0.80","641.80","634.20","655.64","648.94","645.96","49,800","25,768","27,164"
"2023/06/16","639.0","647.0","639.0","643.0","+3.0","33,100","21,286","0","3,100","0.00","-","0.70","641.60","633.72","655.60","648.74","646.19","48,560","25,988","27,021"
"2023/06/15","640.0","640.0","636.0","640.0","-5.0","57,800","36,959","0","3,300","0.00","-","0.80","639.40","633.28","655.64","648.54","646.38","43,640","25,696","26,853"
"2023/06/14","633.0","645.0","630.0","645.0","+6.0","61,600","39,278","0","3,300","0.00","-","0.90","636.80","633.28","655.61","648.43","646.64","35,460","24,168","26,142"
"2023/06/13","650.0","650.0","637.0","639.0","-2.0","69,200","44,624","0","3,300","0.00","-","0.90","634.00","633.04","655.52","648.20","646.88","24,900","22,420","25,370"
"2023/06/12","632.0","642.0","630.0","641.0","+9.0","21,100","13,431","0","3,300","0.00","-","0.80","633.60","633.16","655.52","648.07","647.14","13,660","20,620","24,506"
"2023/06/09","629.0","634.0","629.0","632.0","+5.0","8,500","5,368","0","3,400","0.00","-","0.80","631.40","633.16","655.45","647.89","647.35","14,720","21,240","24,297"
"2023/06/08","632.0","637.0","627.0","627.0","-4.0","16,900","10,673","0","3,400","0.00","-","0.50","631.40","633.56","655.51","647.87","647.59","15,140","22,268","24,541"
"2023/06/07","637.0","639.0","631.0","631.0","-6.0","8,800","5,590","0","3,300","0.00","-","0.80","631.60","634.56","655.64","647.94","647.83","13,740","24,348","24,438"
"2023/06/06","630.0","640.0","629.0","637.0","+7.0","13,000","8,264","0","3,300","0.00","-","0.70","630.80","635.68","655.63","648.02","648.05","14,340","25,204","24,374"
"2023/06/05","630.0","637.0","629.0","630.0","-2.0","26,400","16,696","0","3,400","0.00","-","0.90","630.80","636.76","655.52","648.05","648.22","13,860","28,440","24,364"
"2023/06/02","631.0","635.0","627.0","632.0","+4.0","10,600","6,685","0","3,400","0.00","-","0.80","633.00","639.92","655.47","648.08","648.45","14,100","31,428","24,133"
"2023/06/01","627.0","631.0","625.0","628.0","+1.0","9,900","6,207","0","3,100","0.00","-","0.80","632.80","643.20","655.36","648.12","648.69","14,820","32,672","24,080"
"2023/05/31","643.0","643.0","627.0","627.0","-10.0","11,800","7,453","0","3,200","0.00","-","0.90","635.40","646.64","655.32","648.25","648.96","23,720","34,604","23,976"
"2023/05/30","642.0","642.0","631.0","637.0","-4.0","10,600","6,747","0","3,100","0.00","-","0.80","638.00","649.52","655.25","648.31","649.26","28,220","35,904","23,969"
"2023/05/29","633.0","641.0","627.0","641.0","+10.0","27,600","17,465","0","3,100","0.00","-","0.50","636.20","652.24","655.08","648.25","649.50","31,000","37,380","23,969"
"2023/05/26","641.0","641.0","631.0","631.0","-10.0","14,200","9,021","0","3,600","0.00","-","0.90","633.40","654.40","654.85","647.94","649.80","28,520","37,016","23,633"
"2023/05/25","657.0","657.0","637.0","641.0","+1.0","54,400","35,233","0","3,500","0.00","-","0.70","632.60","656.96","654.76","647.88","650.16","27,100","37,372","23,521"
"2023/05/24","626.0","645.0","626.0","640.0","+12.0","34,300","21,848","0","3,400","0.00","-","0.90","630.00","659.08","654.53","647.73","650.48","20,080","36,120","22,866"
"2023/05/23","628.0","631.0","625.0","628.0","+1.0","24,500","15,402","0","3,400","0.00","-","0.80","628.00","661.16","654.32","647.67","650.86","20,740","35,640","22,452"
"2023/05/22","629.0","629.0","625.0","627.0","0.0","15,200","9,539","0","3,400","0.00","-","0.50","628.60","663.80","654.28","647.83","651.23","20,520","35,448","22,148"
"2023/05/19","625.0","629.0","625.0","627.0","-1.0","7,100","4,459","0","3,400","0.00","-","0.80","629.20","666.32","654.21","647.94","651.68","24,040","35,676","22,064"
"2023/05/18","627.0","629.0","622.0","628.0","-2.0","19,300","12,078","0","3,400","0.00","-","0.50","630.20","668.64","654.17","648.12","652.22","27,780","37,240","22,046"
"2023/05/17","633.0","633.0","624.0","630.0","-1.0","37,600","23,640","0","3,400","0.00","-","0.80","632.60","671.12","654.07","648.25","652.57","27,840","37,676","22,012"
"2023/05/16","630.0","631.0","625.0","631.0","+1.0","23,400","14,724","0","3,400","0.00","-","0.50","634.40","673.84","653.96","648.38","652.91","23,900","37,136","21,676"
"2023/05/15","632.0","634.0","625.0","630.0","-2.0","32,800","20,628","0","3,400","0.00","-","0.90","636.60","676.40","653.85","648.55","653.22","24,060","37,480","21,428"
"2023/05/12","638.0","638.0","631.0","632.0","-8.0","25,800","16,368","0","3,400","0.00","-","0.70","638.80","678.92","653.75","648.69","653.58","24,820","37,328","21,112"
"2023/05/11","639.0","640.0","636.0","640.0","+1.0","19,600","12,513","0","5,100","0.00","-","0.90","640.80","681.24","653.63","648.83","653.92","26,500","37,220","20,862"
"2023/05/10","645.0","645.0","636.0","639.0","-3.0","17,900","11,462","0","4,000","0.00","-","0.80","643.20","683.20","653.48","648.87","654.25","36,360","37,860","20,682"
"2023/05/09","645.0","647.0","640.0","642.0","+1.0","24,200","15,550","0","4,000","0.00","-","0.80","647.20","684.80","653.25","648.87","654.61","38,820","37,948","20,533"
"2023/05/08","639.0","650.0","639.0","641.0","-1.0","36,600","23,546","0","3,600","0.00","-","0.80","651.60","686.16","653.04","648.80","654.96","52,760","37,660","20,240"
"2023/05/02","652.0","652.0","639.0","642.0","-10.0","34,200","21,986","0","3,600","0.00","-","0.80","665.20","687.12","652.80","648.86","655.22","65,660","36,820","19,877"
"2023/05/01","658.0","668.0","640.0","652.0","-7.0","68,900","45,053","0","3,300","0.00","-","0.80","679.60","688.44","652.64","648.94","655.53","67,160","36,904","19,632"
"2023/04/28","664.0","668.0","656.0","659.0","-5.0","30,200","19,941","0","2,100","0.00","-","0.80","692.00","688.92","652.40","648.91","655.82","65,020","34,912","18,769"
"2023/04/27","677.0","678.0","661.0","664.0","-45.0","93,900","62,738","0","1,600","0.00","-","0.90","700.00","688.68","652.13","648.86","656.03","67,840","33,968","18,430"
"2023/04/26","715.0","718.0","701.0","709.0","-5.0","101,100","71,835","0","1,000","0.00","-","0.90","708.20","688.20","651.81","648.75","656.16","58,560","30,620","17,258"
"2023/04/25","714.0","717.0","713.0","714.0","0.0","41,700","29,797","0","2,300","0.00","-","0.80","705.40","686.16","650.80","648.21","656.16","42,040","27,568","15,938"
"2023/04/24","708.0","715.0","703.0","714.0","+15.0","58,200","41,276","0","2,300","0.00","-","0.90","701.60","683.52","649.76","647.67","656.04","38,320","26,420","15,422"
"2023/04/21","707.0","707.0","698.0","699.0","-6.0","44,300","31,065","0","1,800","0.00","-","0.90","697.60","680.76","648.79","647.05","655.92","31,300","24,748","14,841"
"2023/04/20","695.0","705.0","694.0","705.0","+10.0","47,500","33,156","0","1,800","0.00","-","0.90","696.20","678.32","647.91","646.80","655.80","26,900","23,656","14,300"
"2023/04/19","697.0","699.0","695.0","695.0","0.0","18,500","12,889","0","2,300","0.00","-","0.90","694.00","675.92","646.92","646.39","655.66","21,340","23,904","13,905"
"2023/04/18","696.0","699.0","694.0","695.0","+1.0","23,100","16,090","0","2,300","0.00","-","0.80","693.00","673.20","645.79","646.10","655.52","21,820","23,576","14,124"
"2023/04/17","695.0","696.0","690.0","694.0","+2.0","23,100","16,007","0","2,300","0.00","-","0.50","691.00","670.92","644.85","645.79","655.49","26,440","23,396","14,002"
"2023/04/14","694.0","696.0","687.0","692.0","-2.0","22,300","15,413","0","2,300","0.00","-","0.90","690.20","668.84","643.95","645.42","655.37","27,860","23,188","13,893"
"2023/04/13","690.0","695.0","686.0","694.0","+4.0","19,700","13,590","0","2,400","0.00","-","0.50","691.40","667.04","643.17","645.11","655.26","28,220","22,512","13,765"
"2023/04/12","685.0","690.0","684.0","690.0","+5.0","20,900","14,373","0","2,300","0.00","-","0.90","691.60","665.24","642.51","644.75","654.95","30,680","21,840","13,712"
"2023/04/11","692.0","698.0","679.0","685.0","-5.0","46,200","31,821","0","2,300","0.00","-","0.70","692.20","663.64","641.81","644.44","654.64","32,300","21,816","13,596"
"2023/04/10","705.0","705.0","690.0","690.0","-8.0","30,200","21,136","0","2,700","0.00","-","0.90","693.20","662.28","641.28","644.16","654.38","27,680","20,336","13,360"
"2023/04/07","696.0","702.0","695.0","698.0","+3.0","24,100","16,846","0","3,200","0.00","-","0.50","693.00","660.64","640.63","643.71","654.21","28,760","19,600","13,048"
"2023/04/06","696.0","699.0","692.0","695.0","+2.0","32,000","22,288","0","3,200","0.00","-","0.90","689.20","658.56","639.89","643.23","653.99","27,960","19,380","12,849"
"2023/04/05","691.0","695.0","685.0","693.0","+3.0","29,000","20,036","0","3,200","0.00","-","0.70","685.40","656.32","639.27","642.80","653.73","24,960","18,244","12,554"
"2023/04/04","685.0","693.0","684.0","690.0","+1.0","23,100","15,881","0","2,200","0.00","-","0.90","679.80","654.16","638.61","642.42","653.55","22,280","17,748","12,280"
"2023/04/03","682.0","690.0","680.0","689.0","+10.0","35,600","24,433","0","4,200","0.00","-","0.90","676.80","652.40","638.03","642.09","653.34","24,920","17,644","12,036"
"2023/03/31","678.0","682.0","676.0","679.0","+3.0","20,100","13,639","0","4,200","0.00","-","0.80","671.80","650.36","637.43","641.75","653.24","21,620","16,400","11,709"
"2023/03/30","661.0","676.0","661.0","676.0","+11.0","17,000","11,396","0","4,200","0.00","-","0.90","666.60","648.72","636.89","641.44","653.16","18,920","15,744","11,605"
"2023/03/29","677.0","677.0","665.0","665.0","-10.0","15,600","10,472","0","4,200","0.00","-","0.90","661.80","647.24","636.35","641.22","653.07","17,560","15,240","11,552"
"2023/03/28","665.0","676.0","662.0","675.0","+11.0","36,300","24,326","0","4,000","0.00","-","0.90","660.40","646.08","636.11","641.15","652.97","19,400","14,832","11,409"
"2023/03/27","653.0","664.0","652.0","664.0","+11.0","19,100","12,615","0","4,200","0.00","-","0.80","655.00","644.52","635.77","641.02","652.76","14,740","14,452","11,002"
"2023/03/24","653.0","653.0","648.0","653.0","+1.0","6,600","4,296","0","4,700","0.00","-","0.90","651.20","643.44","635.57","640.96","652.61","14,200","14,056","10,938"
"2023/03/23","655.0","655.0","647.0","652.0","-6.0","10,200","6,637","0","4,700","0.00","-","0.90","648.20","642.52","635.59","640.98","652.49","16,280","13,952","10,918"
"2023/03/22","656.0","658.0","650.0","658.0","+10.0","24,800","16,217","0","4,800","0.00","-","0.90","646.80","641.60","635.60","641.03","652.35","24,980","14,032","10,861"
"2023/03/20","645.0","650.0","643.0","648.0","+3.0","13,000","8,397","0","5,300","0.00","-","0.80","640.60","640.32","635.56","640.95","652.17","22,080","13,404","10,653"
"2023/03/17","638.0","645.0","636.0","645.0","+7.0","16,400","10,522","0","5,100","0.00","-","0.90","638.60","639.36","635.72","641.05","652.02","23,200","13,148","10,666"
"2023/03/16","639.0","641.0","630.0","638.0","-7.0","17,000","10,826","0","5,100","0.00","-","0.80","638.00","638.56","635.81","641.17","651.85","23,500","12,576","10,972"
"2023/03/15","632.0","646.0","631.0","645.0","+18.0","53,700","34,313","0","5,100","0.00","-","0.80","639.80","637.92","636.29","641.25","651.76","21,180","12,348","11,246"
"2023/03/14","641.0","641.0","623.0","627.0","-11.0","10,300","6,484","0","5,000","0.00","-","0.80","640.60","637.08","636.55","641.25","651.66","11,020","10,624","10,674"
"2023/03/13","640.0","640.0","626.0","638.0","-4.0","18,600","11,775","0","5,000","0.00","-","0.80","645.20","636.96","637.07","641.41","651.74","13,020","10,308","10,694"
"2023/03/10","647.0","647.0","640.0","642.0","-5.0","17,900","11,492","0","5,000","0.00","-","0.50","647.80","636.40","637.41","641.35","651.66","11,140","9,796","10,589"
"2023/03/09","649.0","649.0","645.0","647.0","-2.0","5,400","3,489","0","5,000","0.00","-","0.80","649.20","635.68","637.61","641.32","651.52","9,920","9,292","10,668"
"2023/03/08","647.0","650.0","647.0","649.0","-1.0","2,900","1,882","0","5,200","0.00","-","0.70","649.00","634.76","637.80","641.40","651.33","12,560","9,204","10,710"
"2023/03/07","652.0","654.0","644.0","650.0","-1.0","20,300","13,169","0","5,200","0.00","-","0.90","647.00","633.80","637.92","641.54","651.14","12,700","9,156","10,765"
"2023/03/06","650.0","652.0","647.0","651.0","+2.0","9,200","5,976","0","5,200","0.00","-","0.90","644.80","632.68","638.04","641.49","650.96","11,960","8,700","10,629"
"2023/03/03","646.0","650.0","644.0","649.0","+3.0","11,800","7,622","0","5,200","0.00","-","0.90","643.80","631.60","638.12","641.23","650.80","14,220","8,564","10,616"
"2023/03/02","640.0","666.0","640.0","646.0","+7.0","18,600","12,126","0","5,400","0.00","-","0.80","641.60","630.44","638.07","640.97","650.65","12,760","8,760","10,585"
"2023/03/01","640.0","643.0","637.0","639.0","0.0","3,600","2,305","0","5,400","0.00","-","0.90","640.00","629.48","638.12","640.72","650.56","9,780","8,512","10,397"
"2023/02/28","648.0","649.0","639.0","639.0","-7.0","16,600","10,664","0","5,500","0.00","-","0.90","640.00","628.84","638.29","640.46","650.52","9,940","8,560","10,442"
"2023/02/27","641.0","646.0","635.0","646.0","+8.0","20,500","13,160","0","5,000","0.00","-","0.80","639.40","628.16","638.51","640.17","650.42","7,700","8,260","10,270"
"2023/02/24","636.0","638.0","634.0","638.0","0.0","4,500","2,859","0","1,000","0.00","-","0.90","637.40","627.24","638.65","639.77","650.39","8,960","7,724","10,165"
"2023/02/22","639.0","639.0","634.0","638.0","-1.0","3,700","2,356","0","1,000","0.00","-","0.90","637.20","626.88","638.88","639.41","650.42","9,900","7,788","10,240"
"2023/02/21","634.0","639.0","634.0","639.0","+3.0","4,400","2,800","0","1,200","0.00","-","0.80","635.60","626.24","639.01","639.11","650.41","9,960","7,908","10,268"
"2023/02/20","639.0","640.0","636.0","636.0","0.0","5,400","3,444","0","1,200","0.00","-","0.50","633.60","625.72","639.21","638.78","650.36","11,520","7,820","10,326"
"2023/02/17","637.0","640.0","627.0","636.0","-1.0","26,800","17,045","0","1,000","0.00","-","0.90","631.60","625.20","639.51","638.61","650.41","12,260","7,980","10,457"
"2023/02/16","634.0","637.0","632.0","637.0","+7.0","9,200","5,838","0","1,000","0.00","-","0.70","629.20","624.96","639.85","638.49","650.51","8,220","7,540","10,492"
"2023/02/15","634.0","635.0","630.0","630.0","+1.0","4,000","2,529","0","1,200","0.00","-","0.90","626.80","624.84","640.13","638.17","650.70","6,800","7,340","10,410"
"2023/02/14","629.0","630.0","627.0","629.0","+3.0","12,200","7,677","0","1,200","0.00","-","0.80","625.20","625.20","640.47","637.89","650.98","8,260","7,372","10,420"
"2023/02/13","625.0","627.0","623.0","626.0","+2.0","9,100","5,692","0","1,600","0.00","-","0.90","624.20","625.64","640.84","637.80","651.27","7,940","7,124","10,332"
"2023/02/10","627.0","630.0","624.0","624.0","-1.0","6,600","4,138","0","1,600","0.00","-","0.80","623.80","625.92","641.16","637.72","651.61","6,600","6,844","10,280"
"2023/02/09","623.0","627.0","623.0","625.0","+3.0","2,100","1,314","0","1,400","0.00","-","0.90","623.80","626.40","641.61","637.71","651.94","6,440","6,700","10,478"
"2023/02/08","624.0","630.0","622.0","622.0","-2.0","11,300","7,081","0","1,400","0.00","-","0.90","623.60","627.04","642.04","637.70","652.25","7,080","7,200","10,630"
"2023/02/07","624.0","629.0","624.0","624.0","0.0","10,600","6,653","0","1,400","0.00","-","0.90","624.00","627.48","642.36","638.11","652.59","5,460","6,896","10,616"
"2023/02/06","627.0","628.0","624.0","624.0","0.0","2,400","1,500","0","1,400","0.00","-","1.00","624.20","627.76","642.64","638.34","652.93","3,680","7,188","10,582"
"2023/02/03","626.0","626.0","624.0","624.0","0.0","5,800","3,624","0","1,400","0.00","-","0.80","623.80","627.20","642.89","638.57","653.27","4,980","8,488","10,598"
"2023/02/02","626.0","627.0","624.0","624.0","0.0","5,300","3,313","0","1,400","0.00","-","0.90","623.80","627.24","643.00","638.92","653.51","4,980","8,816","10,833"
"2023/02/01","625.0","625.0","623.0","624.0","-1.0","3,200","1,996","0","1,400","0.00","-","0.80","623.00","627.32","643.20","639.16","653.83","7,260","9,200","10,922"
"2023/01/31","622.0","625.0","621.0","625.0","+3.0","1,700","1,060","0","1,400","0.00","-","0.50","622.60","627.72","643.61","639.47","654.17","9,100","9,580","11,302"
"2023/01/30","624.0","629.0","622.0","622.0","-2.0","8,900","5,563","0","1,400","0.00","-","0.80","622.20","628.48","644.12","639.92","654.54","9,720","10,140","12,369"
"2023/01/27","620.0","624.0","620.0","624.0","+4.0","5,800","3,611","0","1,400","0.00","-","0.70","622.20","629.12","644.43","640.48","654.94","9,760","10,272","12,746"
"2023/01/26","617.0","623.0","617.0","620.0","-2.0","16,700","10,325","0","1,400","0.00","-","0.90","622.00","629.96","644.44","641.12","655.27","10,020","11,180","12,758"
"2023/01/25","623.0","629.0","620.0","622.0","-1.0","12,400","7,717","0","1,400","0.00","-","0.80","623.80","630.80","644.48","641.71","655.64","7,900","10,784","12,596"
"2023/01/24","622.0","626.0","622.0","623.0","+1.0","4,800","2,995","0","1,400","0.00","-","0.80","623.80","631.64","644.47","642.37","656.12","6,760","10,656","12,628"
"2023/01/23","623.0","628.0","621.0","622.0","-1.0","9,100","5,671","0","1,400","0.00","-","0.90","624.40","632.64","644.33","642.97","656.39","6,240","10,860","12,713"
"2023/01/20","629.0","629.0","621.0","623.0","-6.0","7,100","4,430","0","1,400","0.00","-","0.80","624.60","633.52","644.17","643.64","656.68","6,300","10,832","12,652"
"2023/01/19","623.0","629.0","622.0","629.0","+7.0","6,100","3,810","0","1,400","0.00","-","0.90","626.00","634.44","643.95","644.22","656.96","8,040","10,740","12,748"
"2023/01/18","627.0","627.0","621.0","622.0","-4.0","6,700","4,175","0","1,400","0.00","-","0.50","627.00","635.04","643.59","644.85","657.23","7,660","10,940","12,984"
"2023/01/17","623.0","626.0","622.0","626.0","+3.0","2,200","1,373","0","1,400","0.00","-","0.80","630.40","635.72","643.40","645.55","657.59","7,280","11,164","12,957"
"2023/01/16","630.0","630.0","621.0","623.0","-7.0","9,400","5,881","0","1,400","0.00","-","0.70","633.20","636.08","643.13","646.21","657.93","8,040","11,596","13,456"
"2023/01/13","637.0","639.0","630.0","630.0","-4.0","15,800","9,989","0","1,400","0.00","-","0.50","635.20","637.04","643.08","646.80","658.22","6,580","11,416","13,520"
"2023/01/12","641.0","641.0","632.0","634.0","-5.0","4,200","2,667","0","1,400","0.00","-","0.90","636.40","637.84","643.00","647.30","658.40","4,020","11,016","13,636"
"2023/01/11","643.0","644.0","639.0","639.0","-1.0","4,800","3,075","0","1,400","0.00","-","0.70","637.80","638.44","642.61","647.71","658.45","6,100","11,420","13,925"
"2023/01/10","641.0","644.0","637.0","640.0","+7.0","6,000","3,847","0","1,400","0.00","-","0.80","636.60","639.04","642.12","648.08","658.54","5,880","11,432","14,689"
"2023/01/06","631.0","636.0","631.0","633.0","-3.0","2,100","1,329","0","1,100","0.00","-","0.90","634.80","639.56","641.85","648.38","658.69","8,260","11,428","14,766"
"2023/01/05","642.0","642.0","633.0","636.0","-5.0","3,000","1,912","0","1,100","0.00","-","0.90","630.20","640.44","641.65","648.82","658.82","14,820","11,712","14,886"
"2023/01/04","640.0","645.0","635.0","641.0","+8.0","14,600","9,345","0","1,400","0.00","-","0.50","628.00","641.40","641.48","649.25","658.88","17,020","12,152","15,273"
"2022/12/30","630.0","633.0","628.0","633.0","+2.0","3,700","2,333","0","1,100","0.00","-","0.80","625.00","641.84","641.25","649.66","658.75","17,080","13,140","16,581"
"2022/12/29","611.0","631.0","607.0","631.0","+21.0","17,900","11,048","0","1,100","0.00","-","0.70","625.20","643.48","641.65","650.20","658.59","18,880","14,496","17,124"
"2022/12/28","620.0","620.0","609.0","610.0","-15.0","34,900","21,472","0","1,500","0.00","-","0.80","627.80","644.80","641.87","650.75","658.43","18,440","14,212","17,130"
"2022/12/27","627.0","632.0","624.0","625.0","-1.0","14,000","8,763","0","1,300","0.00","-","0.80","633.40","647.04","642.36","651.65","658.48","13,900","13,288","16,782"
"2022/12/26","628.0","636.0","626.0","626.0","-8.0","14,900","9,388","0","1,400","0.00","-","0.90","637.40","648.60","642.81","652.43","658.67","16,800","13,156","16,797"
"2022/12/23","640.0","640.0","630.0","634.0","-10.0","12,700","8,091","0","1,400","0.00","-","0.90","640.40","649.84","643.11","653.22","658.66","15,180","13,512","16,801"
"2022/12/22","636.0","650.0","636.0","644.0","+6.0","15,700","10,094","0","1,300","0.00","-","0.90","642.20","650.92","643.39","654.04","658.64","14,480","13,348","16,897"
"2022/12/21","641.0","645.0","635.0","638.0","-7.0","12,200","7,789","0","1,800","0.00","-","0.80","643.00","651.48","643.73","654.62","658.62","13,320","13,000","17,004"
"2022/12/20","641.0","651.0","637.0","645.0","+4.0","28,500","18,355","0","1,800","0.00","-","0.80","644.20","652.32","644.27","655.42","658.50","12,560","12,916","16,980"
"2022/12/19","646.0","647.0","636.0","641.0","-2.0","6,800","4,369","0","1,800","0.00","-","0.90","644.40","652.80","644.84","656.32","658.35","7,820","12,104","16,812"
"2022/12/16","642.0","650.0","641.0","643.0","-5.0","9,200","5,934","0","1,800","0.00","-","0.80","645.00","652.96","645.35","656.89","658.18","8,680","12,212","17,046"
"2022/12/15","637.0","649.0","637.0","648.0","+4.0","9,900","6,371","0","1,600","0.00","-","0.90","644.20","653.24","645.95","657.44","658.00","9,300","12,024","17,029"
"2022/12/14","640.0","645.0","638.0","644.0","-2.0","8,400","5,384","0","1,600","0.00","-","0.90","641.60","653.40","646.41","657.89","657.81","9,920","11,908","17,020"
"2022/12/13","649.0","649.0","642.0","646.0","+2.0","4,800","3,097","0","1,300","0.00","-","0.90","642.20","653.84","647.01","658.46","657.65","9,220","11,720","17,025"
"2022/12/12","649.0","650.0","642.0","644.0","+5.0","11,100","7,182","0","1,300","0.00","-","0.80","643.00","654.28","647.48","659.00","657.47","9,420","12,032","17,068"
"2022/12/09","640.0","641.0","635.0","639.0","+4.0","12,300","7,855","0","1,300","0.00","-","0.50","644.00","654.72","648.12","659.62","657.30","10,060","11,992","17,106"
"2022/12/08","637.0","651.0","633.0","635.0","-12.0","13,000","8,321","0","1,400","0.00","-","0.90","647.00","655.08","648.83","660.35","657.15","8,620","11,732","17,132"
"2022/12/07","644.0","653.0","644.0","647.0","-3.0","4,900","3,180","0","1,300","0.00","-","0.70","650.60","655.84","649.59","661.12","657.05","7,200","11,564","17,214"
"2022/12/06","649.0","653.0","643.0","650.0","+1.0","5,800","3,767","0","1,300","0.00","-","0.90","652.20","656.28","650.05","661.58","656.93","8,060","11,976","17,369"
"2022/12/05","654.0","657.0","646.0","649.0","-5.0","14,300","9,297","0","1,300","0.00","-","0.80","654.20","656.76","650.45","662.12","656.77","9,700","12,920","17,830"
"2022/12/02","660.0","660.0","651.0","654.0","+1.0","5,100","3,342","0","1,300","0.00","-","0.50","654.80","657.12","650.80","662.72","656.57","14,700","12,472","17,765"
"2022/12/01","653.0","660.0","650.0","653.0","-2.0","5,900","3,861","0","1,100","0.00","-","0.90","658.80","657.16","651.09","663.19","656.33","21,200","12,456","18,022"
"2022/11/30","656.0","659.0","652.0","655.0","-5.0","9,200","6,032","0","1,100","0.00","-","0.70","661.00","657.32","651.32","663.57","656.12","22,180","12,444","18,280"
"2022/11/29","652.0","664.0","649.0","660.0","+8.0","14,000","9,163","0","1,100","0.00","-","0.90","663.20","657.12","651.61","664.10","655.86","22,700","12,284","18,284"
"2022/11/28","651.0","658.0","651.0","652.0","-22.0","39,300","25,669","0","1,100","0.00","-","0.80","664.00","657.04","651.87","664.41","655.62","22,040","12,584","18,313"
"2022/11/25","665.0","677.0","664.0","674.0","+10.0","37,600","25,183","0","1,100","0.00","-","0.90","665.00","657.24","652.27","664.79","655.39","18,940","11,552","17,980"
"2022/11/24","666.0","667.0","660.0","664.0","-2.0","10,800","7,180","0","800","0.00","-","0.90","662.40","656.12","652.44","664.79","655.04","13,140","10,456","17,984"
"2022/11/22","664.0","666.0","657.0","666.0","+2.0","11,800","7,820","0","800","0.00","-","0.80","661.20","655.36","652.73","664.92","654.72","12,380","10,348","19,081"
"2022/11/21","660.0","666.0","659.0","664.0","+7.0","10,700","7,086","0","800","0.00","-","0.90","659.80","654.44","653.19","664.93","654.36","12,040","10,020","19,621"
"2022/11/18","661.0","667.0","657.0","657.0","-4.0","23,800","15,775","0","800","0.00","-","0.80","658.40","653.16","653.71","665.19","654.10","11,540","10,528","20,056"
"2022/11/17","651.0","661.0","651.0","661.0","+3.0","8,600","5,652","0","800","0.00","-","0.90","656.00","652.44","654.35","665.31","653.85","8,680","10,056","20,746"
"2022/11/16","655.0","660.0","654.0","658.0","-1.0","7,000","4,598","0","800","0.00","-","0.90","653.80","652.20","655.08","665.40","653.66","7,860","10,980","23,296"
"2022/11/15","655.0","659.0","647.0","659.0","+2.0","10,100","6,610","0","800","0.00","-","0.50","652.60","652.40","655.67","665.15","653.49","7,860","13,968","24,758"
"2022/11/14","648.0","657.0","648.0","657.0","+12.0","8,200","5,353","0","800","0.00","-","0.80","651.80","651.84","656.45","664.83","653.37","6,580","15,052","34,802"
"2022/11/11","643.0","654.0","643.0","645.0","-5.0","9,500","6,132","0","800","0.00","-","0.80","651.80","650.56","657.49","664.59","653.29","7,460","14,992","38,449"
"2022/11/10","643.0","657.0","643.0","650.0","-2.0","4,500","2,926","0","800","0.00","-","0.80","653.80","649.68","658.20","664.70","653.29","7,580","14,792","38,417"
"2022/11/09","655.0","655.0","639.0","652.0","-3.0","7,000","4,525","0","800","0.00","-","0.90","653.40","648.52","658.84","664.75","653.30","7,840","15,204","38,745"
"2022/11/08","661.0","661.0","651.0","655.0","-2.0","3,700","2,421","0","800","0.00","-","0.90","653.80","646.96","659.39","664.66","653.31","8,200","15,372","39,006"
"2022/11/07","656.0","662.0","655.0","657.0","+2.0","12,600","8,296","0","800","0.00","-","0.80","654.40","645.16","660.00","664.67","653.43","10,500","15,404","39,200"
"2022/11/04","646.0","655.0","646.0","655.0","+7.0","10,100","6,582","0","800","0.00","-","0.80","655.40","643.12","660.57","664.59","653.77","13,860","15,472","39,292"
"2022/11/02","655.0","655.0","648.0","648.0","-6.0","5,800","3,772","0","800","0.00","-","0.80","656.00","641.00","661.25","664.73","653.84","12,460","16,020","39,310"
"2022/11/01","660.0","660.0","650.0","654.0","-4.0","8,800","5,751","0","2,000","0.00","-","0.90","657.40","639.40","662.11","664.87","654.04","12,240","15,976","39,588"
"2022/10/31","662.0","662.0","650.0","658.0","-4.0","15,200","9,975","0","2,000","0.00","-","0.90","658.00","637.48","662.88","664.91","653.95","11,600","17,208","39,954"
"2022/10/28","661.0","670.0","657.0","662.0","+4.0","29,400","19,496","0","2,000","0.00","-","0.80","656.40","635.92","663.35","664.79","653.83","9,600","17,168","40,348"
"2022/10/27","655.0","660.0","654.0","658.0","+3.0","3,100","2,035","0","2,000","0.00","-","0.50","655.60","634.40","663.91","664.49","653.69","8,020","16,972","40,390"
"2022/10/26","656.0","660.0","655.0","655.0","-2.0","4,700","3,089","0","2,000","0.00","-","0.80","655.40","632.28","664.59","664.26","653.55","10,100","17,884","41,174"
"2022/10/25","652.0","657.0","652.0","657.0","+7.0","5,600","3,672","0","800","0.00","-","0.90","653.60","630.16","665.20","663.99","653.37","11,200","20,180","41,769"
"2022/10/24","658.0","658.0","645.0","650.0","-8.0","5,200","3,385","0","800","0.00","-","0.90","651.20","628.68","665.65","663.66","653.12","11,700","20,428","41,929"
"2022/10/21","660.0","664.0","646.0","658.0","+1.0","21,500","14,119","0","900","0.00","-","0.90","649.80","627.40","666.43","663.38","652.91","11,380","20,664","42,585"
"2022/10/20","646.0","660.0","646.0","657.0","+11.0","13,500","8,829","0","900","0.00","-","0.90","644.60","626.00","666.87","662.98","652.70","11,760","21,084","42,697"
"2022/10/19","648.0","652.0","642.0","646.0","+1.0","10,200","6,615","0","1,000","0.00","-","0.90","641.00","624.68","667.31","662.53","652.53","11,460","25,052","42,737"
"2022/10/18","648.0","649.0","637.0","645.0","+2.0","8,100","5,216","0","1,000","0.00","-","0.80","642.80","625.36","667.68","662.26","652.41","15,760","26,420","42,685"
"2022/10/17","642.0","645.0","635.0","643.0","+11.0","3,600","2,308","0","1,600","0.00","-","0.80","646.40","625.44","668.11","662.07","652.22","30,480","26,832","42,985"
"2022/10/14","654.0","654.0","629.0","632.0","-7.0","23,400","14,886","0","1,000","0.00","-","0.80","646.80","625.60","668.43","662.06","652.05","37,200","27,040","43,392"
"2022/10/13","657.0","660.0","639.0","639.0","-16.0","12,000","7,741","0","1,000","0.00","-","0.90","645.40","626.68","669.20","661.96","652.00","33,860","26,708","44,044"
"2022/10/12","669.0","669.0","650.0","655.0","-8.0","31,700","20,909","0","1,000","0.00","-","0.90","642.20","627.04","669.60","661.72","651.86","32,360","26,836","44,182"
"2022/10/11","655.0","665.0","644.0","663.0","+18.0","81,700","53,526","0","1,000","0.00","-","0.90","635.40","627.04","669.80","661.26","651.62","28,980","26,364","44,681"
"2022/10/07","627.0","648.0","626.0","645.0","+20.0","37,200","23,742","0","3,300","0.00","-","0.90","625.40","627.32","669.40","660.73","651.34","14,880","24,044","43,676"
"2022/10/06","622.0","628.0","622.0","625.0","+2.0","6,700","4,191","0","3,300","0.00","-","0.90","618.40","628.64","669.16","660.42","651.21","8,340","22,972","43,316"
"2022/10/05","626.0","626.0","621.0","623.0","+2.0","4,500","2,808","0","3,600","0.00","-","0.50","614.60","631.16","669.27","660.37","651.22","9,860","23,340","43,449"
"2022/10/04","623.0","626.0","619.0","621.0","+8.0","14,800","9,223","0","3,700","0.00","-","0.70","610.40","633.40","669.71","660.33","651.30","13,720","24,136","43,668"
"2022/10/03","603.0","613.0","603.0","613.0","+3.0","11,200","6,821","0","3,700","0.00","-","0.70","607.80","636.08","670.16","660.40","651.51","11,700","23,860","43,632"
"2022/09/30","603.0","610.0","603.0","610.0","+4.0","4,500","2,732","0","3,700","0.00","-","0.80","606.40","638.88","670.56","660.57","651.70","17,380","23,780","43,681"
"2022/09/29","609.0","616.0","600.0","606.0","+4.0","14,300","8,695","0","3,700","0.00","-","0.90","608.20","642.04","671.17","660.66","651.94","19,320","23,952","43,876"
"2022/09/28","605.0","607.0","598.0","602.0","-6.0","23,800","14,305","0","3,600","0.00","-","1.00","611.80","645.04","671.75","661.00","652.24","21,360","23,700","43,993"
"2022/09/27","605.0","611.0","604.0","608.0","+2.0","4,700","2,854","0","3,700","0.00","-","0.80","612.40","648.64","672.64","661.42","652.54","21,780","23,308","43,942"
"2022/09/26","616.0","616.0","605.0","606.0","-13.0","39,600","24,231","0","3,700","0.00","-","0.90","611.20","652.00","673.36","661.71","652.89","33,260","23,688","44,034"
"2022/09/22","629.0","629.0","614.0","619.0","-5.0","14,200","8,848","0","3,600","0.00","-","0.90","614.00","655.44","674.05","661.94","653.33","27,700","22,872","43,822"
"2022/09/21","605.0","628.0","605.0","624.0","+19.0","24,500","15,184","0","3,700","0.00","-","0.50","613.80","657.96","674.41","662.21","653.98","27,080","22,964","43,862"
"2022/09/20","600.0","611.0","600.0","605.0","+3.0","25,900","15,677","0","2,900","0.00","-","0.90","613.60","660.20","674.52","662.52","654.44","28,580","23,600","43,674"
"2022/09/16","622.0","623.0","597.0","602.0","-18.0","62,100","37,562","0","3,800","0.00","-","0.70","617.40","663.00","674.92","663.23","654.75","45,940","22,940","43,556"
"2022/09/15","616.0","622.0","616.0","620.0","+2.0","11,800","7,282","0","3,400","0.00","-","0.80","629.60","665.96","675.27","664.06","655.09","42,400","21,432","42,797"
"2022/09/14","615.0","623.0","614.0","618.0","-5.0","11,100","6,868","0","3,400","0.00","-","0.80","635.00","667.96","675.32","664.74","655.40","43,720","21,968","42,668"
"2022/09/13","625.0","627.0","618.0","623.0","-1.0","32,000","19,940","0","3,000","0.00","-","0.90","640.80","670.32","675.37","665.49","655.71","43,260","21,904","42,792"
"2022/09/12","633.0","642.0","620.0","624.0","-39.0","112,700","70,641","0","3,300","0.00","-","0.90","648.00","672.56","675.31","666.16","656.00","39,880","21,272","42,540"
"2022/09/09","654.0","667.0","650.0","663.0","+16.0","44,400","29,357","0","3,100","0.00","-","0.80","652.80","674.88","675.15","666.80","656.29","20,380","17,336","41,237"
"2022/09/08","650.0","652.0","643.0","647.0","0.0","18,400","11,923","0","3,400","0.00","-","0.90","651.20","675.84","674.56","667.06","656.46","15,480","17,076","40,809"
"2022/09/07","659.0","659.0","646.0","647.0","-12.0","8,800","5,734","0","3,300","0.00","-","0.80","655.80","677.40","674.28","667.51","656.68","16,540","20,064","40,837"
"2022/09/06","650.0","660.0","640.0","659.0","+11.0","15,100","9,803","0","3,100","0.00","-","0.50","662.00","679.52","674.21","667.97","656.82","16,860","21,804","41,630"
"2022/09/05","656.0","659.0","645.0","648.0","-7.0","15,200","9,895","0","3,100","0.00","-","0.80","667.80","681.28","673.72","668.10","656.87","17,020","22,932","41,624"
"2022/09/02","670.0","670.0","655.0","655.0","-15.0","19,900","13,153","0","3,100","0.00","-","0.80","674.00","683.56","673.28","668.49","656.99","18,860","25,348","41,645"
"2022/09/01","676.0","676.0","660.0","670.0","-8.0","23,700","15,802","0","2,900","0.00","-","0.90","680.60","686.00","672.67","668.87","657.06","16,460","32,544","41,533"
"2022/08/31","682.0","682.0","675.0","678.0","-10.0","10,400","7,048","0","2,100","0.00","-","0.80","683.20","687.28","671.87","669.15","657.08","13,560","36,264","41,269"
"2022/08/30","681.0","690.0","677.0","688.0","+9.0","15,900","10,838","0","1,000","0.00","-","0.90","685.40","688.88","671.01","669.40","657.09","13,240","66,384","41,324"
"2022/08/29","679.0","683.0","674.0","679.0","-9.0","24,400","16,570","0","2,000","0.00","-","0.90","684.00","690.76","670.11","669.41","657.08","11,660","77,016","41,186"
"2022/08/26","683.0","693.0","681.0","688.0","+5.0","7,900","5,408","0","1,900","0.00","-","0.90","686.60","691.52","669.31","669.57","657.13","9,580","76,324","41,037"
"2022/08/25","689.0","691.0","683.0","683.0","-6.0","9,200","6,327","0","2,100","0.00","-","0.80","687.40","691.92","668.51","669.86","657.11","10,840","77,172","41,072"
"2022/08/24","682.0","689.0","682.0","689.0","+8.0","8,800","6,037","0","2,100","0.00","-","0.90","689.20","692.32","667.80","669.81","657.09","12,840","77,868","41,413"
"2022/08/23","680.0","688.0","680.0","681.0","-11.0","8,000","5,459","0","1,000","0.00","-","0.90","687.80","692.80","666.87","669.71","657.04","14,380","78,244","41,557"
"2022/08/22","692.0","692.0","686.0","692.0","0.0","14,000","9,639","0","1,000","0.00","-","0.90","687.60","693.56","666.32","669.69","657.00","20,860","78,704","41,606"
"2022/08/19","694.0","697.0","686.0","692.0","0.0","14,200","9,819","0","1,000","0.00","-","0.50","684.20","694.12","665.68","669.60","656.89","19,940","78,604","41,700"
"2022/08/18","688.0","692.0","679.0","692.0","+10.0","19,200","13,169","0","1,000","0.00","-","0.90","681.00","694.92","664.95","669.62","656.81","21,980","79,100","41,740"
"2022/08/17","675.0","682.0","663.0","682.0","+2.0","16,500","11,124","0","1,000","0.00","-","0.70","676.60","695.72","664.11","669.65","656.75","23,180","79,784","42,129"
"2022/08/16","673.0","680.0","650.0","680.0","+5.0","40,400","26,903","0","1,000","0.00","-","0.90","675.60","696.16","663.63","669.63","656.79","21,780","80,912","42,458"
"2022/08/15","678.0","678.0","672.0","675.0","-1.0","9,400","6,359","0","1,000","0.00","-","0.80","675.40","697.12","663.29","669.49","656.89","16,940","80,600","42,397"
"2022/08/12","671.0","685.0","669.0","676.0","+6.0","24,400","16,518","0","600","0.00","-","0.80","676.80","698.48","663.31","669.19","656.94","17,920","82,700","42,626"
"2022/08/10","676.0","681.0","665.0","670.0","-7.0","25,200","16,887","0","2,000","0.00","-","0.80","679.00","699.48","663.43","669.00","656.97","20,620","83,696","42,540"
"2022/08/09","680.0","684.0","677.0","677.0","-2.0","9,500","6,466","0","1,700","0.00","-","0.80","682.20","700.32","663.67","668.99","657.01","34,200","83,392","42,485"
"2022/08/08","684.0","684.0","671.0","679.0","-3.0","16,200","10,943","0","1,900","0.00","-","0.90","686.80","701.56","663.88","668.81","656.99","42,760","85,188","42,742"
"2022/08/05","685.0","692.0","681.0","682.0","-5.0","14,300","9,783","0","1,600","0.00","-","0.50","691.60","702.04","664.03","668.50","657.01","48,180","85,736","42,718"
"2022/08/04","690.0","697.0","677.0","687.0","+1.0","37,900","25,978","0","1,700","0.00","-","0.80","696.20","702.36","664.11","667.84","657.04","60,440","85,824","42,946"
"2022/08/03","700.0","700.0","677.0","686.0","-14.0","93,100","64,112","0","1,500","0.00","-","0.70","702.00","701.84","664.13","666.97","657.05","92,820","84,560","42,582"
"2022/08/02","705.0","707.0","695.0","700.0","-3.0","52,300","36,716","0","2,200","0.00","-","1.50","705.20","701.48","664.21","666.11","657.04","97,540","82,060","41,674"
"2022/08/01","710.0","710.0","702.0","703.0","-2.0","43,300","30,529","0","500","0.00","-","1.50","708.80","700.16","664.12","665.31","656.95","239,760","81,332","42,037"
"2022/07/29","716.0","716.0","700.0","705.0","-11.0","75,600","53,225","0","500","0.00","-","0.80","715.20","699.64","663.71","664.91","656.89","287,440","82,492","41,878"
"2022/07/28","701.0","736.0","688.0","716.0","+14.0","199,800","142,116","0","8,200","0.00","-","0.80","713.80","698.20","663.47","664.10","656.85","273,740","80,364","41,090"
"2022/07/27","717.0","724.0","700.0","702.0","-16.0","116,700","82,836","0","8,400","0.00","-","0.90","710.20","696.36","663.16","663.24","656.74","239,600","75,136","38,738"
"2022/07/26","789.0","800.0","711.0","718.0","-17.0","763,400","583,159","0","7,900","0.00","-","0.90","708.40","693.60","663.11","662.61","656.76","221,580","70,720","37,541"
"2022/07/25","723.0","744.0","715.0","735.0","+37.0","281,700","205,442","0","700","0.00","-","0.90","705.00","689.96","662.91","661.58","656.71","72,540","40,592","28,138"
"2022/07/22","708.0","708.0","695.0","698.0","0.0","7,100","4,977","0","2,500","0.00","-","0.80","698.00","685.88","662.29","660.37","656.60","20,100","29,992","24,692"
"2022/07/21","694.0","704.0","691.0","698.0","+5.0","29,100","20,321","0","2,500","0.00","-","0.60","699.60","684.20","662.25","659.46","656.66","20,980","30,544","25,393"
"2022/07/20","698.0","705.0","685.0","693.0","-8.0","26,600","18,484","0","2,500","0.00","-","0.80","702.40","682.48","662.51","658.55","656.73","20,480","29,864","26,464"
"2022/07/19","700.0","705.0","700.0","701.0","+1.0","18,200","12,759","0","500","0.00","-","0.70","706.20","680.48","662.31","657.72","656.84","22,420","29,396","26,612"
"2022/07/15","701.0","705.0","690.0","700.0","-6.0","19,500","13,602","0","500","0.00","-","0.90","704.60","678.68","662.01","656.83","656.88","27,720","29,432","26,842"
"2022/07/14","705.0","711.0","700.0","706.0","-6.0","11,500","8,091","0","500","0.00","-","0.90","705.40","676.64","661.73","655.93","656.98","30,340","29,576","26,910"
"2022/07/13","711.0","720.0","706.0","712.0","0.0","26,600","18,949","0","1,000","0.00","-","0.80","706.00","675.16","661.43","654.97","657.09","40,420","29,916","27,401"
"2022/07/12","693.0","712.0","690.0","712.0","+19.0","36,300","25,487","0","500","0.00","-","0.80","703.80","673.16","661.19","653.95","657.17","44,960","29,316","27,852"
"2022/07/11","706.0","708.0","693.0","693.0","-11.0","44,700","31,336","0","500","0.00","-","0.90","699.60","671.00","660.96","652.97","657.28","41,220","28,812","28,798"
"2022/07/08","715.0","719.0","703.0","704.0","-5.0","32,600","23,137","0","500","0.00","-","0.90","702.60","669.12","660.79","652.27","657.53","43,160","27,712","29,108"
"2022/07/07","725.0","728.0","702.0","709.0","+8.0","61,900","44,271","0","500","0.00","-","0.80","700.00","666.24","660.28","651.42","657.75","42,620","26,824","29,109"
"2022/07/06","695.0","717.0","695.0","701.0","+10.0","49,300","34,762","0","600","0.00","-","0.90","696.20","663.28","659.43","650.42","657.96","33,540","25,028","28,753"
"2022/07/05","700.0","707.0","691.0","691.0","-17.0","17,600","12,226","0","200","0.00","-","0.50","690.80","660.36","658.84","649.47","658.32","24,940","23,264","28,384"
"2022/07/04","693.0","711.0","690.0","708.0","+17.0","54,400","38,210","0","0","0.00","-","0.70","688.00","657.68","658.55","648.67","659.31","27,540","22,644","28,672"
"2022/07/01","690.0","692.0","682.0","691.0","+1.0","29,900","20,546","0","200","0.00","-","0.70","679.80","654.24","657.89","647.62","660.09","23,480","21,284","28,578"
"2022/06/30","679.0","690.0","672.0","690.0","+16.0","16,500","11,249","0","800","0.00","-","0.90","679.60","651.32","657.32","646.82","660.96","31,960","20,612","29,616"
"2022/06/29","677.0","680.0","670.0","674.0","-3.0","6,300","4,250","0","0","0.00","-","0.50","675.40","648.20","656.33","645.98","661.49","33,140","20,552","30,241"
"2022/06/28","658.0","688.0","658.0","677.0","+10.0","30,600","20,696","0","0","0.00","-","0.90","674.60","646.00","655.35","645.29","661.96","45,700","20,792","30,774"
"2022/06/27","660.0","673.0","654.0","667.0","-23.0","34,100","22,599","0","400","0.00","-","0.70","665.80","643.96","654.32","644.51","662.41","40,840","20,388","31,101"
"2022/06/24","675.0","694.0","667.0","690.0","+21.0","72,300","49,412","0","100","0.00","-","0.90","657.80","642.96","653.69","643.79","662.92","36,060","21,756","32,056"
"2022/06/23","671.0","671.0","655.0","669.0","-1.0","22,400","14,856","0","3,100","0.00","-","0.70","646.40","640.24","653.33","643.01","663.27","24,940","19,448","38,529"
"2022/06/22","645.0","670.0","639.0","670.0","+37.0","69,100","45,572","0","2,900","0.00","-","0.80","643.80","638.08","652.73","642.38","663.63","24,640","19,224","38,380"
"2022/06/21","639.0","641.0","633.0","633.0","+6.0","6,300","4,022","0","2,900","0.00","-","0.80","640.80","635.64","652.20","641.91","663.94","13,240","16,920","37,684"
"2022/06/20","640.0","640.0","624.0","627.0","-6.0","10,200","6,441","0","3,700","0.00","-","0.90","642.80","634.72","652.28","641.83","664.41","14,960","16,824","38,044"
"2022/06/17","641.0","646.0","633.0","633.0","-23.0","16,700","10,697","0","3,700","0.00","-","0.90","648.60","634.20","652.12","641.90","664.91","16,740","16,996","38,249"
"2022/06/16","665.0","672.0","654.0","656.0","+1.0","20,900","13,867","0","3,700","0.00","-","0.80","651.80","633.68","651.87","641.98","665.32","18,020","16,552","38,270"
"2022/06/15","642.0","658.0","640.0","655.0","+12.0","12,100","7,885","0","3,700","0.00","-","0.90","654.40","632.20","651.21","641.87","665.54","17,840","16,244","38,337"
"2022/06/14","652.0","652.0","642.0","643.0","-13.0","14,900","9,631","0","3,700","0.00","-","0.80","655.80","631.12","650.57","641.85","665.79","17,740","16,180","38,370"
"2022/06/13","669.0","669.0","651.0","656.0","+7.0","19,100","12,610","0","3,400","0.00","-","0.90","658.80","630.60","650.13","641.96","666.15","19,500","16,976","38,438"
"2022/06/10","662.0","669.0","641.0","649.0","-20.0","23,100","15,056","0","2,900","0.00","-","0.90","656.80","629.12","649.55","642.18","666.43","19,120","16,996","38,372"
"2022/06/09","662.0","669.0","648.0","669.0","+7.0","20,000","13,163","0","2,900","0.00","-","0.90","653.40","628.76","649.03","642.94","666.80","16,580","16,540","38,161"
"2022/06/08","654.0","662.0","653.0","662.0","+4.0","11,600","7,625","0","2,900","0.00","-","0.90","646.60","627.76","648.24","642.94","667.19","15,980","16,580","38,144"
"2022/06/07","647.0","661.0","642.0","658.0","+12.0","23,700","15,445","0","2,900","0.00","-","0.80","639.80","626.76","647.55","643.20","667.55","14,700","16,804","38,096"
"2022/06/06","632.0","646.0","630.0","646.0","+14.0","17,200","11,003","0","4,600","0.00","-","0.90","633.00","625.60","646.96","642.98","667.94","10,380","17,792","37,941"
"2022/06/03","634.0","636.0","631.0","632.0","-3.0","10,400","6,589","0","2,900","0.00","-","0.90","628.20","625.60","646.65","642.87","668.41","11,020","18,752","37,860"
"2022/06/02","630.0","642.0","622.0","635.0","+7.0","17,000","10,726","0","2,900","0.00","-","0.90","625.40","626.52","646.48","642.88","668.96","11,560","19,768","37,874"
"2022/06/01","622.0","628.0","620.0","628.0","+4.0","5,200","3,247","0","2,900","0.00","-","0.90","620.80","628.16","646.13","642.84","669.53","11,160","20,152","37,761"
"2022/05/31","621.0","624.0","618.0","624.0","+2.0","2,100","1,305","0","2,900","0.00","-","0.90","619.00","630.44","645.84","642.75","670.11","12,580","20,660","37,784"
"2022/05/30","617.0","631.0","613.0","622.0","+4.0","20,400","12,757","0","2,900","0.00","-","0.80","619.40","633.00","645.67","642.57","670.91","16,260","21,420","37,929"
"2022/05/27","612.0","621.0","608.0","618.0","+6.0","13,100","8,030","0","2,900","0.00","-","0.80","623.40","635.84","645.41","642.43","671.50","25,840","21,756","37,781"
"2022/05/26","615.0","620.0","609.0","612.0","-7.0","15,000","9,220","0","4,400","0.00","-","0.80","624.20","638.72","645.32","642.42","672.00","26,140","21,808","37,721"
"2022/05/25","625.0","625.0","610.0","619.0","-7.0","12,300","7,595","0","4,400","0.00","-","0.90","624.80","641.76","645.24","642.53","672.72","26,500","22,464","37,673"
"2022/05/24","636.0","639.0","624.0","626.0","-16.0","20,500","12,947","0","4,400","0.00","-","0.90","622.80","644.56","645.05","642.56","673.38","26,340","22,396","37,628"
"2022/05/23","652.0","652.0","634.0","642.0","+20.0","68,300","44,155","0","4,500","0.00","-","0.90","619.60","647.20","644.69","642.37","673.78","23,020","22,576","37,572"
"2022/05/20","615.0","623.0","610.0","622.0","+7.0","14,600","9,005","0","1,500","0.00","-","0.50","614.00","649.24","644.07","642.04","674.06","12,260","23,024","37,388"
"2022/05/19","606.0","615.0","606.0","615.0","+6.0","16,800","10,260","0","2,300","0.00","-","0.80","613.60","651.24","643.93","642.03","674.44","10,460","23,696","37,358"
"2022/05/18","610.0","616.0","609.0","609.0","-1.0","11,500","7,044","0","2,300","0.00","-","0.50","614.40","654.12","643.81","642.00","674.83","9,740","23,684","37,738"
"2022/05/17","607.0","617.0","607.0","610.0","-4.0","3,900","2,389","0","2,300","0.00","-","0.90","618.20","657.48","644.00","641.97","675.27","9,540","24,160","38,122"
"2022/05/16","620.0","624.0","602.0","614.0","-6.0","14,500","8,919","0","2,300","0.00","-","0.70","622.20","661.00","644.20","641.95","675.70","15,720","25,080","38,510"
"2022/05/13","619.0","622.0","616.0","620.0","+1.0","5,600","3,470","0","3,100","0.00","-","0.50","623.20","664.56","644.47","642.00","676.14","16,740","26,828","38,830"
"2022/05/12","620.0","622.0","614.0","619.0","-9.0","13,200","8,169","0","3,100","0.00","-","0.90","627.20","667.32","644.75","642.06","676.58","17,960","27,532","39,513"
"2022/05/11","623.0","631.0","622.0","628.0","-2.0","10,500","6,562","0","3,100","0.00","-","0.50","632.20","670.36","645.09","642.27","676.96","19,520","29,392","40,224"
"2022/05/10","617.0","630.0","604.0","630.0","+11.0","34,800","21,329","0","3,100","0.00","-","0.80","634.00","673.92","645.43","642.61","677.28","20,860","33,348","40,918"
"2022/05/09","630.0","630.0","616.0","619.0","-21.0","19,600","12,233","0","3,100","0.00","-","0.70","633.80","675.84","645.75","642.83","677.58","23,580","33,464","41,760"
"2022/05/06","653.0","653.0","635.0","640.0","-4.0","11,700","7,538","0","2,300","0.00","-","0.90","639.20","678.24","646.53","643.22","677.92","27,900","34,100","44,582"
"2022/05/02","636.0","650.0","634.0","644.0","+7.0","21,000","13,443","0","3,400","0.00","-","0.80","642.20","679.80","647.67","643.47","678.22","32,720","34,616","48,276"
"2022/04/28","627.0","640.0","622.0","637.0","+8.0","17,200","10,853","0","3,400","0.00","-","0.80","648.60","681.36","648.00","643.65","678.50","33,840","35,708","52,037"
"2022/04/27","624.0","630.0","610.0","629.0","-17.0","48,400","30,049","0","4,300","0.00","-","0.80","658.20","683.64","648.68","644.07","678.81","33,980","37,436","62,168"
"2022/04/26","648.0","658.0","645.0","646.0","-9.0","41,200","26,774","0","4,000","0.00","-","0.80","670.00","686.28","648.77","644.71","679.17","28,520","39,792","61,945"
"2022/04/25","666.0","671.0","653.0","655.0","-21.0","35,800","23,646","0","4,100","0.00","-","0.70","679.40","687.64","648.63","645.75","679.44","26,040","40,860","61,812"
"2022/04/22","679.0","679.0","671.0","676.0","-9.0","26,600","17,968","0","3,100","0.00","-","0.80","686.40","688.08","648.33","646.35","679.67","21,760","40,736","61,608"
"2022/04/21","688.0","693.0","683.0","685.0","-3.0","17,900","12,322","0","2,300","0.00","-","0.50","688.80","686.84","647.73","646.26","679.82","22,720","41,080","62,196"
"2022/04/20","695.0","698.0","687.0","688.0","-5.0","21,100","14,618","0","3,100","0.00","-","0.90","689.60","685.72","646.85","646.12","679.96","21,260","41,228","62,326"
"2022/04/19","685.0","698.0","685.0","693.0","+3.0","28,800","19,976","0","2,900","0.00","-","0.70","690.40","684.96","645.76","646.05","680.04","22,040","41,952","62,817"
"2022/04/18","695.0","695.0","681.0","690.0","+2.0","14,400","9,880","0","2,900","0.00","-","0.80","690.40","683.60","644.63","645.93","680.09","32,180","42,696","62,872"
"2022/04/15","686.0","693.0","684.0","688.0","-1.0","31,400","21,617","0","2,900","0.00","-","0.80","686.80","681.92","643.65","645.84","680.15","35,580","46,428","62,940"
"2022/04/14","691.0","693.0","685.0","689.0","-3.0","10,600","7,301","0","2,900","0.00","-","0.90","686.60","679.04","642.79","645.78","680.25","32,600","47,708","62,832"
"2022/04/13","681.0","693.0","676.0","692.0","-1.0","25,000","17,140","0","2,900","0.00","-","0.80","687.40","675.48","641.89","645.85","680.29","35,160","49,136","63,426"
"2022/04/12","681.0","715.0","681.0","693.0","+21.0","79,500","55,498","0","3,000","0.00","-","0.80","688.60","671.80","640.76","645.85","680.40","35,540","50,340","63,278"
"2022/04/11","690.0","690.0","666.0","672.0","-15.0","31,400","21,214","0","2,900","0.00","-","0.80","690.60","668.88","639.64","645.66","680.57","31,280","51,388","62,557"
"2022/04/08","699.0","699.0","685.0","687.0","-6.0","16,500","11,353","0","2,900","0.00","-","0.80","694.00","668.52","638.96","645.64","680.86","29,640","72,444","63,569"
"2022/04/07","699.0","700.0","685.0","693.0","-5.0","23,400","16,190","0","2,900","0.00","-","0.90","695.60","666.00","637.96","645.48","681.20","38,280","72,232","63,921"
"2022/04/06","696.0","712.0","696.0","698.0","-5.0","26,900","18,888","0","3,200","0.00","-","0.80","700.40","663.48","636.80","645.25","681.52","55,480","71,972","64,078"
"2022/04/05","687.0","723.0","687.0","703.0","+14.0","58,200","41,215","0","2,700","0.00","-","0.80","696.40","661.12","635.60","645.00","682.51","57,640","72,228","64,074"
"2022/04/04","692.0","696.0","685.0","689.0","-6.0","23,200","15,981","0","3,300","0.00","-","0.90","691.60","657.60","634.48","644.77","683.46","53,100","70,924","64,050"
"2022/04/01","719.0","719.0","674.0","695.0","-22.0","59,700","41,683","0","3,300","0.00","-","0.80","689.60","654.60","633.64","644.75","684.56","53,380","70,728","64,422"
"2022/03/31","678.0","717.0","678.0","717.0","+39.0","109,400","77,182","0","2,600","0.00","-","0.90","687.20","651.08","632.91","644.69","685.59","51,100","69,376","64,657"
"2022/03/30","678.0","688.0","668.0","678.0","-1.0","37,700","25,589","0","2,800","0.00","-","0.80","682.60","646.68","632.17","644.35","686.57","41,300","65,584","63,824"
"2022/03/29","676.0","685.0","672.0","679.0","0.0","35,500","24,141","0","3,000","0.00","-","0.80","686.00","643.96","631.83","644.36","687.74","55,220","64,876","63,986"
"2022/03/28","680.0","684.0","664.0","679.0","-4.0","24,600","16,609","0","3,000","0.00","-","0.80","686.20","641.28","631.55","644.36","688.83","61,700","64,020","63,929"
"2022/03/25","695.0","695.0","671.0","683.0","-11.0","48,300","32,783","0","3,000","0.00","-","0.50","683.60","638.52","631.36","644.30","689.92","63,320","63,328","64,697"
"2022/03/24","695.0","702.0","689.0","694.0","-1.0","60,400","42,013","0","2,000","0.00","-","0.90","676.00","635.60","631.08","644.18","690.92","60,700","62,144","65,517"
"2022/03/23","685.0","700.0","675.0","695.0","+15.0","107,300","74,110","0","2,300","0.00","-","0.70","668.60","632.24","630.88","643.99","691.83","52,940","60,048","66,186"
"2022/03/22","666.0","685.0","653.0","680.0","+14.0","67,900","45,604","0","2,100","0.00","-","0.80","663.40","629.00","630.85","643.84","692.82","39,320","56,240","67,592"
"2022/03/18","645.0","669.0","636.0","666.0","+21.0","32,700","21,373","0","2,400","0.00","-","0.80","659.20","626.72","631.79","643.95","693.83","35,220","53,968","79,901"
"2022/03/17","650.0","661.0","641.0","645.0","-12.0","35,200","22,827","0","2,600","0.00","-","0.90","655.60","624.84","632.44","644.29","694.91","50,220","53,120","83,901"
"2022/03/16","670.0","675.0","652.0","657.0","-12.0","21,600","14,314","0","2,600","0.00","-","0.90","649.80","623.40","632.73","644.68","696.15","55,860","52,052","83,576"
"2022/03/15","651.0","674.0","646.0","669.0","+10.0","39,200","25,994","0","2,500","0.00","-","0.70","638.40","621.36","632.92","644.93","697.38","60,800","51,464","83,417"
"2022/03/14","631.0","659.0","627.0","659.0","+11.0","47,400","30,241","0","2,400","0.00","-","0.50","624.60","619.04","633.08","645.02","698.61","63,980","50,416","83,005"
"2022/03/11","620.0","653.0","613.0","648.0","+32.0","107,700","68,679","0","2,700","0.00","-","0.60","616.80","616.80","633.37","645.16","699.76","75,640","48,892","82,458"
"2022/03/10","598.0","617.0","591.0","616.0","+16.0","63,400","38,343","0","5,100","0.00","-","0.60","619.80","615.32","633.81","645.52","700.93","165,660","44,928","81,129"
"2022/03/09","600.0","611.0","597.0","600.0","0.0","46,300","27,864","0","5,900","0.00","-","0.40","621.40","614.92","634.69","646.24","702.15","155,220","42,848","80,414"
"2022/03/08","612.0","617.0","600.0","600.0","-20.0","55,100","33,444","0","3,900","0.00","-","0.90","627.40","615.12","635.97","647.12","703.45","149,340","41,352","79,980"
"2022/03/07","650.0","656.0","615.0","620.0","-43.0","105,700","66,605","0","8,000","0.00","-","0.50","635.20","615.08","637.20","647.96","704.86","144,980","39,800","79,569"
"2022/03/04","625.0","719.0","625.0","663.0","+39.0","557,800","378,064","0","4,600","0.00","-","0.80","634.20","614.08","637.92","648.58","706.10","128,960","37,752","78,352"
"2022/03/03","629.0","635.0","624.0","624.0","-6.0","11,200","7,041","0","7,700","0.00","-","0.70","624.40","612.04","638.01","648.86","707.20","21,060","15,936","71,204"
"2022/03/02","625.0","631.0","620.0","630.0","-9.0","16,900","10,597","0","7,700","0.00","-","0.90","621.00","611.32","638.64","649.59","708.62","24,000","17,300","71,360"
"2022/03/01","614.0","639.0","611.0","639.0","+24.0","33,300","20,849","0","7,700","0.00","-","0.90","616.40","611.04","639.17","650.24","710.09","23,540","18,236","71,312"
"2022/02/28","614.0","622.0","610.0","615.0","+1.0","25,600","15,800","0","7,700","0.00","-","0.50","610.60","610.48","639.63","650.90","711.47","20,880","18,224","71,025"
"2022/02/25","601.0","617.0","601.0","614.0","+7.0","18,300","11,149","0","7,800","0.00","-","0.50","610.00","611.24","640.49","651.84","713.05","18,580","18,740","70,910"
"2022/02/24","605.0","617.0","600.0","607.0","0.0","25,900","15,725","0","7,800","0.00","-","0.80","609.20","612.32","641.47","652.82","714.70","16,380","20,280","70,894"
"2022/02/22","615.0","615.0","607.0","607.0","-3.0","14,600","8,903","0","7,800","0.00","-","0.50","609.80","613.84","642.56","653.86","716.25","14,940","21,904","70,741"
"2022/02/21","609.0","616.0","608.0","610.0","-2.0","20,000","12,232","0","7,800","0.00","-","0.50","610.40","615.68","643.57","654.91","718.09","13,620","23,824","70,685"
"2022/02/18","610.0","612.0","606.0","612.0","+2.0","14,100","8,592","0","7,800","0.00","-","0.50","611.20","617.44","644.49","655.95","720.00","12,040","26,940","70,486"
"2022/02/17","611.0","616.0","610.0","610.0","0.0","7,300","4,475","0","7,800","0.00","-","0.70","613.40","620.08","645.39","656.93","721.86","11,440","35,628","70,426"
"2022/02/16","613.0","616.0","608.0","610.0","0.0","18,700","11,438","0","7,800","0.00","-","0.70","615.20","624.68","646.23","658.02","723.84","12,280","46,884","70,496"
"2022/02/15","614.0","615.0","610.0","610.0","-4.0","8,000","4,897","0","7,800","0.00","-","0.90","615.00","627.04","647.04","659.21","725.69","10,240","58,260","70,518"
"2022/02/14","619.0","622.0","611.0","614.0","-9.0","12,100","7,456","0","7,700","0.00","-","0.90","614.20","630.16","647.91","660.38","727.73","10,020","89,020","70,500"
"2022/02/10","619.0","623.0","613.0","623.0","+4.0","11,100","6,854","0","7,700","0.00","-","0.90","613.60","631.04","648.79","661.59","729.87","10,200","89,804","70,552"
"2022/02/09","610.0","619.0","608.0","619.0","+10.0","11,500","7,059","0","7,700","0.00","-","0.80","609.60","631.52","649.69","662.79","732.09","9,840","90,608","70,681"
"2022/02/08","607.0","612.0","605.0","609.0","+3.0","8,500","5,164","0","7,700","0.00","-","0.90","608.00","632.08","650.77","664.08","734.12","9,260","90,968","70,820"
"2022/02/07","611.0","612.0","603.0","606.0","-5.0","6,900","4,187","0","7,700","0.00","-","0.80","607.40","632.96","651.77","665.49","736.14","9,840","93,456","70,801"
"2022/02/04","603.0","612.0","600.0","611.0","+8.0","13,000","7,895","0","8,100","0.00","-","0.90","607.20","633.48","652.79","667.16","738.54","10,240","94,288","71,016"
"2022/02/03","611.0","611.0","601.0","603.0","-8.0","9,300","5,622","0","8,100","0.00","-","0.90","604.80","633.28","653.68","669.95","740.94","10,900","96,084","71,084"
"2022/02/02","606.0","615.0","604.0","611.0","+5.0","8,600","5,242","0","8,100","0.00","-","0.90","603.20","633.48","654.61","672.56","743.48","19,940","97,028","71,284"
"2022/02/01","609.0","614.0","606.0","606.0","+1.0","11,400","6,946","0","8,100","0.00","-","0.90","603.40","633.72","655.59","675.09","746.12","20,700","97,464","71,337"
"2022/01/31","598.0","605.0","598.0","605.0","+6.0","8,900","5,348","0","8,100","0.00","-","0.80","603.40","634.40","656.68","677.00","748.69","27,480","97,940","71,330"
"2022/01/28","600.0","602.0","592.0","599.0","+4.0","16,300","9,753","0","8,100","0.00","-","0.90","607.00","635.08","657.79","678.62","750.76","33,760","99,792","71,432"
"2022/01/27","615.0","615.0","590.0","595.0","-17.0","54,500","32,565","0","9,700","0.00","-","0.80","612.20","635.40","658.92","680.31","752.88","37,100","99,696","71,710"
"2022/01/26","606.0","616.0","606.0","612.0","+6.0","12,400","7,567","0","8,400","0.00","-","0.80","620.00","635.96","660.08","682.04","754.69","33,900","98,532","71,370"
"2022/01/25","621.0","622.0","604.0","606.0","-17.0","45,300","27,676","0","8,400","0.00","-","0.80","625.80","636.32","661.13","683.53","756.32","42,780","102,328","71,362"
"2022/01/24","620.0","629.0","614.0","623.0","-2.0","40,300","24,997","0","8,300","0.00","-","0.80","633.60","636.56","662.35","684.87","758.02","47,020","102,232","71,341"
"2022/01/21","627.0","630.0","622.0","625.0","-9.0","33,000","20,633","0","8,300","0.00","-","0.80","639.60","635.88","663.31","685.97","759.42","51,480","102,028","71,480"
"2022/01/20","645.0","645.0","628.0","634.0","-7.0","38,500","24,427","0","6,800","0.00","-","0.80","645.40","635.20","664.37","686.98","760.66","64,460","101,772","71,512"
"2022/01/19","641.0","657.0","639.0","641.0","-4.0","56,800","36,823","0","9,600","0.00","-","1.00","654.20","634.60","665.37","687.91","761.83","103,020","102,488","71,398"
"2022/01/18","650.0","663.0","641.0","645.0","-8.0","66,500","43,188","0","7,300","0.00","-","1.00","671.00","634.00","666.32","688.66","762.85","149,400","102,260","70,873"
"2022/01/17","654.0","665.0","640.0","653.0","-1.0","62,600","40,623","0","6,300","0.00","-","1.60","675.80","633.80","667.20","689.20","763.74","196,720","102,692","70,358"
"2022/01/14","675.0","676.0","650.0","654.0","-24.0","97,900","64,476","0","4,600","0.00","-","1.60","682.80","634.16","667.99","689.73","764.72","339,600","102,064","69,752"
"2022/01/13","705.0","710.0","676.0","678.0","-47.0","231,300","159,507","0","4,000","0.00","-","0.80","679.20","634.08","668.79","690.34","765.84","326,360","100,144","68,794"
"2022/01/12","671.0","725.0","645.0","725.0","+56.0","288,700","197,928","0","4,200","0.00","-","0.90","670.60","633.28","669.21","690.67","766.79","286,340","92,140","66,246"
"2022/01/11","686.0","702.0","660.0","669.0","-19.0","303,100","205,821","0","9,500","0.00","-","0.90","652.20","630.88","669.13","690.66","767.48","232,700","83,880","62,862"
"2022/01/07","645.0","732.0","636.0","688.0","+52.0","777,000","539,757","0","9,300","0.00","-","0.90","644.60","630.60","669.93","691.44","768.47","186,220","76,148","59,217"
"2022/01/06","635.0","645.0","626.0","636.0","+1.0","31,700","20,230","0","6,200","0.00","-","0.90","630.80","630.24","670.45","691.90","769.33","36,360","49,492","49,434"
"2022/01/05","638.0","639.0","627.0","635.0","+2.0","31,200","19,760","0","6,800","0.00","-","0.90","624.80","632.52","671.77","692.90","770.36","41,600","56,732","49,321"
"2022/01/04","641.0","642.0","626.0","633.0","+2.0","20,500","12,992","0","5,900","0.00","-","0.90","619.40","637.12","673.21","693.95","771.38","41,940","95,128","49,408"
"2021/12/30","626.0","642.0","622.0","631.0","+12.0","70,700","44,624","0","8,100","0.00","-","0.80","616.20","640.40","674.75","695.03","772.46","41,740","107,616","49,920"
"2021/12/29","610.0","629.0","610.0","619.0","+13.0","27,700","17,156","0","7,900","0.00","-","0.80","614.60","641.84","676.33","696.21","773.19","32,260","105,220","52,452"
"2021/12/28","605.0","614.0","605.0","606.0","-2.0","57,900","35,165","0","8,200","0.00","-","0.80","615.20","643.92","678.39","697.47","773.95","37,760","104,500","60,025"
"2021/12/27","612.0","616.0","606.0","608.0","-9.0","32,900","20,033","0","8,200","0.00","-","0.90","615.40","646.92","682.17","699.25","774.72","28,960","102,516","65,966"
"2021/12/24","623.0","626.0","615.0","617.0","-6.0","19,500","12,111","0","8,900","0.00","-","0.90","615.60","649.84","685.59","700.56","775.43","27,460","101,456","67,898"
"2021/12/23","619.0","629.0","619.0","623.0","+1.0","23,300","14,558","0","7,600","0.00","-","1.00","616.40","652.40","688.88","701.57","776.02","45,020","100,996","74,670"
"2021/12/22","610.0","623.0","609.0","622.0","+15.0","55,200","33,919","0","7,600","0.00","-","0.80","614.20","654.76","691.20","702.90","776.63","48,940","100,456","76,064"
"2021/12/21","615.0","615.0","607.0","607.0","-2.0","13,900","8,473","0","7,600","0.00","-","0.90","611.00","657.72","693.13","704.19","777.27","44,940","98,796","75,578"
"2021/12/20","619.0","621.0","607.0","609.0","-12.0","25,400","15,562","0","7,700","0.00","-","0.90","611.20","661.12","695.28","705.19","777.99","47,480","99,212","75,825"
"2021/12/17","612.0","633.0","610.0","621.0","+9.0","107,300","66,329","0","8,400","0.00","-","0.80","613.20","663.72","697.40","706.08","778.67","53,680","98,772","75,960"
"2021/12/16","615.0","615.0","604.0","612.0","+6.0","42,900","26,243","0","8,400","0.00","-","0.80","614.20","665.68","699.27","706.84","779.28","42,440","95,348","75,142"
"2021/12/15","608.0","613.0","605.0","606.0","-2.0","35,200","21,409","0","8,400","0.00","-","0.80","619.80","668.04","700.97","707.66","779.95","49,320","94,548","74,869"
"2021/12/14","618.0","618.0","607.0","608.0","-11.0","26,600","16,257","0","8,200","0.00","-","0.50","631.00","670.60","702.67","708.56","780.75","51,660","93,672","74,645"
"2021/12/13","626.0","626.0","610.0","619.0","-7.0","56,400","35,017","0","7,900","0.00","-","0.80","639.80","673.20","704.24","709.45","781.45","56,320","93,080","74,564"
"2021/12/10","640.0","640.0","624.0","626.0","-14.0","51,100","32,296","0","7,800","0.00","-","0.70","647.60","675.64","705.68","710.28","782.15","51,280","91,504","74,280"
"2021/12/09","650.0","652.0","637.0","640.0","-22.0","77,300","49,778","0","6,700","0.00","-","0.80","655.40","678.08","706.88","711.09","782.86","57,500","90,144","73,888"
"2021/12/08","651.0","666.0","651.0","662.0","+10.0","46,900","30,847","0","6,100","0.00","-","0.80","659.80","680.04","707.67","711.65","783.49","64,000","87,628","73,318"
"2021/12/07","651.0","662.0","649.0","652.0","-6.0","49,900","32,566","0","7,200","0.00","-","0.90","663.20","680.88","708.25","711.95","784.03","76,740","86,168","73,048"
"2021/12/06","658.0","664.0","651.0","658.0","-7.0","31,200","20,560","0","7,300","0.00","-","1.00","671.40","681.96","709.09","712.32","784.66","109,300","84,376","72,728"
"2021/12/03","663.0","665.0","650.0","665.0","+3.0","82,200","54,034","0","6,400","0.00","-","1.00","689.80","682.80","709.80","712.62","785.24","301,280","83,512","73,196"
"2021/12/02","689.0","707.0","660.0","662.0","-17.0","109,800","74,613","0","6,200","0.00","-","1.30","699.80","683.12","710.59","712.96","785.80","351,380","80,724","72,668"
"2021/12/01","695.0","697.0","676.0","679.0","-14.0","110,600","75,632","0","12,100","0.00","-","0.90","700.80","683.48","711.72","713.35","786.39","331,580","77,148","71,844"
"2021/11/30","695.0","715.0","685.0","693.0","-57.0","212,700","147,869","0","11,300","0.00","-","0.90","699.20","683.32","712.45","713.54","786.94","311,400","72,988","70,748"
"2021/11/29","729.0","799.0","700.0","750.0","+35.0","991,100","744,811","0","15,100","0.00","-","0.80","696.80","682.80","713.03","713.63","787.40","270,520","65,120","68,548"
"2021/11/26","665.0","743.0","661.0","715.0","+48.0","332,700","234,897","0","16,300","0.00","-","0.80","683.00","680.44","712.89","713.12","787.58","73,580","26,308","56,150"
"2021/11/25","671.0","673.0","667.0","667.0","-4.0","10,800","7,226","0","9,800","0.00","-","0.90","676.20","679.84","713.24","712.98","787.90","8,640","13,876","52,365"
"2021/11/24","678.0","684.0","671.0","671.0","-10.0","9,700","6,537","0","9,800","0.00","-","1.00","679.20","680.52","714.33","713.37","788.45","8,440","13,728","52,794"
"2021/11/22","684.0","684.0","678.0","681.0","0.0","8,300","5,650","0","9,800","0.00","-","1.00","684.20","680.96","715.32","713.79","788.90","9,240","14,260","54,542"
"2021/11/19","683.0","685.0","680.0","681.0","0.0","6,400","4,363","0","9,800","0.00","-","1.00","686.40","680.84","716.69","714.03","789.36","12,440","14,652","55,921"
"2021/11/18","683.0","686.0","679.0","681.0","-1.0","8,000","5,448","0","9,900","0.00","-","1.00","685.00","680.52","717.47","714.24","789.86","14,040","15,368","56,914"
"2021/11/17","696.0","696.0","682.0","682.0","-14.0","9,800","6,769","0","9,900","0.00","-","1.00","682.80","680.64","717.96","714.45","790.39","16,780","15,552","58,713"
"2021/11/16","690.0","697.0","690.0","696.0","+4.0","13,700","9,529","0","10,100","0.00","-","1.00","680.60","680.88","718.95","714.71","790.93","19,400","15,596","67,217"
"2021/11/15","678.0","692.0","676.0","692.0","+18.0","24,300","16,701","0","10,600","0.00","-","1.00","675.40","680.56","719.68","714.73","791.40","19,320","15,708","72,348"
"2021/11/12","667.0","679.0","667.0","674.0","+4.0","14,400","9,686","0","10,400","0.00","-","0.70","671.60","680.24","719.88","714.94","791.92","16,820","16,224","72,214"
"2021/11/11","673.0","674.0","667.0","670.0","-1.0","21,700","14,593","0","10,400","0.00","-","1.00","672.80","680.56","720.20","715.47","792.55","17,340","16,808","72,184"
"2021/11/10","670.0","673.0","666.0","671.0","+1.0","22,900","15,339","0","10,400","0.00","-","0.70","676.20","681.40","720.56","716.08","793.17","16,420","16,412","72,078"
"2021/11/09","676.0","677.0","668.0","670.0","-3.0","13,300","8,939","0","5,100","0.00","-","1.00","679.80","682.44","720.87","716.91","793.82","14,720","17,244","71,934"
"2021/11/08","679.0","679.0","670.0","673.0","-7.0","11,800","7,944","0","5,100","0.00","-","0.70","682.40","683.44","721.21","717.78","794.43","14,140","18,740","71,924"
"2021/11/05","686.0","686.0","675.0","680.0","-7.0","17,000","11,557","0","5,100","0.00","-","1.00","683.60","684.72","721.53","720.01","795.00","12,800","19,684","71,932"
"2021/11/04","689.0","693.0","686.0","687.0","-2.0","17,100","11,788","0","5,100","0.00","-","1.00","683.40","685.88","721.83","722.15","795.57","11,320","20,204","71,845"
"2021/11/02","686.0","694.0","684.0","689.0","+6.0","14,400","9,926","0","5,100","0.00","-","1.00","680.60","686.88","722.09","724.36","796.14","10,400","20,216","72,093"
"2021/11/01","679.0","688.0","678.0","683.0","+4.0","10,400","7,086","0","5,100","0.00","-","1.00","677.00","687.76","722.19","726.49","796.59","11,600","20,756","72,228"
"2021/10/29","679.0","681.0","671.0","679.0","0.0","5,100","3,452","0","10,700","0.00","-","1.00","675.40","688.92","722.31","728.78","797.06","10,840","21,024","72,244"
"2021/10/28","671.0","680.0","667.0","679.0","+6.0","9,600","6,451","0","10,900","0.00","-","1.00","675.60","690.32","722.44","731.11","797.54","13,020","21,864","72,548"
"2021/10/27","673.0","677.0","670.0","673.0","+2.0","12,500","8,400","0","5,500","0.00","-","1.00","678.00","691.56","722.56","733.29","797.95","15,260","23,088","72,961"
"2021/10/26","679.0","680.0","670.0","671.0","-4.0","20,400","13,772","0","5,100","0.00","-","1.00","683.40","693.40","722.91","735.53","798.42","17,140","23,984","73,080"
"2021/10/25","681.0","683.0","675.0","675.0","-5.0","6,600","4,478","0","5,100","0.00","-","0.70","686.00","695.72","723.31","737.65","798.79","14,480","24,356","73,084"
"2021/10/22","691.0","691.0","680.0","680.0","-11.0","16,000","10,976","0","5,100","0.00","-","1.00","687.40","697.80","723.61","739.66","799.17","17,760","25,824","73,166"
"2021/10/21","693.0","700.0","690.0","691.0","-9.0","20,800","14,451","0","5,100","0.00","-","1.00","687.00","700.00","723.91","741.79","799.55","18,180","26,112","73,214"
"2021/10/20","686.0","704.0","686.0","700.0","+16.0","21,900","15,257","0","12,200","0.00","-","0.90","683.40","702.08","724.01","743.71","799.92","18,880","26,788","73,208"
"2021/10/19","683.0","688.0","683.0","684.0","+2.0","7,100","4,868","0","10,700","0.00","-","0.90","680.20","704.00","724.03","745.53","800.28","17,020","28,268","73,500"
"2021/10/18","677.0","690.0","675.0","682.0","+4.0","23,000","15,694","0","10,400","0.00","-","0.90","681.00","706.64","724.32","747.61","800.67","17,780","38,408","73,890"
"2021/10/15","673.0","679.0","672.0","678.0","+5.0","18,100","12,232","0","10,900","0.00","-","0.90","682.20","710.28","724.73","749.83","801.17","16,480","61,316","74,222"
"2021/10/14","684.0","684.0","672.0","673.0","-11.0","24,300","16,423","0","17,400","0.00","-","0.90","683.40","718.76","725.09","752.19","801.70","20,300","80,732","74,226"
"2021/10/13","688.0","688.0","680.0","684.0","-4.0","12,600","8,585","0","12,800","0.00","-","0.90","685.20","726.40","725.48","754.35","802.30","21,240","86,872","74,334"
"2021/10/12","690.0","693.0","683.0","688.0","0.0","10,900","7,482","0","18,800","0.00","-","0.90","686.60","733.60","725.72","756.33","802.85","21,080","107,464","74,729"
"2021/10/11","688.0","694.0","688.0","688.0","+4.0","16,500","11,389","0","20,600","0.00","-","0.90","688.40","737.96","725.99","758.06","803.29","27,640","112,140","75,228"
"2021/10/08","681.0","692.0","681.0","684.0","+2.0","37,200","25,471","0","20,600","0.00","-","0.90","689.80","741.12","726.12","759.77","803.81","34,480","112,232","76,580"
"2021/10/07","688.0","692.0","682.0","682.0","-9.0","29,000","19,932","0","20,600","0.00","-","0.90","694.00","744.48","726.51","761.75","804.42","34,120","112,040","77,624"
"2021/10/06","700.0","700.0","687.0","691.0","-6.0","11,800","8,180","0","20,600","0.00","-","0.90","699.40","747.92","727.11","763.62","805.01","34,320","112,300","78,308"
"2021/10/05","694.0","697.0","680.0","697.0","+2.0","43,700","30,072","0","20,600","0.00","-","0.90","703.60","750.72","727.64","765.54","805.60","35,440","113,668","81,102"
"2021/10/04","710.0","713.0","695.0","695.0","-10.0","50,700","35,571","0","13,200","0.00","-","0.90","706.40","752.44","728.40","767.64","806.08","32,280","112,816","84,198"
"2021/10/01","709.0","711.0","702.0","705.0","-4.0","35,400","24,987","0","12,300","0.00","-","0.90","709.80","753.96","729.23","769.94","806.64","25,560","111,524","89,250"
"2021/09/30","712.0","714.0","706.0","709.0","-3.0","30,000","21,283","0","13,200","0.00","-","0.90","711.60","754.80","731.77","772.04","807.06","23,700","110,928","89,989"
"2021/09/29","707.0","714.0","705.0","712.0","+1.0","17,400","12,320","0","13,300","0.00","-","0.90","711.80","755.52","734.24","774.26","807.51","25,740","111,132","90,198"
"2021/09/28","712.0","712.0","702.0","711.0","-1.0","27,900","19,731","0","12,800","0.00","-","0.90","713.20","755.68","736.85","776.58","807.91","29,240","111,304","90,508"
"2021/09/27","712.0","716.0","710.0","712.0","-2.0","17,100","12,160","0","12,500","0.00","-","0.90","716.80","755.20","739.40","778.63","808.38","29,600","111,572","90,593"
"2021/09/24","715.0","721.0","712.0","714.0","+4.0","26,100","18,682","0","12,500","0.00","-","0.70","719.80","754.96","742.07","781.27","808.71","34,840","111,952","90,677"
"2021/09/22","719.0","721.0","710.0","710.0","-9.0","40,200","28,730","0","12,500","0.00","-","0.90","724.00","755.00","744.71","784.04","809.06","34,260","111,944","90,812"
"2021/09/21","720.0","723.0","715.0","719.0","-10.0","34,900","25,113","0","12,500","0.00","-","0.90","730.60","755.04","747.20","786.78","809.54","33,760","112,988","90,588"
"2021/09/17","727.0","733.0","724.0","729.0","+2.0","29,700","21,596","0","12,600","0.00","-","0.90","736.40","755.24","749.57","789.66","809.77","38,560","113,296","90,505"
"2021/09/16","737.0","743.0","727.0","727.0","-8.0","43,300","31,728","0","12,600","0.00","-","0.90","740.60","755.96","751.63","792.17","810.02","84,740","114,028","90,574"
"2021/09/15","740.0","745.0","735.0","735.0","-8.0","23,200","17,118","0","13,200","0.00","-","0.90","749.80","756.24","753.61","795.08","810.31","195,220","113,432","90,493"
"2021/09/14","750.0","750.0","738.0","743.0","-5.0","37,700","27,987","0","13,200","0.00","-","0.70","780.80","756.28","755.72","798.14","810.59","291,280","114,412","90,574"
"2021/09/13","741.0","751.0","735.0","748.0","-2.0","58,900","43,715","0","13,200","0.00","-","1.60","805.00","756.16","757.59","801.38","810.80","319,300","115,356","90,521"
"2021/09/10","770.0","773.0","742.0","750.0","-23.0","260,600","195,886","0","13,000","0.00","-","1.60","828.20","755.88","759.37","804.16","811.02","413,000","114,952","90,174"
"2021/09/09","786.0","811.0","750.0","773.0","-117.0","595,700","468,616","0","14,500","0.00","-","0.80","837.60","755.84","761.27","806.79","810.90","386,440","106,248","87,133"
"2021/09/08","879.0","939.0","876.0","890.0","+26.0","503,500","452,596","0","13,600","0.00","-","1.60","836.40","754.72","763.01","809.92","810.94","271,060","88,052","79,708"
"2021/09/07","850.0","864.0","831.0","864.0","0.0","177,800","149,947","0","5,200","0.00","-","0.90","812.00","750.48","763.33","811.93","810.61","176,840","72,380","73,797"
"2021/09/06","830.0","900.0","827.0","864.0","+67.0","527,400","455,365","0","6,000","0.00","-","0.90","792.80","745.48","763.67","814.39","810.15","148,380","68,504","71,814"
"2021/09/03","775.0","800.0","771.0","797.0","+30.0","127,800","100,668","0","7,600","0.00","-","0.90","772.20","739.64","763.91","817.14","809.44","52,100","53,124","65,384"
"2021/09/02","771.0","772.0","763.0","767.0","-1.0","18,800","14,441","0","6,800","0.00","-","0.90","760.80","738.00","764.76","820.37","809.03","31,020","73,916","64,057"
"2021/09/01","769.0","770.0","758.0","768.0","0.0","32,400","24,791","0","6,800","0.00","-","0.90","754.00","737.36","765.99","822.89","808.82","30,940","89,104","64,449"
"2021/08/31","760.0","769.0","751.0","768.0","+7.0","35,500","26,994","0","6,800","0.00","-","0.90","745.60","734.92","767.51","825.45","808.57","28,560","88,380","64,514"
"2021/08/30","747.0","762.0","746.0","761.0","+21.0","46,000","34,719","0","6,800","0.00","-","0.70","737.40","732.12","768.85","827.34","808.43","28,480","87,444","64,613"
"2021/08/27","730.0","740.0","728.0","740.0","+7.0","22,400","16,452","0","6,800","0.00","-","0.90","728.40","729.56","770.48","829.11","808.14","23,620","86,156","64,938"
"2021/08/26","725.0","736.0","725.0","733.0","+7.0","18,400","13,474","0","6,800","0.00","-","0.90","720.20","727.72","772.71","831.17","807.92","26,060","85,744","65,162"
"2021/08/25","729.0","739.0","725.0","726.0","-1.0","20,500","15,003","0","6,800","0.00","-","0.90","714.80","726.24","775.27","832.86","807.70","27,700","85,508","65,485"
"2021/08/24","716.0","728.0","714.0","727.0","+11.0","35,100","25,330","0","6,800","0.00","-","0.90","712.60","725.08","777.79","834.34","807.68","28,780","85,184","65,830"
"2021/08/23","706.0","719.0","703.0","716.0","+17.0","21,700","15,472","0","6,800","0.00","-","0.90","709.40","724.08","780.51","835.75","807.61","35,020","84,200","66,197"
"2021/08/20","715.0","715.0","698.0","699.0","-7.0","34,600","24,324","0","8,600","0.00","-","0.90","711.00","723.72","783.55","837.03","807.61","39,200","84,760","67,073"
"2021/08/19","707.0","719.0","704.0","706.0","-9.0","26,600","18,859","0","7,100","0.00","-","0.90","720.60","723.60","786.44","838.27","807.76","41,880","84,356","68,636"
"2021/08/18","703.0","716.0","703.0","715.0","+4.0","25,900","18,397","0","7,100","0.00","-","0.90","726.20","723.04","790.04","839.70","807.82","42,240","83,756","69,549"
"2021/08/17","725.0","734.0","705.0","711.0","-13.0","66,300","47,430","0","7,100","0.00","-","0.90","730.40","722.00","793.72","841.33","807.92","46,600","83,836","70,181"
"2021/08/16","738.0","750.0","724.0","724.0","-23.0","42,600","31,195","0","7,100","0.00","-","0.90","736.20","721.08","797.36","842.90","808.13","45,600","82,808","70,318"
"2021/08/13","731.0","753.0","731.0","747.0","+13.0","48,000","35,845","0","7,000","0.00","-","0.90","739.60","720.08","801.13","844.30","808.22","46,840","81,960","70,581"
"2021/08/12","735.0","745.0","730.0","734.0","-2.0","28,400","20,881","0","7,000","0.00","-","0.90","740.00","718.24","804.24","845.50","808.24","45,840","80,868","71,940"
"2021/08/11","738.0","745.0","730.0","736.0","-4.0","47,700","35,123","0","6,000","0.00","-","0.70","742.20","716.80","808.03","846.76","808.29","68,320","80,244","72,733"
"2021/08/10","744.0","744.0","719.0","740.0","-1.0","61,300","44,695","0","6,100","0.00","-","0.90","751.80","715.44","812.09","847.82","808.32","81,120","79,120","73,604"
"2021/08/06","755.0","755.0","734.0","741.0","-8.0","48,800","36,221","0","9,500","0.00","-","0.90","751.60","713.80","816.45","848.81","808.39","85,040","77,480","74,382"
"2021/08/05","736.0","758.0","733.0","749.0","+4.0","43,000","32,027","0","10,000","0.00","-","0.90","747.00","712.20","820.25","849.88","808.53","103,860","77,280","75,841"
"2021/08/04","779.0","794.0","737.0","745.0","-39.0","140,800","107,657","0","11,500","0.00","-","0.90","748.40","710.48","823.77","850.16","808.63","224,780","77,016","78,673"
"2021/08/03","744.0","785.0","737.0","784.0","+45.0","111,700","84,750","0","13,500","0.00","-","1.60","749.60","709.20","828.32","850.43","808.77","276,320","73,300","78,622"
"2021/08/02","725.0","743.0","725.0","739.0","+21.0","80,900","59,567","0","12,200","0.00","-","1.60","734.20","706.04","832.41","850.18","808.72","256,840","69,568","80,278"
"2021/07/30","750.0","750.0","716.0","718.0","-38.0","142,900","103,981","0","10,100","0.00","-","1.60","726.00","704.56","837.36","850.29","808.93","243,080","67,628","82,633"
"2021/07/29","781.0","805.0","737.0","756.0","+5.0","647,600","504,474","0","10,300","0.00","-","0.90","721.80","703.92","842.97","850.47","809.26","217,260","63,600","88,118"
"2021/07/28","709.0","763.0","707.0","751.0","+44.0","398,500","295,190","0","18,400","0.00","-","0.90","709.40","702.00","847.83","850.35","809.36","90,160","39,628","85,506"
"2021/07/27","699.0","710.0","699.0","707.0","+9.0","14,300","10,075","0","12,700","0.00","-","0.90","698.40","699.88","851.40","850.34","809.30","12,960","28,404","83,022"
"2021/07/26","698.0","703.0","697.0","698.0","+1.0","12,100","8,465","0","12,900","0.00","-","0.90","696.40","700.12","855.63","850.78","809.58","12,580","32,452","86,946"
"2021/07/21","698.0","700.0","694.0","697.0","+3.0","13,800","9,629","0","12,900","0.00","-","0.90","697.20","701.28","859.08","851.26","809.90","12,260","35,180","88,421"
"2021/07/20","695.0","698.0","690.0","694.0","-2.0","12,100","8,395","0","18,700","0.00","-","0.90","699.20","702.64","862.29","851.71","810.32","16,640","43,484","90,890"
"2021/07/19","700.0","700.0","693.0","696.0","-1.0","12,500","8,699","0","18,700","0.00","-","0.90","699.60","705.04","865.65","852.23","810.77","19,120","54,036","93,797"
"2021/07/16","700.0","700.0","693.0","697.0","-5.0","12,400","8,655","0","14,000","0.00","-","0.90","698.80","707.48","868.40","852.93","811.20","18,940","70,720","96,945"
"2021/07/15","705.0","705.0","698.0","702.0","-5.0","10,500","7,356","0","10,300","0.00","-","0.90","697.20","715.44","870.76","853.45","811.69","22,040","73,856","98,101"
"2021/07/14","696.0","710.0","694.0","707.0","+11.0","35,700","25,031","0","14,000","0.00","-","0.90","694.40","723.12","872.97","854.02","812.29","28,060","75,264","98,990"
"2021/07/13","694.0","701.0","693.0","696.0","+4.0","24,500","17,094","0","14,000","0.00","-","0.90","692.80","731.16","874.80","854.63","812.94","25,200","75,460","99,729"
"2021/07/12","692.0","702.0","690.0","692.0","+3.0","11,600","8,058","0","14,000","0.00","-","0.90","693.80","739.40","876.49","855.33","813.61","24,440","75,852","100,542"
"2021/07/09","684.0","691.0","676.0","689.0","+1.0","27,900","19,051","0","14,100","0.00","-","0.90","695.00","748.20","878.59","856.10","814.29","24,680","76,324","101,805"
"2021/07/08","698.0","698.0","685.0","688.0","-11.0","40,600","28,018","0","14,100","0.00","-","0.90","697.60","757.12","881.11","857.00","814.94","23,020","76,656","102,702"
"2021/07/07","698.0","699.0","693.0","699.0","-2.0","21,400","14,899","0","13,900","0.00","-","0.90","699.80","765.48","883.51","857.85","815.65","18,960","75,968","103,076"
"2021/07/06","699.0","702.0","697.0","701.0","+3.0","20,700","14,482","0","10,500","0.00","-","0.90","700.20","773.40","885.71","858.63","816.33","23,440","76,260","103,853"
"2021/07/05","705.0","705.0","698.0","698.0","-4.0","12,800","8,965","0","10,500","0.00","-","0.90","701.20","780.68","887.92","859.43","817.13","26,580","76,828","104,768"
"2021/07/02","706.0","706.0","698.0","702.0","+3.0","19,600","13,749","0","10,500","0.00","-","0.90","704.20","787.80","890.08","860.33","818.32","33,600","77,804","106,653"
"2021/07/01","699.0","703.0","696.0","699.0","-2.0","20,300","14,203","0","10,500","0.00","-","0.90","704.80","795.44","891.95","861.17","819.33","33,360","78,192","107,890"
"2021/06/30","709.0","710.0","699.0","701.0","-5.0","43,800","30,727","0","10,500","0.00","-","0.90","705.40","802.80","893.81","862.03","820.27","35,780","78,728","110,354"
"2021/06/29","712.0","712.0","705.0","706.0","-7.0","36,400","25,732","0","12,500","0.00","-","0.90","705.60","810.04","895.77","862.81","821.13","35,460","78,292","124,349"
"2021/06/28","705.0","718.0","705.0","713.0","+8.0","47,900","34,093","0","12,900","0.00","-","0.90","706.00","817.48","896.72","863.52","821.89","37,840","78,136","126,030"
"2021/06/25","702.0","707.0","700.0","705.0","+3.0","18,400","12,931","0","12,900","0.00","-","0.90","703.00","825.12","897.51","864.00","822.66","51,840","77,772","126,306"
"2021/06/24","710.0","710.0","701.0","702.0","0.0","32,400","22,811","0","11,900","0.00","-","0.90","704.60","833.48","898.23","864.69","823.47","71,260","79,444","126,649"
"2021/06/23","702.0","712.0","699.0","702.0","-6.0","42,200","29,701","0","11,900","0.00","-","0.90","709.60","840.96","898.87","865.47","824.27","80,840","79,312","126,682"
"2021/06/22","701.0","714.0","699.0","708.0","+10.0","48,300","34,094","0","12,200","0.00","-","0.90","715.40","848.16","899.32","866.33","824.93","116,680","79,428","126,384"
"2021/06/21","714.0","716.0","693.0","698.0","-15.0","117,900","82,747","0","24,000","0.00","-","0.90","724.60","854.28","899.80","867.14","825.62","162,200","78,628","126,016"
"2021/06/18","729.0","730.0","709.0","713.0","-14.0","115,500","82,616","0","12,300","0.00","-","0.90","736.40","860.72","900.49","868.06","826.46","224,540","75,840","124,680"
"2021/06/17","739.0","739.0","726.0","727.0","-4.0","80,300","58,622","0","14,600","0.00","-","0.80","773.00","867.48","901.00","868.89","827.07","219,600","72,712","123,526"
"2021/06/16","759.0","759.0","729.0","731.0","-23.0","221,400","164,110","0","13,700","0.00","-","0.70","806.40","873.16","901.25","869.63","827.65","212,680","71,216","123,272"
"2021/06/15","761.0","779.0","751.0","754.0","-3.0","275,900","210,142","0","11,100","0.00","-","0.90","841.80","879.24","901.40","870.25","828.13","176,520","65,176","120,974"
"2021/06/14","761.0","773.0","752.0","757.0","-139.0","429,600","326,885","0","8,500","0.00","-","0.90","871.40","885.36","901.29","870.72","828.48","128,200","55,708","117,956"
"2021/06/11","896.0","912.0","884.0","896.0","+2.0","90,800","81,403","0","14,400","0.00","-","0.90","902.40","892.08","901.41","871.07","828.83","46,960","40,228","114,089"
"2021/06/10","906.0","906.0","891.0","894.0","-14.0","45,700","41,081","0","11,700","0.00","-","0.90","905.60","892.84","899.45","869.99","828.50","36,040","38,452","113,374"
"2021/06/09","901.0","923.0","901.0","908.0","+6.0","40,600","37,123","0","11,000","0.00","-","0.90","906.20","894.32","897.65","868.99","828.18","31,580","39,128","113,224"
"2021/06/08","915.0","915.0","902.0","902.0","-10.0","34,300","31,150","0","9,900","0.00","-","0.90","904.00","895.76","895.79","867.91","827.75","29,200","41,000","112,977"
"2021/06/07","914.0","918.0","903.0","912.0","0.0","23,400","21,341","0","9,900","0.00","-","0.90","900.20","896.32","893.97","866.68","827.35","29,320","45,700","112,768"
"2021/06/04","901.0","913.0","895.0","912.0","+15.0","36,200","32,732","0","6,800","0.00","-","0.90","893.00","898.88","892.07","865.34","826.88","32,080","48,568","112,872"
"2021/06/03","907.0","909.0","891.0","897.0","0.0","23,400","21,037","0","6,300","0.00","-","0.90","889.20","902.04","890.29","863.96","826.48","30,700","50,052","112,753"
"2021/06/02","898.0","907.0","885.0","897.0","+14.0","28,700","25,780","0","7,300","0.00","-","0.90","886.40","905.52","888.64","862.61","826.15","32,760","52,180","112,722"
"2021/06/01","872.0","893.0","868.0","883.0","+7.0","34,900","30,733","0","7,300","0.00","-","0.90","883.40","909.92","887.04","861.31","825.90","33,600","53,524","112,726"
"2021/05/31","891.0","892.0","870.0","876.0","-17.0","37,200","32,669","0","8,100","0.00","-","0.90","885.20","913.80","885.68","859.92","825.79","33,120","58,124","112,677"
"2021/05/28","884.0","898.0","883.0","893.0","+10.0","29,300","26,072","0","6,300","0.00","-","0.90","890.80","919.48","884.51","858.67","825.69","33,440","60,152","112,669"
"2021/05/27","873.0","893.0","873.0","883.0","+1.0","33,700","29,747","0","7,300","0.00","-","0.90","895.00","925.40","883.08","857.30","825.32","39,620","63,500","112,632"
"2021/05/26","892.0","892.0","875.0","882.0","-10.0","32,900","28,982","0","7,300","0.00","-","0.90","896.20","932.76","881.77","856.13","825.00","38,700","66,940","112,590"
"2021/05/25","913.0","913.0","892.0","892.0","-12.0","32,500","29,169","0","7,200","0.00","-","0.90","896.20","938.52","880.40","855.03","824.81","41,140","71,952","112,457"
"2021/05/24","921.0","921.0","900.0","904.0","-10.0","38,800","35,184","0","8,000","0.00","-","0.90","890.00","943.36","878.87","853.73","824.45","40,300","80,868","112,564"
"2021/05/21","898.0","922.0","887.0","914.0","+25.0","60,200","54,748","0","8,100","0.00","-","0.90","881.00","950.64","876.96","852.51","824.15","42,180","84,796","112,714"
"2021/05/20","884.0","892.0","877.0","889.0","+7.0","29,100","25,767","0","7,200","0.00","-","0.90","874.60","957.72","875.09","851.20","823.90","37,600","91,824","112,141"
"2021/05/19","860.0","885.0","851.0","882.0","+21.0","45,100","39,417","0","5,700","0.00","-","0.90","870.60","966.56","873.64","850.25","823.75","40,360","100,960","112,094"
"2021/05/18","859.0","865.0","854.0","861.0","+2.0","28,300","24,318","0","5,800","0.00","-","0.90","870.80","976.84","872.39","849.36","823.61","45,420","121,328","111,740"
"2021/05/17","885.0","893.0","857.0","859.0","-23.0","48,200","41,869","0","6,200","0.00","-","0.90","880.00","987.20","871.43","848.52","823.53","47,600","138,264","111,668"
"2021/05/14","868.0","895.0","868.0","882.0","+13.0","37,300","32,880","0","5,900","0.00","-","0.90","893.20","993.60","870.51","847.84","823.55","46,480","144,824","111,378"
"2021/05/13","874.0","880.0","859.0","869.0","-14.0","42,900","37,242","0","5,900","0.00","-","0.90","899.80","999.28","869.36","847.09","823.57","48,300","155,676","111,218"
"2021/05/12","902.0","906.0","870.0","883.0","-24.0","70,400","62,401","0","6,000","0.00","-","0.90","912.20","1,002.80","868.45","846.40","823.53","52,240","158,868","111,070"
"2021/05/11","921.0","921.0","907.0","907.0","-18.0","39,200","35,689","0","6,600","0.00","-","0.90","924.40","1,005.00","867.25","845.65","823.42","55,640","164,012","110,917"
"2021/05/10","918.0","938.0","912.0","925.0","+10.0","42,600","39,304","0","4,700","0.00","-","0.90","926.20","1,006.56","865.84","844.51","823.07","78,160","171,648","111,168"
"2021/05/07","932.0","932.0","913.0","915.0","-16.0","46,400","42,732","0","6,000","0.00","-","0.90","936.40","1,005.64","864.07","843.33","822.67","88,660","179,888","111,588"
"2021/05/06","950.0","960.0","925.0","931.0","-13.0","62,600","58,837","0","9,200","0.00","-","0.90","951.60","1,004.00","862.37","842.08","822.50","94,040","181,996","111,610"
"2021/04/30","928.0","958.0","917.0","944.0","+28.0","87,400","81,993","0","9,000","0.00","-","0.90","962.20","1,001.48","860.55","840.75","822.16","96,840","182,580","111,222"
"2021/04/28","936.0","948.0","909.0","916.0","-60.0","151,800","140,018","0","9,200","0.00","-","0.90","974.80","997.48","858.63","839.24","821.85","91,820","182,728","111,369"
"2021/04/27","992.0","997.0","971.0","976.0","-15.0","95,100","93,142","0","9,500","0.00","-","0.90","987.60","993.76","856.80","838.13","821.82","91,440","180,076","109,906"
"2021/04/26","997.0","1,015.0","990.0","991.0","+7.0","73,300","73,220","0","8,900","0.00","-","0.90","996.00","988.68","854.16","836.14","821.58","90,000","180,524","109,362"
"2021/04/23","998.0","1,014.0","982.0","984.0","-23.0","76,600","76,201","0","5,300","0.00","-","0.90","1,006.00","984.16","851.27","834.08","821.18","97,940","181,400","109,329"
"2021/04/22","998.0","1,012.0","988.0","1,007.0","+27.0","62,300","62,414","0","6,300","0.00","-","0.90","1,022.60","979.52","848.31","832.30","820.88","106,560","181,080","109,166"
"2021/04/21","981.0","1,000.0","976.0","980.0","-38.0","149,900","147,425","0","9,900","0.00","-","0.90","1,026.40","973.80","845.11","829.87","820.33","125,740","181,776","109,202"
"2021/04/20","1,026.0","1,031.0","1,005.0","1,018.0","-23.0","87,900","89,213","0","7,100","0.00","-","0.90","1,033.00","969.28","841.96","827.87","819.80","146,840","179,352","108,336"
"2021/04/19","1,061.0","1,071.0","1,041.0","1,041.0","-26.0","113,000","118,723","0","5,800","0.00","-","0.90","1,046.60","962.96","838.40","825.53","819.08","156,660","182,004","108,098"
"2021/04/16","1,032.0","1,073.0","1,020.0","1,067.0","+41.0","119,700","125,526","0","10,200","0.00","-","0.90","1,056.60","955.00","834.60","823.03","818.17","181,240","181,980","107,961"
"2021/04/15","1,015.0","1,070.0","1,015.0","1,026.0","+13.0","158,200","163,681","0","9,000","0.00","-","0.90","1,065.20","945.88","830.59","820.21","817.12","208,800","185,396","106,914"
"2021/04/14","1,078.0","1,084.0","1,006.0","1,013.0","-73.0","255,400","263,656","0","8,700","0.00","-","0.90","1,087.80","938.76","827.20","817.87","816.32","288,020","222,804","106,049"
"2021/04/13","1,086.0","1,108.0","1,065.0","1,086.0","-5.0","137,000","148,727","0","19,400","0.00","-","1.60","1,109.20","929.32","823.85","815.00","815.65","327,280","219,088","103,608"
"2021/04/12","1,114.0","1,144.0","1,072.0","1,091.0","-19.0","235,900","262,158","0","18,400","0.00","-","1.60","1,095.80","916.76","819.80","811.96","814.48","342,320","216,352","103,482"
"2021/04/09","1,131.0","1,150.0","1,101.0","1,110.0","-29.0","257,500","288,830","0","18,100","0.00","-","1.60","1,082.40","903.48","815.69","809.29","813.25","356,860","208,680","101,058"
"2021/04/08","1,140.0","1,167.0","1,065.0","1,139.0","+19.0","554,300","626,862","0","19,300","0.00","-","1.10","1,051.80","889.08","811.48","805.91","812.11","329,900","199,776","99,113"
"2021/04/07","1,040.0","1,128.0","1,021.0","1,120.0","+101.0","451,700","490,857","0","18,700","0.00","-","0.90","1,011.60","872.96","806.87","801.74","810.76","258,840","178,396","93,232"
"2021/04/06","1,022.0","1,046.0","995.0","1,019.0","-5.0","212,200","216,108","0","21,000","0.00","-","0.90","976.80","857.92","802.29","797.69","809.58","214,520","161,156","88,269"
"2021/04/05","970.0","1,025.0","970.0","1,024.0","+67.0","308,600","310,342","0","21,500","0.00","-","0.90","953.40","847.16","799.25","794.74","809.87","221,800","153,376","86,762"
"2021/04/02","942.0","961.0","927.0","957.0","+19.0","122,700","116,720","0","19,700","0.00","-","0.90","923.40","836.24","796.36","791.68","809.87","179,900","142,192","84,849"
"2021/04/01","965.0","968.0","917.0","938.0","-8.0","199,000","187,401","0","21,900","0.00","-","0.90","905.60","827.80","794.27","789.52","810.35","170,800","139,732","84,493"
"2021/03/31","917.0","949.0","907.0","946.0","+44.0","230,100","214,580","0","18,400","0.00","-","0.90","886.80","819.96","792.53","787.17","810.82","149,220","133,736","85,790"
"2021/03/30","875.0","910.0","871.0","902.0","+28.0","248,600","222,973","0","20,800","0.00","-","0.90","862.20","811.96","790.49","784.66","811.15","120,300","126,512","84,346"
"2021/03/29","880.0","880.0","858.0","874.0","+6.0","99,100","86,153","0","11,100","0.00","-","0.90","851.60","806.52","789.23","782.53","811.72","91,840","122,152","82,648"
"2021/03/26","847.0","868.0","847.0","868.0","+24.0","77,200","66,506","0","11,400","0.00","-","0.90","852.40","801.52","788.11","781.01","812.57","91,060","119,676","82,382"
"2021/03/25","835.0","844.0","828.0","844.0","+21.0","91,100","76,114","0","13,400","0.00","-","0.90","852.40","797.16","787.17","779.46","813.56","89,340","117,964","82,270"
"2021/03/24","850.0","854.0","820.0","823.0","-26.0","85,500","71,303","0","20,500","0.00","-","0.90","856.40","794.12","786.49","778.18","814.74","87,060","115,204","82,237"
"2021/03/23","878.0","878.0","845.0","849.0","-29.0","106,300","91,520","0","16,600","0.00","-","0.90","865.20","791.84","786.25","777.24","815.65","87,820","112,528","82,652"
"2021/03/22","874.0","879.0","863.0","878.0","+10.0","95,200","83,079","0","15,100","0.00","-","0.90","867.40","788.64","785.29","775.93","816.46","97,400","109,524","84,225"
"2021/03/19","864.0","868.0","851.0","868.0","+4.0","68,600","59,176","0","14,300","0.00","-","0.90","860.20","784.68","784.05","774.51","817.14","100,840","106,808","85,410"
"2021/03/18","869.0","872.0","857.0","864.0","-3.0","79,700","68,927","0","13,900","0.00","-","0.80","854.40","780.88","783.23","773.35","817.61","128,140","104,908","95,373"
"2021/03/17","860.0","873.0","852.0","867.0","+7.0","89,300","77,351","0","12,400","0.00","-","0.80","851.20","777.40","781.89","772.13","817.97","330,880","102,880","95,377"
"2021/03/16","849.0","860.0","841.0","860.0","+18.0","154,200","131,778","0","11,000","0.00","-","0.90","833.20","773.96","780.73","770.98","818.33","345,520","100,556","95,258"
"2021/03/15","839.0","851.0","830.0","842.0","+3.0","112,400","94,800","0","16,400","0.00","-","0.80","815.60","771.08","779.72","769.82","818.62","328,400","95,852","95,032"
"2021/03/12","842.0","855.0","828.0","839.0","-9.0","205,100","172,756","0","16,800","0.00","-","0.90","799.00","768.84","779.04","768.82","819.06","314,740","92,416","95,438"
"2021/03/11","895.0","903.0","838.0","848.0","+71.0","1,093,400","948,532","0","15,200","0.00","-","0.90","781.20","766.68","778.32","767.97","819.56","280,700","85,436","99,922"
"2021/03/10","770.0","788.0","763.0","777.0","+5.0","162,500","126,729","0","11,800","0.00","-","0.90","758.80","763.92","777.57","767.17","819.79","65,980","42,616","89,301"
"2021/03/09","762.0","774.0","755.0","772.0","+13.0","68,600","52,427","0","13,100","0.00","-","0.90","752.20","763.92","776.89","767.10","820.29","37,620","37,736","90,585"
"2021/03/08","755.0","759.0","745.0","759.0","+9.0","44,100","33,183","0","14,500","0.00","-","0.70","747.80","763.48","777.03","767.11","820.83","27,440","36,996","95,588"
"2021/03/05","736.0","750.0","726.0","750.0","+14.0","34,900","25,635","0","15,400","0.00","-","0.90","746.20","764.08","777.89","767.26","821.37","24,420","35,920","109,572"
"2021/03/04","747.0","747.0","733.0","736.0","-8.0","19,800","14,641","0","14,600","0.00","-","0.90","745.40","765.28","778.19","767.57","822.12","29,680","35,548","112,637"
"2021/03/03","750.0","751.0","742.0","744.0","-6.0","20,700","15,449","0","14,600","0.00","-","0.70","746.60","767.36","778.00","768.05","823.05","35,540","35,496","112,860"
"2021/03/02","753.0","758.0","746.0","750.0","-1.0","17,700","13,304","0","14,900","0.00","-","0.90","747.00","769.16","777.61","768.37","823.87","41,300","35,584","113,321"
"2021/03/01","736.0","753.0","736.0","751.0","+5.0","29,000","21,588","0","15,100","0.00","-","0.90","750.20","770.76","777.27","768.26","824.64","65,680","35,936","113,592"
"2021/02/26","743.0","746.0","730.0","746.0","+4.0","61,200","45,226","0","15,000","0.00","-","0.90","749.80","772.56","776.83","768.37","825.37","67,320","35,788","113,772"
"2021/02/25","750.0","755.0","742.0","742.0","-4.0","49,100","36,667","0","12,700","0.00","-","1.60","752.40","774.76","776.76","768.53","826.27","61,960","34,612","115,778"
"2021/02/24","775.0","775.0","745.0","746.0","-20.0","49,500","37,316","0","15,000","0.00","-","0.90","757.60","776.80","776.24","768.93","827.22","56,560","35,004","115,509"
"2021/02/22","764.0","792.0","759.0","766.0","+17.0","139,600","108,481","0","14,800","0.00","-","0.90","761.60","779.00","775.56","769.30","828.26","50,380","35,344","115,194"
"2021/02/19","750.0","755.0","745.0","749.0","-10.0","37,200","27,878","0","15,300","0.00","-","0.90","762.20","780.04","774.53","769.47","829.39","28,700","32,724","113,942"
"2021/02/18","770.0","777.0","757.0","759.0","-9.0","34,400","26,350","0","15,300","0.00","-","0.90","768.20","781.60","774.17","769.93","830.71","26,720","33,160","113,854"
"2021/02/17","766.0","773.0","764.0","768.0","+2.0","22,100","16,970","0","12,500","0.00","-","0.90","771.00","783.00","773.56","770.56","832.08","24,060","33,124","113,642"
"2021/02/16","770.0","774.0","766.0","766.0","-3.0","18,600","14,313","0","12,500","0.00","-","0.90","772.80","784.28","772.87","771.24","833.38","25,440","36,176","113,726"
"2021/02/15","777.0","777.0","768.0","769.0","-10.0","31,200","24,076","0","12,600","0.00","-","0.90","775.80","784.80","772.37","771.88","835.01","27,960","37,116","113,850"
"2021/02/12","775.0","779.0","770.0","779.0","+6.0","27,300","21,134","0","12,600","0.00","-","0.90","779.60","785.16","771.69","772.47","836.92","29,040","38,040","114,456"
"2021/02/10","777.0","782.0","772.0","773.0","-4.0","21,100","16,397","0","12,300","0.00","-","0.90","781.00","784.96","771.12","772.88","838.91","28,880","39,780","114,466"
"2021/02/09","781.0","781.0","771.0","777.0","-4.0","29,000","22,478","0","12,300","0.00","-","0.90","783.40","784.52","770.84","773.45","841.05","30,780","41,512","114,478"
"2021/02/08","786.0","793.0","780.0","781.0","-7.0","31,200","24,508","0","12,300","0.00","-","0.90","783.80","784.12","770.37","774.03","843.03","29,560","42,952","114,357"
"2021/02/05","789.0","797.0","784.0","788.0","+2.0","36,600","28,896","0","12,300","0.00","-","0.90","783.00","782.64","769.99","774.83","844.84","31,420","45,100","114,196"
"2021/02/04","784.0","790.0","777.0","786.0","+1.0","26,500","20,796","0","12,300","0.00","-","0.90","777.60","781.16","769.40","776.30","846.73","34,120","46,440","114,314"
"2021/02/03","774.0","785.0","774.0","785.0","+6.0","30,600","23,846","0","12,300","0.00","-","0.90","775.20","779.96","768.81","777.49","848.69","32,260","49,488","114,586"
"2021/02/02","779.0","779.0","768.0","779.0","+2.0","22,900","17,760","0","14,600","0.00","-","0.90","774.20","779.20","768.40","778.51","850.16","31,260","49,912","114,670"
"2021/02/01","760.0","778.0","752.0","777.0","+16.0","40,500","31,058","0","14,600","0.00","-","0.90","776.00","778.92","768.25","779.44","852.06","30,380","52,728","114,710"
"2021/01/29","774.0","779.0","760.0","761.0","-13.0","50,100","38,375","0","12,300","0.00","-","0.90","778.40","778.32","768.16","780.25","854.14","26,860","54,000","114,568"
"2021/01/28","775.0","778.0","770.0","774.0","-6.0","17,200","13,307","0","15,600","0.00","-","0.70","784.20","779.16","768.32","781.31","856.53","22,140","57,100","114,381"
"2021/01/27","787.0","788.0","778.0","780.0","-8.0","25,600","19,999","0","15,700","0.00","-","0.90","788.60","779.52","768.32","782.24","857.95","23,760","58,576","114,605"
"2021/01/26","792.0","792.0","782.0","788.0","-1.0","18,500","14,536","0","16,800","0.00","-","0.90","792.80","780.08","768.33","783.07","859.50","25,000","62,016","114,556"
"2021/01/25","786.0","793.0","784.0","789.0","-1.0","22,900","18,068","0","16,700","0.00","-","0.70","793.80","780.28","768.28","783.52","860.83","33,080","65,804","114,862"
"2021/01/22","795.0","797.0","786.0","790.0","-6.0","26,500","20,950","0","16,600","0.00","-","0.90","796.20","779.80","768.11","784.10","862.65","40,100","68,068","115,493"
"2021/01/21","802.0","802.0","790.0","796.0","-5.0","25,300","20,104","0","17,600","0.00","-","0.90","796.60","779.84","767.43","784.85","865.25","49,620","70,976","116,384"
"2021/01/20","791.0","805.0","787.0","801.0","+8.0","31,800","25,328","0","14,800","0.00","-","0.90","795.00","780.28","766.97","785.25","866.60","54,180","76,568","116,046"
"2021/01/19","800.0","809.0","793.0","793.0","-8.0","58,900","47,081","0","14,500","0.00","-","0.90","793.60","780.24","766.45","785.67","867.18","54,520","79,136","116,554"
"2021/01/18","802.0","805.0","790.0","801.0","+9.0","58,000","46,316","0","14,000","0.00","-","0.90","795.00","780.84","766.31","786.01","867.05","62,420","88,632","116,341"
"2021/01/15","784.0","800.0","776.0","792.0","+4.0","74,100","58,407","0","14,000","0.00","-","0.90","790.60","780.52","766.07","786.23","866.88","59,240","91,184","116,320"
"2021/01/14","794.0","795.0","778.0","788.0","-6.0","48,100","37,845","0","14,000","0.00","-","0.90","787.80","781.12","765.95","786.59","866.67","55,280","93,068","116,602"
"2021/01/13","800.0","802.0","792.0","794.0","-6.0","33,500","26,624","0","14,600","0.00","-","0.70","785.00","781.20","766.04","787.00","866.42","59,820","94,312","117,576"
"2021/01/12","806.0","806.0","787.0","800.0","+21.0","98,400","78,648","0","14,200","0.00","-","0.90","778.60","781.36","766.41","787.36","866.33","66,000","95,724","118,156"
"2021/01/08","775.0","784.0","775.0","779.0","+1.0","42,100","32,809","0","13,500","0.00","-","0.90","772.00","781.08","766.89","787.58","866.45","59,320","95,332","117,394"
"2021/01/07","774.0","787.0","771.0","778.0","+4.0","54,300","42,321","0","14,800","0.00","-","0.90","765.00","782.12","767.57","788.01","866.68","67,880","98,312","117,180"
"2021/01/06","760.0","780.0","760.0","774.0","+12.0","70,800","54,559","0","13,500","0.00","-","0.90","759.60","782.08","768.24","788.42","866.51","71,040","105,112","117,032"
"2021/01/05","770.0","773.0","751.0","762.0","-5.0","64,400","49,108","0","13,800","0.00","-","0.90","756.00","782.52","768.85","788.99","867.11","77,420","109,644","117,144"
"2021/01/04","744.0","771.0","742.0","767.0","+23.0","65,000","49,300","0","13,800","0.00","-","0.90","756.80","784.28","769.76","789.68","868.45","72,780","139,700","117,980"
"2020/12/30","746.0","753.0","737.0","744.0","-7.0","84,900","63,217","0","14,000","0.00","-","0.90","757.80","784.16","770.67","790.48","869.55","78,440","140,300","119,709"
"2020/12/29","751.0","760.0","749.0","751.0","-5.0","70,100","52,795","0","14,000","0.00","-","0.90","761.40","785.60","772.23","791.66","870.53","75,920","140,120","130,289"
"2020/12/28","766.0","773.0","751.0","756.0","-10.0","102,700","78,236","0","13,900","0.00","-","0.90","767.60","786.92","774.68","792.70","872.35","87,420","142,804","135,304"
"2020/12/25","771.0","774.0","762.0","766.0","-6.0","41,200","31,528","0","13,900","0.00","-","0.90","773.00","788.32","776.67","793.34","873.65","77,700","144,412","136,260"
"2020/12/24","763.0","777.0","756.0","772.0","+10.0","93,300","71,587","0","13,900","0.00","-","0.90","778.60","789.08","778.28","793.86","875.07","91,780","164,420","136,992"
"2020/12/23","775.0","777.0","761.0","762.0","-20.0","72,300","55,497","0","13,900","0.00","-","0.90","782.80","789.88","779.61","794.58","876.46","95,760","172,560","136,540"
"2020/12/22","781.0","796.0","766.0","782.0","-1.0","127,600","99,431","0","13,900","0.00","-","0.90","785.80","788.44","780.89","795.17","877.92","97,200","180,020","136,024"
"2020/12/21","794.0","795.0","782.0","783.0","-11.0","54,100","42,579","0","13,000","0.00","-","0.90","787.60","788.44","782.03","795.78","879.19","91,520","192,668","134,906"
"2020/12/18","788.0","799.0","773.0","794.0","+1.0","111,600","87,642","0","13,000","0.00","-","0.90","792.40","790.08","783.15","796.59","881.05","113,720","234,220","134,770"
"2020/12/17","777.0","800.0","762.0","793.0","+16.0","113,200","88,486","0","13,000","0.00","-","0.90","793.60","789.20","784.07","797.25","882.91","110,600","240,348","134,232"
"2020/12/16","794.0","798.0","774.0","777.0","-14.0","79,500","62,296","0","13,500","0.00","-","0.70","796.60","786.36","784.60","797.86","885.49","147,220","237,280","134,421"
"2020/12/15","802.0","815.0","791.0","791.0","-16.0","99,200","79,494","0","13,100","0.00","-","0.90","799.80","783.88","785.53","798.54","888.41","155,680","236,312","134,194"
"2020/12/14","808.0","824.0","800.0","807.0","+7.0","165,100","134,317","0","16,100","0.00","-","0.70","803.00","781.20","786.52","799.25","890.99","160,080","233,864","134,124"
"2020/12/11","807.0","807.0","791.0","800.0","-8.0","96,000","76,732","0","16,100","0.00","-","0.90","799.60","777.64","786.91","800.04","893.53","142,900","228,960","132,656"
"2020/12/10","820.0","824.0","801.0","808.0","+15.0","296,300","240,305","0","16,100","0.00","-","0.90","799.20","775.28","787.48","800.65","896.52","137,460","233,588","132,008"
"2020/12/09","810.0","810.0","781.0","793.0","-14.0","121,800","96,671","0","16,100","0.00","-","0.90","796.20","771.08","787.73","801.18","900.36","95,920","222,892","128,406"
"2020/12/08","788.0","807.0","784.0","807.0","+17.0","121,200","96,929","0","18,300","0.00","-","0.70","798.60","767.16","788.13","801.63","903.22","94,880","219,056","127,238"
"2020/12/07","798.0","800.0","782.0","790.0","-8.0","79,200","62,534","0","16,100","0.00","-","0.90","792.60","762.44","788.41","802.01","905.48","115,500","216,036","126,189"
"2020/12/04","798.0","798.0","779.0","798.0","+5.0","68,800","54,139","0","14,100","0.00","-","0.90","791.60","759.72","788.93","802.91","908.58","136,480","214,092","125,856"
"2020/12/03","801.0","802.0","785.0","793.0","-12.0","88,600","70,217","0","17,300","0.00","-","0.90","793.20","756.32","789.36","803.57","912.12","285,880","212,080","125,708"
"2020/12/02","789.0","809.0","783.0","805.0","+28.0","116,600","93,172","0","18,100","0.00","-","0.90","787.40","753.24","789.75","804.45","914.45","284,160","209,672","125,360"
"2020/12/01","785.0","818.0","773.0","777.0","-8.0","224,300","178,519","0","19,800","0.00","-","1.60","782.40","750.20","789.97","805.51","916.06","276,920","206,124","124,402"
"2020/11/30","821.0","822.0","781.0","785.0","-21.0","184,100","147,149","0","20,700","0.00","-","0.90","783.80","747.84","790.53","807.02","918.72","259,500","200,216","122,566"
"2020/11/27","830.0","840.0","799.0","806.0","+42.0","815,800","670,313","0","19,500","0.00","-","0.90","785.00","745.88","791.15","808.28","919.99","251,260","193,976","120,513"
"2020/11/26","775.0","780.0","761.0","764.0","-16.0","80,000","61,476","0","16,100","0.00","-","0.70","780.80","743.72","791.48","809.46","922.65","196,380","162,224","110,302"
"2020/11/25","772.0","792.0","767.0","780.0","-4.0","80,400","62,475","0","14,600","0.00","-","1.60","786.40","742.84","792.59","810.79","927.52","239,740","159,820","109,680"
"2020/11/24","786.0","789.0","766.0","784.0","-7.0","137,200","106,063","0","14,800","0.00","-","1.60","775.60","741.72","793.68","811.73","931.97","275,420","157,368","109,461"
"2020/11/20","781.0","802.0","778.0","791.0","+6.0","142,900","112,629","0","17,300","0.00","-","1.60","775.20","740.12","794.63","812.62","935.30","336,740","153,700","108,902"
"2020/11/19","807.0","835.0","765.0","785.0","-7.0","541,400","435,529","0","17,400","0.00","-","1.60","781.80","738.16","795.01","813.30","937.90","526,740","149,860","107,645"
"2020/11/18","726.0","830.0","723.0","792.0","+66.0","296,800","228,458","0","18,100","0.00","-","1.60","779.20","736.92","795.45","814.03","941.80","471,420","129,680","101,697"
"2020/11/17","768.0","771.0","717.0","726.0","-56.0","258,800","189,396","0","17,000","0.00","-","1.60","765.20","735.96","796.15","814.76","944.17","419,360","118,844","98,985"
"2020/11/16","842.0","869.0","781.0","782.0","-42.0","443,800","363,548","0","16,100","0.00","-","1.60","763.00","737.72","797.41","816.29","946.96","378,660","109,684","97,384"
"2020/11/13","815.0","882.0","791.0","824.0","+52.0","1,092,900","914,547","0","17,800","0.00","-","0.90","751.40","737.36","798.23","816.99","949.71","297,500","93,376","92,190"
"2020/11/12","722.0","784.0","713.0","772.0","+50.0","264,800","200,899","0","11,200","0.00","-","0.90","730.20","735.36","798.76","817.21","950.96","87,420","51,020","78,713"
"2020/11/11","715.0","724.0","710.0","722.0","+7.0","36,500","26,182","0","9,000","0.00","-","0.90","724.00","735.72","799.93","818.30","951.72","76,800","41,304","75,916"
"2020/11/10","720.0","720.0","707.0","715.0","-9.0","55,300","39,390","0","9,000","0.00","-","0.90","720.20","738.20","801.69","819.78","951.98","75,280","41,504","76,254"
"2020/11/09","722.0","727.0","715.0","724.0","+6.0","38,000","27,348","0","8,700","0.00","-","0.80","716.20","740.64","803.43","821.47","952.27","69,400","42,100","76,098"
"2020/11/06","735.0","736.0","717.0","718.0","-23.0","42,500","30,721","0","8,700","0.00","-","0.90","709.20","741.24","805.27","825.00","952.36","70,940","44,312","76,461"
"2020/11/05","731.0","759.0","719.0","741.0","+38.0","211,700","156,708","0","7,400","0.00","-","0.90","710.00","743.00","807.51","828.06","952.61","68,560","42,612","77,069"
"2020/11/04","700.0","705.0","690.0","703.0","+8.0","28,900","20,177","0","6,700","0.00","-","0.90","704.40","743.84","809.11","831.18","952.48","29,920","36,940","74,924"
"2020/11/02","695.0","698.0","684.0","695.0","+6.0","25,900","17,916","0","6,400","0.00","-","0.90","707.00","747.00","811.21","834.47","952.34","29,820","37,500","75,181"
"2020/10/30","715.0","717.0","686.0","689.0","-33.0","45,700","31,962","0","38,600","0.00","-","0.90","713.80","750.52","813.12","837.64","952.09","30,220","38,720","75,464"
"2020/10/29","707.0","726.0","701.0","722.0","+9.0","30,600","21,793","0","38,500","0.00","-","0.90","719.60","754.28","815.20","840.91","951.69","36,400","40,704","75,898"
"2020/10/28","716.0","720.0","707.0","713.0","-3.0","18,500","13,158","0","38,500","0.00","-","0.90","722.40","757.20","817.31","844.12","951.12","35,900","44,324","76,724"
"2020/10/27","710.0","724.0","709.0","716.0","-13.0","28,400","20,334","0","6,500","0.00","-","0.90","730.20","761.56","819.32","847.65","950.52","36,600","46,664","77,218"
"2020/10/26","719.0","732.0","719.0","729.0","+11.0","27,900","20,267","0","6,400","0.00","-","0.90","735.40","766.36","821.52","851.30","949.85","34,900","47,180","78,630"
"2020/10/23","732.0","740.0","703.0","718.0","-18.0","76,600","55,065","0","6,400","0.00","-","0.90","740.00","770.40","823.95","854.05","949.11","33,140","47,104","79,366"
"2020/10/22","754.0","754.0","735.0","736.0","-16.0","28,100","20,810","0","6,500","0.00","-","0.90","745.20","774.80","826.75","856.99","948.44","26,920","45,768","79,938"
"2020/10/21","740.0","753.0","740.0","752.0","+10.0","22,000","16,453","0","6,500","0.00","-","0.90","746.40","778.16","829.08","859.77","947.68","30,680","47,812","83,293"
"2020/10/20","742.0","751.0","739.0","742.0","-10.0","19,900","14,833","0","6,500","0.00","-","0.90","746.80","781.28","831.37","861.87","946.86","33,660","52,016","88,741"
"2020/10/19","744.0","755.0","744.0","752.0","+8.0","19,100","14,308","0","6,500","0.00","-","0.90","752.00","785.00","833.44","863.80","946.01","34,860","59,008","90,816"
"2020/10/16","738.0","760.0","735.0","744.0","+2.0","45,500","33,895","0","6,500","0.00","-","0.90","755.60","789.36","835.07","865.67","945.15","37,000","93,380","92,292"
"2020/10/15","751.0","754.0","740.0","742.0","-12.0","46,900","34,916","0","6,500","0.00","-","0.90","761.40","797.00","836.79","867.41","944.35","35,120","109,408","92,686"
"2020/10/14","766.0","767.0","754.0","754.0","-14.0","36,900","28,039","0","7,000","0.00","-","0.90","767.80","803.52","838.35","869.30","943.58","32,540","114,508","93,228"
"2020/10/13","768.0","777.0","768.0","768.0","-2.0","25,900","19,969","0","7,000","0.00","-","0.70","773.20","808.84","839.73","871.15","942.74","29,540","116,876","94,684"
"2020/10/12","767.0","778.0","767.0","770.0","-3.0","29,800","22,991","0","7,500","0.00","-","0.90","776.40","813.00","841.03","872.41","941.84","32,660","118,216","96,133"
"2020/10/09","771.0","775.0","762.0","773.0","-1.0","36,100","27,731","0","7,500","0.00","-","0.90","777.60","816.52","842.48","873.47","940.89","40,740","118,368","97,666"
"2020/10/08","776.0","781.0","773.0","774.0","-7.0","34,000","26,402","0","7,500","0.00","-","0.90","770.80","820.28","843.53","874.55","940.12","52,180","118,676","98,744"
"2020/10/07","785.0","785.0","774.0","781.0","-3.0","21,900","17,061","0","7,800","0.00","-","0.90","768.40","824.00","844.49","875.48","939.26","45,380","119,072","100,365"
"2020/10/06","777.0","787.0","771.0","784.0","+8.0","41,500","32,389","0","7,800","0.00","-","0.90","764.60","827.28","845.83","876.66","938.32","54,980","121,044","101,717"
"2020/10/05","740.0","776.0","740.0","776.0","+37.0","70,200","53,528","0","7,500","0.00","-","0.90","764.20","829.24","846.97","878.04","937.35","55,260","124,480","104,526"
"2020/10/02","768.0","769.0","738.0","739.0","0.0","93,300","69,960","0","7,800","0.00","-","0.90","765.60","832.08","848.41","879.36","936.39","52,500","124,172","114,800"
"2020/10/01","-","-","-","-","-","0","-","0","7,300","0.00","-","0.90","774.40","837.12","852.92","881.01","935.64","52,900","124,196","120,881"
"2020/09/30","776.0","781.0","762.0","762.0","-20.0","69,900","53,922","0","7,300","0.00","-","0.90","781.00","840.08","856.41","882.37","934.80","77,120","126,396","123,769"
"2020/09/29","777.0","787.0","773.0","782.0","-1.0","42,900","33,432","0","7,100","0.00","-","0.90","793.00","843.32","860.29","884.00","934.01","78,540","125,496","124,926"
"2020/09/28","786.0","793.0","771.0","783.0","0.0","56,400","43,973","0","7,900","0.00","-","0.90","803.80","845.12","863.63","885.51","933.11","78,220","124,828","126,030"
"2020/09/25","792.0","797.0","776.0","783.0","-12.0","95,300","74,666","0","13,200","0.00","-","0.90","813.20","846.72","866.68","887.21","932.15","72,140","123,940","127,158"
"2020/09/24","818.0","820.0","790.0","795.0","-27.0","121,100","97,693","0","10,200","0.00","-","0.90","822.20","848.52","869.79","889.31","931.30","61,720","121,828","128,554"
"2020/09/23","837.0","837.0","815.0","822.0","-14.0","77,000","63,306","0","9,700","0.00","-","0.90","827.20","849.88","873.09","891.49","930.38","53,340","119,152","130,014"
"2020/09/18","833.0","840.0","829.0","836.0","+6.0","41,300","34,439","0","9,500","0.00","-","0.80","828.80","850.20","876.35","893.59","929.29","63,360","118,380","136,298"
"2020/09/17","825.0","831.0","823.0","830.0","+2.0","26,000","21,509","0","9,800","0.00","-","0.90","828.60","849.64","879.61","895.51","928.05","94,040","119,228","144,965"
"2020/09/16","822.0","832.0","822.0","828.0","+8.0","43,200","35,764","0","10,800","0.00","-","0.80","834.80","849.32","881.93","898.14","926.79","264,520","119,980","148,082"
"2020/09/15","834.0","837.0","820.0","820.0","-10.0","79,200","65,520","0","12,100","0.00","-","0.80","856.20","848.96","884.39","901.37","925.55","345,120","121,716","156,916"
"2020/09/14","843.0","849.0","825.0","830.0","-5.0","127,100","106,272","0","11,500","0.00","-","1.60","873.20","849.40","886.97","904.94","924.36","364,160","119,752","173,808"
"2020/09/11","861.0","869.0","830.0","835.0","-26.0","194,700","163,702","0","38,500","0.00","-","0.90","884.60","849.44","888.73","908.65","923.12","357,960","116,668","174,669"
"2020/09/10","935.0","935.0","860.0","861.0","-74.0","878,400","778,056","0","34,500","0.00","-","0.90","892.00","849.92","890.07","912.02","921.86","330,900","110,212","173,818"
"2020/09/09","905.0","964.0","891.0","935.0","+30.0","446,200","414,992","0","12,000","0.00","-","0.90","891.40","849.96","891.11","914.84","920.48","161,940","77,636","163,108"
"2020/09/08","890.0","919.0","875.0","905.0","+18.0","174,400","157,410","0","8,100","0.00","-","0.90","877.80","846.76","890.88","917.16","918.66","81,460","63,600","158,138"
"2020/09/07","872.0","888.0","861.0","887.0","+15.0","96,100","84,489","0","7,700","0.00","-","0.90","870.20","843.36","891.23","919.88","917.02","55,360","58,568","157,445"
"2020/09/04","850.0","873.0","840.0","872.0","+14.0","59,400","51,038","0","7,700","0.00","-","0.90","865.40","840.60","891.92","921.81","915.43","50,380","58,536","159,418"
"2020/09/03","861.0","863.0","851.0","858.0","-9.0","33,600","28,822","0","7,700","0.00","-","0.90","857.60","839.48","892.21","924.68","913.90","63,980","59,896","160,264"
"2020/09/02","870.0","870.0","857.0","867.0","0.0","43,800","37,728","0","7,700","0.00","-","0.90","855.40","838.00","892.45","928.02","912.43","69,760","64,100","161,082"
"2020/09/01","863.0","867.0","846.0","867.0","+4.0","43,900","37,608","0","7,700","0.00","-","0.90","855.00","837.04","892.64","931.74","910.91","79,780","64,520","161,550"
"2020/08/31","846.0","866.0","845.0","863.0","+30.0","71,200","60,813","0","7,700","0.00","-","0.90","848.80","836.92","892.64","933.65","909.40","82,000","66,048","163,262"
"2020/08/28","847.0","880.0","826.0","833.0","-14.0","127,400","109,346","0","7,900","0.00","-","0.90","844.80","836.80","893.12","935.92","907.93","77,240","65,400","163,970"
"2020/08/27","857.0","860.0","844.0","847.0","-18.0","62,500","53,175","0","12,900","0.00","-","0.90","843.60","837.64","894.31","938.14","906.59","57,000","62,780","164,013"
"2020/08/26","835.0","870.0","830.0","865.0","+29.0","93,900","80,019","0","12,900","0.00","-","0.90","838.80","837.56","895.12","941.19","905.09","51,340","62,024","165,580"
"2020/08/25","845.0","854.0","833.0","836.0","-7.0","55,000","46,209","0","12,700","0.00","-","0.90","831.40","837.44","895.64","945.64","903.52","41,060","60,876","166,508"
"2020/08/24","828.0","846.0","828.0","843.0","+16.0","47,400","39,636","0","12,700","0.00","-","0.90","830.00","839.44","896.47","947.95","902.13","40,900","62,200","168,334"
"2020/08/21","828.0","828.0","823.0","827.0","+4.0","26,200","21,643","0","12,700","0.00","-","0.90","827.40","840.16","897.56","948.69","900.64","42,960","62,336","171,634"
"2020/08/20","828.0","831.0","817.0","823.0","-5.0","34,200","28,095","0","12,800","0.00","-","0.90","826.40","841.52","898.97","948.09","899.21","50,220","63,216","173,954"
"2020/08/19","826.0","832.0","821.0","828.0","-1.0","42,500","35,165","0","12,600","0.00","-","0.90","826.20","842.12","900.71","947.52","897.79","52,340","63,732","176,229"
"2020/08/18","830.0","841.0","821.0","829.0","-1.0","54,200","44,927","0","13,000","0.00","-","0.80","824.40","842.80","902.91","946.75","896.36","61,160","65,164","178,266"
"2020/08/17","815.0","833.0","815.0","830.0","+8.0","57,700","47,357","0","17,300","0.00","-","0.90","824.80","844.84","905.36","945.84","894.96","56,340","66,696","180,053"
"2020/08/14","817.0","827.0","812.0","822.0","0.0","62,500","51,204","0","11,500","0.00","-","0.90","825.00","846.20","908.05","945.30","893.55","54,800","66,612","182,765"
"2020/08/13","821.0","825.0","816.0","822.0","+3.0","44,800","36,770","0","24,600","0.00","-","0.90","830.00","848.56","910.80","945.31","892.11","48,960","69,484","185,386"
"2020/08/12","816.0","824.0","815.0","819.0","-12.0","86,600","70,817","0","24,800","0.00","-","0.90","838.00","852.12","914.41","945.34","890.64","52,800","71,016","188,730"
"2020/08/11","832.0","842.0","827.0","831.0","0.0","30,100","25,125","0","25,900","0.00","-","0.90","845.20","856.48","918.84","944.59","889.16","54,540","72,332","190,950"
"2020/08/07","848.0","851.0","823.0","831.0","-16.0","50,000","41,548","0","26,700","0.00","-","0.90","843.00","859.68","923.45","945.22","887.66","58,240","82,316","195,416"
"2020/08/06","865.0","865.0","845.0","847.0","-15.0","33,300","28,449","0","27,400","0.00","-","0.90","840.40","863.40","928.39","947.22","886.20","67,300","97,540","204,156"
"2020/08/05","857.0","863.0","844.0","862.0","+7.0","64,000","54,546","0","27,400","0.00","-","0.90","839.80","865.40","932.72","948.62","884.68","79,320","103,228","207,898"
"2020/08/04","835.0","857.0","830.0","855.0","+35.0","95,300","80,694","0","25,800","0.00","-","0.80","831.60","865.88","936.47","949.40","883.06","94,260","105,860","210,406"
"2020/08/03","815.0","833.0","815.0","820.0","+2.0","48,600","39,961","0","25,800","0.00","-","0.90","829.20","866.60","940.63","951.99","881.50","86,060","105,052","214,730"
"2020/07/31","829.0","831.0","812.0","818.0","-26.0","95,300","77,981","0","25,800","0.00","-","0.90","838.00","868.16","945.39","953.96","880.14","92,760","106,608","235,265"
"2020/07/30","814.0","854.0","814.0","844.0","+23.0","93,400","78,163","0","25,800","0.00","-","0.90","846.40","869.76","948.88","956.28","878.75","84,700","108,640","238,413"
"2020/07/29","841.0","857.0","812.0","821.0","-22.0","138,700","115,189","0","26,600","0.00","-","0.90","848.40","870.60","953.08","958.34","877.24","78,400","110,288","241,630"
"2020/07/28","859.0","866.0","842.0","843.0","-21.0","54,300","46,273","0","26,500","0.00","-","0.90","853.20","872.92","958.03","960.67","875.81","59,380","110,532","250,674"
"2020/07/27","852.0","874.0","846.0","864.0","+4.0","82,100","70,700","0","26,500","0.00","-","0.80","857.00","873.28","963.31","962.59","874.29","61,560","113,036","272,025"
"2020/07/22","851.0","862.0","846.0","860.0","+6.0","55,000","46,951","0","26,500","0.00","-","0.90","861.40","872.56","965.89","965.50","872.68","62,760","115,976","274,746"
"2020/07/21","850.0","854.0","837.0","854.0","+9.0","61,900","52,284","0","26,600","0.00","-","1.60","861.60","873.40","968.96","968.56","871.08","61,920","118,708","282,646"
"2020/07/20","862.0","867.0","842.0","845.0","-17.0","43,600","37,054","0","28,500","0.00","-","1.60","863.00","874.04","971.64","973.12","869.50","59,180","126,320","287,434"
"2020/07/17","876.0","886.0","851.0","862.0","-24.0","65,200","56,459","0","29,500","0.00","-","1.60","861.60","875.60","975.73","978.28","868.03","59,880","158,204","299,545"
"2020/07/16","862.0","893.0","861.0","886.0","+25.0","88,100","77,661","0","29,500","0.00","-","0.80","858.20","884.20","981.71","982.72","866.49","62,500","177,572","332,757"
"2020/07/15","856.0","866.0","851.0","861.0","0.0","50,800","43,597","0","29,700","0.00","-","0.80","857.00","889.72","984.12","987.02","864.80","63,380","182,712","338,232"
"2020/07/14","840.0","878.0","839.0","861.0","+23.0","48,200","41,315","0","27,700","0.00","-","0.70","857.60","897.40","984.87","992.38","863.28","64,340","186,948","346,840"
"2020/07/13","846.0","854.0","831.0","838.0","-7.0","47,100","39,587","0","27,700","0.00","-","0.70","861.60","904.24","983.61","999.53","861.65","81,560","190,048","349,604"
"2020/07/10","865.0","874.0","845.0","845.0","-35.0","78,300","67,155","0","27,700","0.00","-","0.80","876.20","911.20","982.65","1,004.81","860.19","88,760","193,804","350,905"
"2020/07/09","861.0","889.0","853.0","880.0","+16.0","92,500","80,296","0","26,100","0.00","-","1.60","892.80","918.04","981.40","1,008.94","858.63","97,000","198,672","352,636"
"2020/07/08","877.0","882.0","860.0","864.0","-17.0","55,600","48,310","0","27,100","0.00","-","1.60","899.00","924.56","979.51","1,014.25","856.82","134,440","204,196","353,278"
"2020/07/07","900.0","905.0","872.0","881.0","-30.0","134,300","118,698","0","26,500","0.00","-","1.60","911.00","932.64","978.33","1,020.67","855.08","209,440","223,904","356,078"
"2020/07/06","933.0","944.0","910.0","911.0","-17.0","83,100","76,757","0","25,900","0.00","-","1.60","914.20","940.64","977.56","1,024.44","853.26","217,680","246,184","358,144"
"2020/07/03","905.0","929.0","901.0","928.0","+17.0","119,500","109,499","0","28,200","0.00","-","1.60","906.80","944.36","976.41","1,026.60","851.30","227,020","253,252","364,049"
"2020/07/02","926.0","934.0","871.0","911.0","-13.0","279,700","252,403","0","28,200","0.00","-","1.60","895.80","947.72","973.96","1,030.42","849.24","218,140","276,700","369,728"
"2020/07/01","902.0","965.0","898.0","924.0","+27.0","430,600","401,507","0","28,400","0.00","-","0.80","885.40","951.84","973.73","1,031.69","847.28","179,700","319,356","372,706"
"2020/06/30","882.0","908.0","861.0","897.0","+23.0","175,500","156,485","0","28,700","0.00","-","0.80","872.20","953.36","975.16","1,035.83","845.25","122,800","309,800","372,082"
"2020/06/29","883.0","897.0","865.0","874.0","+1.0","129,800","114,410","0","26,900","0.00","-","0.80","865.80","954.88","976.36","1,044.24","843.34","114,620","308,016","376,629"
"2020/06/26","862.0","878.0","851.0","873.0","+14.0","75,100","64,699","0","26,900","0.00","-","0.80","866.80","957.48","977.24","1,052.20","841.51","117,620","305,828","380,322"
"2020/06/25","853.0","878.0","853.0","859.0","+1.0","87,500","75,434","0","26,300","0.00","-","0.80","862.60","959.28","980.45","1,057.98","839.71","125,980","305,764","391,944"
"2020/06/24","870.0","893.0","850.0","858.0","-7.0","146,100","126,615","0","26,800","0.00","-","0.80","860.00","962.16","982.56","1,062.49","837.99","139,600","307,160","393,748"
"2020/06/23","883.0","895.0","859.0","865.0","-14.0","134,600","117,829","0","25,900","0.00","-","0.80","864.60","965.40","985.12","1,069.57","836.28","135,040","311,080","393,882"
"2020/06/22","863.0","893.0","852.0","879.0","+27.0","144,800","126,826","0","69,600","0.00","-","1.60","865.60","966.56","987.59","1,073.58","834.56","158,560","310,608","394,322"
"2020/06/19","850.0","865.0","832.0","852.0","+6.0","116,900","99,121","0","73,700","0.00","-","1.60","866.60","966.44","989.92","1,077.63","832.73","297,740","308,616","395,904"
"2020/06/18","876.0","882.0","841.0","846.0","-35.0","155,600","133,395","0","71,500","0.00","-","1.60","911.60","967.60","992.36","1,082.42","831.04","384,240","307,096","400,734"
"2020/06/17","885.0","896.0","875.0","881.0","+11.0","123,300","109,091","0","74,600","0.00","-","1.60","947.20","968.44","996.48","1,084.70","829.40","396,440","307,764","404,332"
"2020/06/16","891.0","908.0","862.0","870.0","-14.0","252,200","221,987","0","69,100","0.00","-","1.60","981.60","969.16","1,000.28","1,085.13","827.57","403,120","307,804","408,300"
"2020/06/15","957.0","970.0","860.0","884.0","-193.0","840,700","776,275","0","61,900","0.00","-","1.60","1,014.00","971.24","1,006.15","1,084.17","825.78","377,820","302,940","412,024"
"2020/06/12","982.0","1,080.0","980.0","1,077.0","+53.0","549,400","573,842","0","59,000","0.00","-","1.60","1,039.60","972.20","1,012.51","1,083.07","823.92","237,880","276,512","405,368"
"2020/06/11","1,055.0","1,069.0","1,010.0","1,024.0","-29.0","216,600","225,746","0","58,500","0.00","-","1.60","1,027.40","965.28","1,015.56","1,079.72","821.10","168,000","261,076","406,956"
"2020/06/10","1,039.0","1,058.0","1,026.0","1,053.0","+21.0","156,700","163,774","0","59,600","0.00","-","1.60","1,031.20","960.24","1,019.45","1,077.16","818.56","170,800","260,092","410,538"
"2020/06/09","1,028.0","1,043.0","1,016.0","1,032.0","+20.0","125,700","129,181","0","59,000","0.00","-","1.60","1,033.80","955.12","1,024.04","1,073.78","815.89","249,120","265,620","430,862"
"2020/06/08","1,021.0","1,038.0","1,006.0","1,012.0","-4.0","141,000","143,547","0","61,400","0.00","-","1.60","1,043.60","951.16","1,031.29","1,070.21","813.32","362,240","268,600","479,530"
"2020/06/05","1,038.0","1,038.0","1,000.0","1,016.0","-27.0","200,000","202,908","0","60,000","0.00","-","1.60","1,042.00","948.80","1,036.01","1,066.54","810.88","386,000","271,152","500,246"
"2020/06/04","1,069.0","1,085.0","1,035.0","1,043.0","-23.0","230,600","244,037","0","59,500","0.00","-","1.60","1,041.20","947.88","1,039.24","1,062.46","808.43","487,140","270,964","509,749"
"2020/06/03","1,088.0","1,097.0","1,053.0","1,066.0","-15.0","548,300","589,355","0","59,900","0.00","-","1.60","1,035.40","946.68","1,044.15","1,058.11","805.83","710,240","269,268","542,232"
"2020/06/02","1,021.0","1,087.0","1,016.0","1,081.0","+77.0","691,300","731,497","0","63,700","0.00","-","1.60","1,014.60","945.32","1,050.01","1,053.38","803.09","638,920","257,780","569,953"
"2020/06/01","1,024.0","1,024.0","996.0","1,004.0","-8.0","259,800","261,885","0","63,900","0.00","-","1.60","985.40","943.20","1,052.37","1,048.40","800.34","526,840","240,492","594,365"
"2020/05/29","1,000.0","1,044.0","975.0","1,012.0","-2.0","705,700","709,539","0","77,000","0.00","-","1.60","972.40","946.76","1,054.01","1,044.16","798.04","489,900","241,924","612,088"
"2020/05/28","1,100.0","1,112.0","1,007.0","1,014.0","+52.0","1,346,100","1,432,192","0","77,500","0.00","-","1.60","953.60","952.32","1,057.99","1,039.88","795.67","363,460","223,820","664,321"
"2020/05/27","938.0","983.0","935.0","962.0","+27.0","191,700","183,345","0","48,300","0.00","-","0.80","937.00","958.84","1,058.31","1,035.59","793.31","118,720","184,576","651,936"
"2020/05/26","945.0","955.0","928.0","935.0","-4.0","130,900","123,111","0","51,300","0.00","-","0.80","932.40","968.40","1,063.32","1,031.85","791.25","129,200","205,128","668,140"
"2020/05/25","926.0","942.0","920.0","939.0","+21.0","75,100","70,002","0","50,900","0.00","-","0.80","924.20","977.88","1,074.03","1,028.22","789.21","127,580","212,452","732,869"
"2020/05/22","920.0","926.0","909.0","918.0","-13.0","73,500","67,269","0","51,800","0.00","-","0.80","911.60","986.04","1,083.77","1,024.62","787.14","131,560","219,532","810,966"
"2020/05/21","951.0","954.0","925.0","931.0","-8.0","122,400","114,964","0","48,100","0.00","-","0.80","904.20","996.00","1,090.88","1,021.28","785.14","132,640","233,376","851,274"
"2020/05/20","892.0","948.0","892.0","939.0","+45.0","244,100","226,739","0","45,300","0.00","-","0.80","891.40","1,005.84","1,095.93","1,017.85","783.09","142,620","292,028","916,953"
"2020/05/19","886.0","899.0","867.0","894.0","+18.0","122,800","108,407","0","46,800","0.00","-","0.80","883.40","1,011.48","1,104.29","1,014.33","781.01","118,660","295,520","951,438"
"2020/05/18","873.0","887.0","861.0","876.0","-5.0","95,000","82,926","0","46,500","0.00","-","0.80","889.00","1,022.08","1,109.25","1,011.26","779.26","120,220","303,996","1,013,430"
"2020/05/15","870.0","885.0","866.0","881.0","+14.0","78,900","68,893","0","49,900","0.00","-","0.80","895.40","1,034.72","1,114.69","1,008.30","777.40","137,220","332,876","1,121,277"
"2020/05/14","890.0","893.0","866.0","867.0","-32.0","172,300","150,581","0","46,900","0.00","-","0.80","900.00","1,049.04","1,120.69","1,005.68","775.51","154,140","395,944","1,233,777"
"2020/05/13","922.0","923.0","890.0","899.0","-23.0","124,300","112,250","0","46,000","0.00","-","1.60","906.20","1,056.68","1,123.45","1,003.03","773.74","158,080","400,500","1,243,274"
"2020/05/12","910.0","926.0","900.0","922.0","+14.0","130,600","119,454","0","47,000","0.00","-","1.60","911.40","1,064.32","1,123.79","999.97","771.83","192,200","421,428","1,274,057"
"2020/05/11","915.0","917.0","898.0","908.0","+4.0","180,000","162,901","0","46,200","0.00","-","1.60","913.60","1,069.64","1,121.81","996.65","769.82","206,120","433,044","1,281,224"
"2020/05/08","907.0","923.0","896.0","904.0","+6.0","163,500","147,760","0","46,200","0.00","-","1.60","922.60","1,079.40","1,120.03","993.41","767.86","211,080","463,920","1,316,056"
"2020/05/07","919.0","923.0","893.0","898.0","-27.0","192,000","173,197","0","39,300","0.00","-","1.60","940.40","1,095.64","1,117.87","990.26","765.96","217,440","559,624","1,323,345"
"2020/05/01","930.0","979.0","895.0","925.0","-8.0","294,900","273,824","0","40,800","0.00","-","1.60","963.40","1,102.40","1,116.13","987.23","764.08","216,680","571,892","1,343,774"
"2020/04/30","971.0","971.0","924.0","933.0","-20.0","200,200","188,004","0","40,900","0.00","-","1.60","984.80","1,102.08","1,113.33","984.01","762.04","209,920","587,952","1,354,669"
"2020/04/28","974.0","981.0","951.0","953.0","-40.0","204,800","196,801","0","37,200","0.00","-","1.60","1,003.80","1,095.44","1,109.89","980.71","759.95","221,700","590,164","1,357,602"
"2020/04/27","1,000.0","1,006.0","983.0","993.0","-20.0","195,300","194,053","0","38,800","0.00","-","1.60","1,031.80","1,087.96","1,105.79","977.08","757.78","239,860","587,760","1,363,149"
"2020/04/24","1,016.0","1,029.0","991.0","1,013.0","-19.0","188,200","189,056","0","40,200","0.00","-","1.60","1,063.40","1,078.28","1,100.65","973.29","755.40","251,420","588,272","1,361,230"
"2020/04/23","1,028.0","1,055.0","1,000.0","1,032.0","+4.0","261,100","268,102","0","38,500","0.00","-","1.60","1,096.20","1,067.28","1,095.25","969.26","752.91","286,780","586,372","1,360,805"
"2020/04/22","1,068.0","1,080.0","1,023.0","1,028.0","-65.0","259,100","269,594","0","39,000","0.00","-","1.60","1,130.00","1,057.04","1,089.40","964.99","750.33","375,660","586,552","1,357,664"
"2020/04/21","1,135.0","1,140.0","1,083.0","1,093.0","-58.0","295,600","326,370","0","44,400","0.00","-","1.60","1,158.80","1,048.84","1,083.47","960.59","747.77","386,640","587,756","1,354,392"
"2020/04/20","1,190.0","1,190.0","1,150.0","1,151.0","-26.0","253,100","294,418","0","41,600","0.00","-","1.60","1,168.80","1,038.12","1,076.63","955.43","744.89","377,940","596,972","1,350,810"
"2020/04/17","1,219.0","1,219.0","1,156.0","1,177.0","-24.0","365,000","430,470","0","38,500","0.00","-","2.60","1,172.00","1,021.84","1,069.07","949.72","741.70","411,240","608,664","1,347,546"
"2020/04/16","1,240.0","1,253.0","1,195.0","1,201.0","+29.0","705,500","864,289","0","37,200","0.00","-","1.80","1,172.00","1,010.52","1,061.17","943.77","738.38","655,980","614,188","1,342,721"
"2020/04/15","1,180.0","1,184.0","1,130.0","1,172.0","+29.0","314,000","364,945","0","38,400","0.00","-","1.80","1,147.80","1,003.72","1,053.00","937.58","734.94","581,160","601,320","1,333,626"
"2020/04/14","1,170.0","1,171.0","1,115.0","1,143.0","-24.0","252,100","287,260","0","32,600","0.00","-","2.60","1,145.20","996.32","1,045.00","931.70","731.64","585,300","609,420","1,329,682"
"2020/04/13","1,220.0","1,226.0","1,156.0","1,167.0","-10.0","419,600","498,614","0","32,300","0.00","-","3.60","1,155.00","988.20","1,037.48","926.12","728.48","698,280","615,608","1,326,516"
"2020/04/10","1,161.0","1,280.0","1,155.0","1,177.0","+97.0","1,588,700","1,925,394","0","39,200","0.00","-","2.60","1,169.40","986.08","1,029.71","920.15","725.29","945,480","636,692","1,321,133"
"2020/04/09","1,171.0","1,185.0","1,075.0","1,080.0","-79.0","331,400","368,402","0","26,000","0.00","-","3.60","1,145.60","979.68","1,021.85","914.15","722.07","684,980","582,056","1,300,141"
"2020/04/08","1,176.0","1,240.0","1,158.0","1,159.0","-33.0","334,700","399,184","0","27,700","0.00","-","3.60","1,147.60","978.48","1,015.28","909.05","719.35","748,200","575,048","1,296,258"
"2020/04/07","1,215.0","1,269.0","1,142.0","1,192.0","-47.0","817,000","986,626","0","24,200","0.00","-","3.60","1,126.80","974.12","1,007.65","903.12","716.05","765,460","568,364","1,292,206"
"2020/04/06","1,148.0","1,338.0","1,130.0","1,239.0","+181.0","1,655,600","2,051,917","0","21,300","0.00","-","3.60","1,118.80","968.60","999.49","896.83","712.57","792,440","546,220","1,282,992"
"2020/04/03","1,141.0","1,158.0","1,012.0","1,058.0","-32.0","286,200","308,738","0","23,100","0.00","-","4.60","1,133.00","960.44","991.23","890.08","708.87","972,540","499,164","1,262,366"
"2020/04/02","1,035.0","1,193.0","1,030.0","1,090.0","+35.0","647,500","726,301","0","25,800","0.00","-","4.80","1,134.80","964.32","985.15","885.14","706.07","1,015,040","504,732","1,259,045"
"2020/04/01","1,149.0","1,149.0","1,055.0","1,055.0","-97.0","421,000","461,060","0","23,600","0.00","-","5.10","1,100.20","967.36","978.52","879.93","703.09","1,024,820","495,668","1,250,910"
"2020/03/31","1,250.0","1,276.0","1,152.0","1,152.0","-158.0","951,900","1,155,692","0","21,700","0.00","-","5.30","1,042.60","977.56","972.32","875.03","700.26","991,720","500,088","1,245,492"
"2020/03/30","1,305.0","1,350.0","1,152.0","1,310.0","+243.0","2,556,100","3,232,068","0","22,700","0.00","-","4.60","965.40","985.92","964.75","868.98","697.00","830,280","475,672","1,233,128"
"2020/03/27","1,050.0","1,067.0","1,023.0","1,067.0","+150.0","498,700","527,246","0","15,900","0.00","-","3.60","853.60","985.76","955.13","861.40","692.92","360,680","400,168","1,199,357"
"2020/03/26","768.0","917.0","768.0","917.0","+150.0","696,400","615,408","0","24,800","0.00","-","1.70","787.80","995.72","948.84","856.30","690.11","289,080","399,632","1,193,022"
"2020/03/25","796.0","798.0","766.0","767.0","+1.0","255,500","199,263","0","22,700","0.00","-","2.60","759.60","1,014.92","944.65","852.58","688.03","202,920","439,016","1,184,113"
"2020/03/24","766.0","795.0","757.0","766.0","+15.0","144,700","112,231","0","23,100","0.00","-","2.60","770.80","1,047.28","942.47","850.32","686.71","209,660","579,828","1,181,246"
"2020/03/23","783.0","797.0","740.0","751.0","+13.0","208,100","158,139","0","22,900","0.00","-","2.60","782.60","1,071.28","940.12","848.06","685.42","285,920","641,828","1,180,572"
"2020/03/19","813.0","822.0","738.0","738.0","-38.0","140,700","109,418","0","21,900","0.00","-","2.60","781.20","1,091.56","938.29","845.97","684.23","353,380","670,012","1,181,901"
"2020/03/18","831.0","870.0","773.0","776.0","-47.0","265,600","217,802","0","22,500","0.00","-","2.60","812.40","1,118.48","936.59","844.07","683.10","425,860","771,056","1,180,586"
"2020/03/17","765.0","881.0","765.0","823.0","-2.0","289,200","238,361","0","22,000","0.00","-","2.60","863.40","1,147.68","934.31","841.79","681.79","449,500","865,528","1,177,982"
"2020/03/16","780.0","890.0","764.0","825.0","+81.0","526,000","436,511","0","21,900","0.00","-","2.60","896.20","1,165.08","931.17","838.90","680.24","494,960","954,848","1,174,381"
"2020/03/13","804.0","817.0","744.0","744.0","-150.0","545,400","416,109","0","27,300","0.00","-","2.80","919.20","1,177.16","927.87","835.94","678.66","471,120","997,368","1,167,581"
"2020/03/12","941.0","1,003.0","842.0","894.0","-137.0","503,100","464,612","0","23,600","0.00","-","3.60","993.20","1,199.80","925.68","833.72","677.48","551,380","1,160,480","1,160,504"
"2020/03/11","972.0","1,063.0","955.0","1,031.0","+44.0","383,800","391,928","0","24,000","0.00","-","3.60","1,017.80","1,205.56","921.52","830.10","675.51","495,320","1,157,044","1,154,010"
"2020/03/10","835.0","1,024.0","790.0","987.0","+47.0","516,500","455,684","0","26,600","0.00","-","3.60","1,021.60","1,217.84","915.53","825.18","672.84","449,800","1,197,972","1,149,152"
"2020/03/09","1,024.0","1,035.0","921.0","940.0","-174.0","406,800","396,503","0","31,400","0.00","-","3.60","1,034.20","1,247.88","910.16","820.73","670.39","380,020","1,376,736","1,142,605"
"2020/03/06","1,047.0","1,227.0","1,004.0","1,114.0","+97.0","946,700","1,081,459","0","27,600","0.00","-","2.60","1,057.00","1,277.08","905.43","816.72","668.17","351,340","1,597,760","1,137,753"
"2020/03/05","1,046.0","1,081.0","990.0","1,017.0","-33.0","222,800","227,095","0","30,500","0.00","-","2.60","1,041.20","1,290.56","898.17","811.01","665.10","257,840","1,683,756","1,125,521"
"2020/03/04","1,040.0","1,071.0","1,031.0","1,050.0","0.0","156,200","163,805","0","31,300","0.00","-","2.60","1,068.80","1,302.28","892.31","806.31","662.53","298,360","1,876,776","1,122,744"
"2020/03/03","1,100.0","1,118.0","1,042.0","1,050.0","-4.0","167,600","180,592","0","37,400","0.00","-","2.60","1,092.00","1,322.92","885.91","801.22","659.74","351,300","1,983,748","1,120,962"
"2020/03/02","1,035.0","1,089.0","999.0","1,054.0","+19.0","263,400","273,515","0","38,000","0.00","-","2.60","1,144.00","1,331.56","879.45","796.14","656.99","424,080","2,167,932","1,118,846"
"2020/02/28","1,121.0","1,121.0","990.0","1,035.0","-120.0","479,200","497,080","0","42,400","0.00","-","2.60","1,205.40","1,340.76","872.91","790.95","654.21","439,700","2,484,736","1,115,641"
"2020/02/27","1,205.0","1,268.0","1,138.0","1,155.0","-11.0","425,400","513,571","0","38,400","0.00","-","2.70","1,259.60","1,352.60","866.63","785.98","651.49","477,560","2,806,224","1,109,362"
"2020/02/26","1,304.0","1,335.0","1,160.0","1,166.0","-144.0","420,900","510,659","0","31,200","0.00","-","3.60","1,291.80","1,349.36","858.75","779.86","648.17","489,540","2,824,592","1,103,880"
"2020/02/25","1,405.0","1,444.0","1,290.0","1,310.0","-51.0","531,500","721,753","0","54,400","0.00","-","3.70","1,338.00","1,339.68","850.79","773.60","644.80","741,560","2,905,076","1,098,536"
"2020/02/21","1,319.0","1,382.0","1,313.0","1,361.0","+55.0","341,500","458,240","0","55,900","0.00","-","4.60","1,391.20","1,318.24","840.85","765.87","640.81","1,390,420","2,910,540","1,091,748"
"2020/02/20","1,265.0","1,409.0","1,231.0","1,306.0","-10.0","668,500","886,061","0","58,600","0.00","-","3.70","1,392.20","1,294.76","830.00","757.78","636.56","1,661,060","3,008,576","1,087,297"
"2020/02/19","1,379.0","1,379.0","1,258.0","1,316.0","-81.0","485,300","640,606","0","60,800","0.00","-","4.60","1,382.60","1,272.20","819.95","750.26","632.55","1,709,900","3,010,244","1,078,457"
"2020/02/18","1,550.0","1,578.0","1,300.0","1,397.0","-179.0","1,681,000","2,401,117","0","58,600","0.00","-","5.60","1,401.60","1,250.28","809.83","742.57","628.52","2,146,200","3,059,800","1,072,308"
"2020/02/17","1,450.0","1,639.0","1,426.0","1,576.0","+210.0","3,775,800","5,875,998","0","66,400","0.00","-","5.70","1,423.40","1,223.00","798.47","734.17","624.08","2,335,480","3,037,040","1,049,950"
"2020/02/14","1,436.0","1,490.0","1,331.0","1,366.0","+108.0","1,694,700","2,369,940","0","63,100","0.00","-","5.00","1,359.80","1,186.96","784.67","723.76","618.73","2,084,760","2,902,816","999,770"
"2020/02/13","1,302.0","1,355.0","1,220.0","1,258.0","-153.0","912,700","1,159,306","0","68,600","0.00","-","5.40","1,312.00","1,158.12","773.65","715.57","614.46","2,063,620","2,859,860","977,270"
"2020/02/12","1,466.0","1,600.0","1,381.0","1,411.0","-95.0","2,666,800","3,976,852","0","69,700","0.00","-","5.50","1,322.40","1,132.12","764.11","708.31","610.73","2,805,720","2,825,408","965,222"
"2020/02/10","1,408.0","1,550.0","1,380.0","1,506.0","+248.0","2,627,400","3,885,956","0","92,000","0.00","-","4.90","1,247.80","1,100.00","752.60","699.38","606.25","2,355,800","2,724,988","929,782"
"2020/02/07","1,230.0","1,353.0","1,168.0","1,258.0","+131.0","2,522,200","3,208,454","0","91,400","0.00","-","5.20","1,214.20","1,063.48","739.83","689.48","601.29","2,111,720","2,620,912","894,910"
"2020/02/06","1,280.0","1,324.0","1,046.0","1,127.0","-183.0","1,589,000","1,837,081","0","113,600","0.00","-","5.20","1,310.20","1,036.48","730.17","682.08","597.60","2,604,400","2,520,572","861,473"
"2020/02/05","1,009.0","1,338.0","1,005.0","1,310.0","+272.0","4,623,200","5,642,985","0","114,900","0.00","-","4.70","1,418.80","1,014.60","722.20","675.99","594.55","3,473,080","2,458,092","840,388"
"2020/02/04","1,038.0","1,038.0","1,038.0","1,038.0","-300.0","417,200","433,054","0","153,500","0.00","-","5.80","1,447.00","985.56","711.69","668.06","590.57","3,167,760","2,273,496","779,068"
"2020/02/03","1,600.0","1,658.0","1,338.0","1,338.0","-400.0","1,407,000","2,063,059","0","127,400","0.00","-","6.20","1,501.40","967.44","704.95","662.86","587.95","4,093,980","2,256,932","773,776"
"2020/01/31","1,820.0","1,995.0","1,500.0","1,738.0","+68.0","4,985,600","8,794,757","0","137,500","0.00","-","5.80","1,547.00","937.44","694.29","654.66","583.84","4,378,680","2,201,588","755,086"
"2020/01/30","1,421.0","1,751.0","1,417.0","1,670.0","+219.0","5,932,400","9,791,449","0","146,400","0.00","-","4.60","1,452.60","890.80","678.35","642.43","577.74","4,336,000","2,002,892","688,768"
"2020/01/29","1,368.0","1,493.0","1,362.0","1,451.0","+141.0","3,096,600","4,470,721","0","128,400","0.00","-","4.60","1,375.40","847.16","663.27","630.82","571.96","4,786,220","1,766,180","609,809"
"2020/01/28","1,566.0","1,566.0","1,210.0","1,310.0","-256.0","5,048,300","7,152,797","0","129,800","0.00","-","4.50","1,351.40","812.48","651.16","621.43","567.28","5,870,180","1,642,952","568,665"
"2020/01/27","1,466.0","1,566.0","1,450.0","1,566.0","+300.0","2,830,500","4,293,566","0","103,600","0.00","-","3.70","1,304.20","783.60","640.99","613.49","563.30","5,037,440","1,441,592","501,600"
"2020/01/24","1,264.0","1,317.0","1,171.0","1,266.0","-18.0","4,772,200","5,959,861","0","76,800","0.00","-","3.80","1,175.80","744.44","627.32","602.99","558.04","4,957,940","1,329,980","464,072"
"2020/01/23","1,241.0","1,429.0","1,216.0","1,284.0","-47.0","8,183,500","10,668,750","0","85,800","0.00","-","3.80","1,077.40","717.28","617.67","595.53","554.26","4,137,120","1,140,324","400,676"
"2020/01/22","1,314.0","1,369.0","1,152.0","1,331.0","+257.0","8,516,400","10,855,047","0","89,400","0.00","-","3.20","975.40","689.12","607.68","587.83","550.37","3,058,900","818,020","291,622"
"2020/01/21","1,069.0","1,074.0","1,051.0","1,074.0","+150.0","884,600","946,799","0","53,000","0.00","-","2.90","857.60","660.64","597.11","579.66","546.22","1,497,660","481,712","178,186"
"2020/01/20","847.0","924.0","818.0","924.0","+150.0","2,433,000","2,150,950","0","41,000","0.00","-","2.80","796.40","641.76","590.03","574.09","543.36","1,665,580","447,812","166,586"
"2020/01/17","789.0","815.0","761.0","774.0","0.0","668,100","522,757","0","36,800","0.00","-","2.90","754.60","628.52","584.91","570.00","541.25","1,401,380","351,988","134,308"
"2020/01/16","892.0","892.0","768.0","774.0","+32.0","2,792,400","2,345,607","0","28,300","0.00","-","2.50","734.80","621.16","581.75","567.39","539.88","1,351,800","325,848","125,870"
"2020/01/15","753.0","792.0","737.0","742.0","-26.0","710,200","544,458","0","16,300","0.00","-","2.50","709.00","613.56","578.79","564.76","538.50","917,480","215,136","88,942"
"2020/01/14","750.0","837.0","731.0","768.0","+53.0","1,724,200","1,356,790","0","17,500","0.00","-","2.80","682.20","607.44","576.28","562.48","537.25","785,720","187,660","80,301"
"2020/01/10","720.0","750.0","682.0","715.0","+40.0","1,112,000","798,507","0","13,900","0.00","-","2.70","650.20","600.52","573.33","559.95","535.89","472,140","119,636","57,920"
"2020/01/09","625.0","682.0","623.0","675.0","+30.0","420,200","278,007","0","9,600","0.00","-","2.60","625.80","596.04","571.23","558.00","534.81","254,840","76,284","44,177"
"2020/01/08","612.0","685.0","612.0","645.0","+37.0","620,800","405,058","0","8,000","0.00","-","2.50","607.40","593.16","569.36","556.43","533.96","173,540","61,096","39,377"
"2020/01/07","607.0","612.0","591.0","608.0","0.0","51,400","31,069","0","5,700","0.00","-","2.50","594.40","590.96","568.05","555.21","533.20","54,780","40,028","36,385"
"2020/01/06","611.0","628.0","602.0","608.0","+15.0","156,300","96,174","0","6,000","0.00","-","2.40","589.60","591.20","567.04","554.40","532.65","46,160","50,284","35,978"
"2019/12/30","589.0","598.0","587.0","593.0","+10.0","25,500","15,103","0","5,900","0.00","-","2.40","585.00","591.28","565.84","553.55","532.15","15,520","45,716","34,094"
"2019/12/27","590.0","590.0","582.0","583.0","+3.0","13,700","8,047","0","5,800","0.00","-","2.40","584.00","591.76","564.81","552.79","531.69","15,100","47,508","33,836"
"2019/12/26","586.0","591.0","578.0","580.0","-4.0","27,000","15,764","0","5,800","0.00","-","2.40","581.80","591.96","563.95","552.28","531.30","16,000","47,724","33,745"
"2019/12/25","585.0","586.0","581.0","584.0","-1.0","8,300","4,848","0","5,900","0.00","-","2.40","581.60","591.84","563.12","551.91","530.90","13,520","47,284","33,545"
"2019/12/24","587.0","587.0","582.0","585.0","-3.0","3,100","1,811","0","5,900","0.00","-","2.40","581.60","591.68","562.23","551.46","530.47","15,040","47,536","33,469"
"2019/12/23","574.0","589.0","574.0","588.0","+16.0","23,400","13,595","0","5,900","0.00","-","2.40","582.20","591.56","561.33","551.02","530.03","17,280","48,056","33,500"
"2019/12/20","579.0","583.0","572.0","572.0","-7.0","18,200","10,507","0","5,900","0.00","-","2.40","582.00","591.32","560.40","550.64","529.58","20,640","47,896","33,324"
"2019/12/19","584.0","584.0","576.0","579.0","-5.0","14,600","8,452","0","5,900","0.00","-","2.40","585.00","591.80","559.64","550.20","529.21","23,160","48,188","33,150"
"2019/12/18","585.0","587.0","580.0","584.0","-4.0","15,900","9,268","0","7,700","0.00","-","2.40","585.20","592.04","558.71","549.66","528.81","45,420","49,320","33,030"
"2019/12/17","587.0","595.0","584.0","588.0","+1.0","14,300","8,411","0","7,700","0.00","-","2.40","592.20","591.48","557.75","549.00","528.38","63,980","49,856","32,930"
"2019/12/16","592.0","598.0","580.0","587.0","0.0","40,200","23,667","0","7,700","0.00","-","2.40","595.00","591.04","556.79","548.33","527.95","68,540","49,864","32,992"
"2019/12/13","580.0","590.0","580.0","587.0","+7.0","30,800","17,971","0","6,300","0.00","-","2.40","596.20","590.36","555.84","547.69","527.50","67,980","49,160","32,514"
"2019/12/12","592.0","593.0","576.0","580.0","-39.0","125,900","73,519","0","7,900","0.00","-","2.50","596.80","589.52","554.95","547.26","527.06","64,740","48,284","32,245"
"2019/12/11","604.0","627.0","604.0","619.0","+17.0","108,700","66,967","0","12,000","0.00","-","2.40","597.60","588.84","554.07","546.49","526.68","44,480","44,168","30,658"
"2019/12/10","598.0","602.0","593.0","602.0","+9.0","37,100","22,181","0","9,400","0.00","-","2.40","591.60","586.64","552.67","545.33","526.09","27,400","40,152","29,252"
"2019/12/09","595.0","599.0","590.0","593.0","+3.0","37,400","22,189","0","5,900","0.00","-","2.40","590.20","585.12","551.53","544.44","525.58","24,700","39,236","28,818"
"2019/12/06","586.0","590.0","581.0","590.0","+6.0","14,600","8,563","0","6,100","0.00","-","2.40","592.20","584.16","550.49","543.69","525.14","22,860","38,544","28,381"
"2019/12/05","594.0","594.0","584.0","584.0","-5.0","24,600","14,506","0","7,300","0.00","-","2.40","594.80","583.16","549.47","542.98","524.72","28,040","38,856","28,352"
"2019/12/04","590.0","592.0","583.0","589.0","-6.0","23,300","13,713","0","6,600","0.00","-","2.40","596.00","581.68","548.49","542.31","524.45","41,940","38,180","28,130"
"2019/12/03","598.0","598.0","589.0","595.0","-8.0","23,600","14,013","0","6,900","0.00","-","2.40","601.00","580.20","547.49","541.65","524.02","98,840","37,468","27,942"
"2019/12/02","601.0","603.0","590.0","603.0","0.0","28,200","16,883","0","7,700","0.00","-","2.40","604.00","578.68","546.43","540.92","523.42","102,540","37,488","27,848"
"2019/11/29","586.0","603.0","580.0","603.0","+13.0","40,500","23,821","0","7,000","0.00","-","2.40","604.40","576.36","545.32","540.06","522.84","110,960","36,528","27,504"
"2019/11/28","614.0","614.0","585.0","590.0","-24.0","94,100","56,264","0","8,500","0.00","-","2.40","601.40","573.88","544.19","539.19","522.23","106,680","35,400","27,160"
"2019/11/27","630.0","633.0","611.0","614.0","+4.0","307,800","191,743","0","8,200","0.00","-","2.40","598.80","571.88","543.29","538.47","521.70","91,060","31,924","26,020"
"2019/11/26","605.0","614.0","595.0","610.0","+5.0","42,100","25,389","0","5,000","0.00","-","2.40","592.00","569.00","542.13","537.51","521.07","32,420","19,976","22,098"
"2019/11/25","586.0","605.0","571.0","605.0","+17.0","70,300","41,652","0","4,200","0.00","-","2.40","586.40","566.52","540.97","536.56","520.47","27,220","18,644","21,901"
"2019/11/22","581.0","588.0","578.0","588.0","+11.0","19,100","11,133","0","3,300","0.00","-","2.30","581.80","564.24","539.80","535.67","519.86","17,040","16,312","21,442"
"2019/11/21","580.0","584.0","575.0","577.0","-3.0","16,000","9,265","0","2,400","0.00","-","2.30","581.00","562.08","539.05","534.94","519.31","18,320","16,124","21,394"
"2019/11/20","581.0","584.0","577.0","580.0","-2.0","14,600","8,472","0","2,400","0.00","-","2.30","582.60","560.16","538.60","534.34","518.86","23,700","15,788","21,340"
"2019/11/19","586.0","586.0","578.0","582.0","0.0","16,100","9,356","0","3,400","0.00","-","2.30","580.60","557.84","538.05","533.67","518.39","26,640","16,172","21,454"
"2019/11/18","581.0","585.0","579.0","582.0","-2.0","19,400","11,292","0","3,400","0.00","-","2.30","579.60","555.84","537.51","532.98","517.90","26,320","16,340","22,356"
"2019/11/15","580.0","587.0","578.0","584.0","-1.0","25,500","14,844","0","6,600","0.00","-","2.40","577.20","554.12","537.08","532.29","517.40","26,960","15,776","23,454"
"2019/11/14","585.0","585.0","574.0","585.0","+15.0","42,900","24,962","0","3,400","0.00","-","2.30","573.60","552.44","536.33","531.57","516.89","23,640","15,224","23,264"
"2019/11/13","579.0","581.0","568.0","570.0","-7.0","29,300","16,769","0","4,200","0.00","-","2.40","569.20","550.60","535.53","530.84","516.37","19,660","13,928","22,889"
"2019/11/12","571.0","582.0","571.0","577.0","+7.0","14,500","8,366","0","4,200","0.00","-","2.30","568.00","549.52","534.84","530.42","515.92","15,460","13,188","22,853"
"2019/11/11","568.0","572.0","564.0","570.0","+4.0","22,600","12,870","0","5,700","0.00","-","2.30","565.40","548.32","534.09","529.98","515.43","15,400","13,344","22,844"
"2019/11/08","566.0","567.0","562.0","566.0","+3.0","8,900","5,023","0","5,700","0.00","-","2.30","565.20","547.16","533.47","529.65","514.96","14,900","13,076","23,657"
"2019/11/07","564.0","565.0","553.0","563.0","-1.0","23,000","12,888","0","6,200","0.00","-","2.30","565.00","546.20","533.17","528.98","514.49","17,600","13,420","29,892"
"2019/11/06","564.0","564.0","561.0","564.0","0.0","8,300","4,676","0","6,200","0.00","-","2.30","561.80","545.08","532.37","528.31","514.04","14,540","12,680","29,670"
"2019/11/05","570.0","572.0","564.0","564.0","-5.0","14,200","8,066","0","6,200","0.00","-","2.30","559.40","544.04","531.56","527.66","513.58","13,980","12,696","29,800"
"2019/11/01","564.0","573.0","559.0","569.0","+4.0","20,100","11,365","0","6,200","0.00","-","2.30","558.00","543.20","530.88","527.00","513.07","15,960","12,712","29,697"
"2019/10/31","553.0","567.0","551.0","565.0","+18.0","22,400","12,495","0","6,200","0.00","-","2.30","553.20","542.04","530.20","526.25","512.44","12,780","12,392","29,540"
"2019/10/30","555.0","555.0","547.0","547.0","-5.0","7,700","4,231","0","6,200","0.00","-","2.30","548.40","540.92","529.59","525.49","511.77","10,760","12,908","29,305"
"2019/10/29","557.0","557.0","551.0","552.0","-5.0","5,500","3,044","0","8,500","0.00","-","2.30","547.00","541.12","529.19","525.02","511.19","10,660","13,512","29,261"
"2019/10/28","544.0","558.0","544.0","557.0","+12.0","24,100","13,288","0","8,500","0.00","-","2.30","545.00","541.20","528.80","524.44","510.44","11,380","15,776","29,333"
"2019/10/25","541.0","546.0","541.0","545.0","+4.0","4,200","2,285","0","7,100","0.00","-","2.30","543.20","540.80","528.33","523.91","509.62","8,320","16,636","29,084"
"2019/10/24","543.0","543.0","539.0","541.0","+1.0","12,300","6,645","0","7,100","0.00","-","2.30","543.80","541.28","527.96","523.48","509.06","9,880","19,720","29,046"
"2019/10/23","545.0","545.0","539.0","540.0","-2.0","7,200","3,898","0","7,100","0.00","-","2.30","542.40","541.04","527.63","523.09","508.80","10,300","21,636","28,902"
"2019/10/21","547.0","547.0","540.0","542.0","-6.0","9,100","4,937","0","7,100","0.00","-","2.30","540.20","541.32","527.33","522.78","508.70","10,380","37,204","28,880"
"2019/10/18","546.0","548.0","542.0","548.0","0.0","8,800","4,804","0","7,100","0.00","-","2.30","536.20","540.92","527.01","522.48","508.62","13,400","37,676","28,822"
"2019/10/17","534.0","548.0","534.0","548.0","+14.0","12,000","6,502","0","7,600","0.00","-","2.20","533.00","539.72","526.57","522.13","508.55","15,700","37,924","28,785"
"2019/10/16","528.0","534.0","523.0","534.0","+5.0","14,400","7,608","0","7,900","0.00","-","2.20","531.20","538.44","526.15","521.78","508.59","14,360","37,688","28,692"
"2019/10/15","532.0","532.0","529.0","529.0","+7.0","7,600","4,033","0","7,900","0.00","-","2.20","532.80","537.80","525.89","521.57","508.69","13,820","37,388","28,514"
"2019/10/11","536.0","536.0","522.0","522.0","-10.0","24,200","12,764","0","7,900","0.00","-","2.20","534.80","537.36","525.73","521.37","508.84","14,400","37,564","28,517"
"2019/10/10","540.0","540.0","529.0","532.0","-7.0","20,300","10,831","0","7,900","0.00","-","2.20","539.00","537.16","525.61","521.23","509.02","11,720","36,700","28,256"
"2019/10/09","539.0","540.0","538.0","539.0","-3.0","5,300","2,857","0","7,200","0.00","-","2.30","542.00","536.60","525.36","520.91","509.16","11,340","36,104","28,132"
"2019/10/08","540.0","543.0","537.0","542.0","+3.0","11,700","6,311","0","7,200","0.00","-","2.20","542.40","535.76","525.01","520.50","509.30","13,460","36,300","28,338"
"2019/10/07","543.0","544.0","538.0","539.0","-4.0","10,500","5,680","0","7,200","0.00","-","2.20","542.40","534.68","524.61","520.04","509.44","14,620","36,040","28,421"
"2019/10/04","541.0","547.0","541.0","543.0","-4.0","10,800","5,885","0","7,100","0.00","-","2.20","541.60","533.48","524.25","519.61","509.64","13,420","35,844","28,481"
"2019/10/03","537.0","547.0","535.0","547.0","+6.0","18,400","9,994","0","7,100","0.00","-","2.20","540.60","532.24","524.05","519.18","509.80","13,000","35,748","29,420"
"2019/10/02","542.0","546.0","540.0","541.0","-1.0","15,900","8,621","0","7,900","0.00","-","2.20","539.80","531.00","523.87","518.74","509.96","12,240","35,768","29,677"
"2019/10/01","535.0","546.0","535.0","542.0","+7.0","17,500","9,467","0","7,900","0.00","-","2.20","539.60","530.00","523.81","518.25","510.15","11,480","35,308","31,850"
"2019/09/30","536.0","538.0","534.0","535.0","-3.0","4,500","2,410","0","8,600","0.00","-","2.20","538.60","529.12","523.24","517.83","510.36","15,040","35,032","31,765"
"2019/09/27","540.0","540.0","535.0","538.0","-5.0","8,700","4,674","0","8,600","0.00","-","2.20","542.00","528.28","522.72","517.47","510.58","18,700","35,128","31,738"
"2019/09/26","540.0","543.0","536.0","543.0","+3.0","14,600","7,875","0","7,900","0.00","-","2.20","545.20","527.32","522.20","517.00","510.78","29,380","34,908","31,646"
"2019/09/25","540.0","544.0","534.0","540.0","+3.0","12,100","6,520","0","7,900","0.00","-","2.20","546.00","526.28","521.60","516.48","510.93","35,580","34,508","31,566"
"2019/09/24","553.0","553.0","530.0","537.0","-15.0","35,300","19,114","0","7,900","0.00","-","2.30","549.40","525.28","520.99","516.00","511.10","49,420","34,208","31,456"
"2019/09/20","550.0","552.0","543.0","552.0","-2.0","22,800","12,486","0","8,400","0.00","-","2.30","549.00","524.32","520.35","515.75","511.28","54,400","33,292","31,202"
"2019/09/19","543.0","569.0","543.0","554.0","+7.0","62,100","34,529","0","7,900","0.00","-","2.20","548.00","522.68","519.65","515.33","511.38","129,120","32,700","30,946"
"2019/09/18","553.0","557.0","540.0","547.0","-10.0","45,600","24,889","0","8,200","0.00","-","2.30","543.60","521.08","518.85","514.84","511.47","120,880","30,584","30,178"
"2019/09/17","549.0","570.0","545.0","557.0","+22.0","81,300","45,450","0","9,100","0.00","-","2.20","537.80","519.80","518.28","514.47","511.62","114,760","29,420","29,585"
"2019/09/13","551.0","552.0","529.0","535.0","-12.0","60,200","32,385","0","10,200","0.00","-","2.30","529.60","518.32","517.55","513.99","511.73","99,720","26,264","28,561"
"2019/09/12","579.0","592.0","540.0","547.0","+15.0","396,400","225,748","0","9,600","0.00","-","2.20","526.20","517.64","517.11","513.70","511.98","89,060","24,444","27,798"
"2019/09/11","518.0","534.0","517.0","532.0","+14.0","20,900","10,960","0","7,700","0.00","-","2.20","520.40","516.68","516.60","513.35","512.16","12,180","8,932","22,530"
"2019/09/10","516.0","523.0","515.0","518.0","+2.0","15,000","7,766","0","7,800","0.00","-","2.20","517.40","516.48","516.33","513.15","512.45","8,520","8,644","22,261"
"2019/09/09","515.0","518.0","514.0","516.0","-2.0","6,100","3,144","0","7,800","0.00","-","2.20","517.40","516.68","516.27","513.11","512.74","6,600","9,136","22,108"
"2019/09/06","517.0","520.0","516.0","518.0","0.0","6,900","3,571","0","7,800","0.00","-","2.20","517.80","516.72","516.23","513.10","513.04","7,420","10,328","22,126"
"2019/09/05","517.0","523.0","517.0","518.0","+1.0","12,000","6,242","0","7,900","0.00","-","2.20","517.20","517.28","516.16","513.11","513.32","7,080","10,672","22,264"
"2019/09/04","514.0","518.0","514.0","517.0","-1.0","2,600","1,340","0","8,700","0.00","-","2.20","515.40","518.28","516.04","513.10","513.60","5,800","10,668","22,364"
"2019/09/03","517.0","518.0","514.0","518.0","0.0","5,400","2,786","0","8,600","0.00","-","2.20","514.40","519.16","515.92","513.07","513.89","6,960","11,492","22,433"
"2019/09/02","516.0","518.0","511.0","518.0","+3.0","10,200","5,247","0","10,600","0.00","-","2.20","514.00","520.08","515.68","513.04","514.15","9,660","14,624","22,401"
"2019/08/30","516.0","516.0","508.0","515.0","+6.0","5,200","2,657","0","8,700","0.00","-","2.10","513.60","521.36","515.41","513.02","514.40","8,500","18,288","22,270"
"2019/08/29","512.0","513.0","508.0","509.0","-3.0","5,600","2,861","0","8,800","0.00","-","2.10","514.60","521.88","515.16","513.05","514.65","9,580","18,528","22,250"
"2019/08/28","517.0","519.0","510.0","512.0","-4.0","8,400","4,327","0","11,500","0.00","-","2.20","515.60","522.52","514.99","513.10","514.89","9,840","18,896","22,241"
"2019/08/27","514.0","524.0","512.0","516.0","0.0","18,900","9,780","0","11,000","0.00","-","2.20","516.00","522.76","514.83","513.12","515.15","8,800","19,624","22,176"
"2019/08/26","515.0","516.0","511.0","516.0","-4.0","4,400","2,263","0","11,100","0.00","-","2.20","516.20","522.96","514.65","513.10","515.44","5,940","19,420","22,050"
"2019/08/23","516.0","523.0","516.0","520.0","+6.0","10,600","5,511","0","11,000","0.00","-","2.20","516.00","523.24","514.33","513.09","515.72","5,980","22,588","22,090"
"2019/08/22","520.0","520.0","513.0","514.0","0.0","6,900","3,565","0","9,200","0.00","-","2.20","514.60","524.20","514.07","512.99","516.04","6,340","41,224","22,005"
"2019/08/21","518.0","518.0","514.0","514.0","-3.0","3,200","1,652","0","9,600","0.00","-","2.20","514.00","523.76","513.87","512.90","516.39","6,560","41,204","22,041"
"2019/08/20","517.0","519.0","516.0","517.0","+2.0","4,600","2,378","0","9,500","0.00","-","2.20","514.00","523.32","513.56","512.77","516.76","7,760","41,796","22,068"
"2019/08/19","513.0","518.0","513.0","515.0","+2.0","4,600","2,369","0","9,700","0.00","-","2.10","513.60","523.16","513.21","512.62","517.11","10,140","41,872","22,054"
"2019/08/16","511.0","516.0","511.0","513.0","+2.0","12,400","6,376","0","9,600","0.00","-","2.10","514.60","523.28","512.91","512.50","517.48","9,700","42,020","22,168"
"2019/08/15","510.0","517.0","510.0","511.0","-3.0","8,000","4,098","0","9,500","0.00","-","2.20","515.60","523.52","512.89","512.36","517.89","10,160","41,716","22,092"
"2019/08/14","513.0","518.0","513.0","514.0","-1.0","9,200","4,739","0","9,300","0.00","-","2.10","518.00","523.76","512.88","512.24","518.33","10,280","41,572","22,228"
"2019/08/13","518.0","523.0","511.0","515.0","-5.0","16,500","8,520","0","10,400","0.00","-","2.20","520.60","524.12","512.76","512.02","518.63","11,180","41,640","22,240"
"2019/08/09","519.0","523.0","519.0","520.0","+2.0","2,400","1,252","0","10,400","0.00","-","2.20","522.20","524.40","512.69","511.82","518.91","13,340","41,196","22,161"
"2019/08/08","526.0","527.0","516.0","518.0","-5.0","14,700","7,668","0","10,500","0.00","-","2.20","521.60","524.28","512.55","511.62","519.16","20,040","41,156","22,204"
"2019/08/07","523.0","527.0","523.0","523.0","-4.0","8,600","4,510","0","10,400","0.00","-","2.20","524.40","524.20","512.39","511.49","519.48","20,200","40,628","22,192"
"2019/08/06","509.0","527.0","509.0","527.0","+4.0","13,700","7,096","0","10,500","0.00","-","2.20","528.40","524.00","512.24","511.19","519.78","20,860","40,504","22,178"
"2019/08/05","526.0","531.0","515.0","523.0","+6.0","27,300","14,242","0","10,700","0.00","-","2.20","530.80","523.64","512.04","510.89","520.06","22,760","40,148","22,018"
"2019/08/02","530.0","530.0","511.0","517.0","-15.0","35,900","18,702","0","10,000","0.00","-","2.20","534.40","523.32","511.92","510.75","520.38","34,040","39,296","21,721"
"2019/08/01","539.0","539.0","531.0","532.0","-11.0","15,500","8,288","0","12,200","0.00","-","2.20","541.00","523.28","511.89","510.59","520.74","47,220","38,060","21,296"
"2019/07/31","539.0","548.0","536.0","543.0","+4.0","11,900","6,462","0","15,000","0.00","-","2.20","540.20","522.60","511.72","510.31","521.03","46,360","37,484","21,145"
"2019/07/30","547.0","547.0","538.0","539.0","-2.0","23,200","12,584","0","15,100","0.00","-","2.20","536.60","521.56","511.37","509.88","521.25","46,940","37,320","21,025"
"2019/07/29","558.0","564.0","530.0","541.0","-9.0","83,700","46,147","0","15,000","0.00","-","2.30","532.40","520.52","511.04","509.48","521.48","47,620","36,576","20,806"
"2019/07/26","531.0","566.0","531.0","550.0","+22.0","101,800","55,669","0","15,100","0.00","-","2.20","528.40","519.40","510.69","509.03","521.71","33,640","33,668","19,725"
"2019/07/25","523.0","530.0","522.0","528.0","+3.0","11,200","5,887","0","12,800","0.00","-","2.20","523.00","517.92","510.24","508.51","521.90","30,000","30,428","18,502"
"2019/07/24","520.0","525.0","518.0","525.0","+7.0","14,800","7,728","0","11,600","0.00","-","2.20","526.20","517.28","510.11","508.21","522.19","123,060","30,696","18,594"
"2019/07/23","528.0","532.0","518.0","518.0","-3.0","26,600","13,954","0","11,200","0.00","-","2.20","521.80","516.76","509.96","507.95","522.50","121,380","30,704","18,601"
"2019/07/22","529.0","532.0","521.0","521.0","-2.0","13,800","7,245","0","11,600","0.00","-","2.20","518.80","517.16","509.91","507.76","522.84","119,660","32,888","18,361"
"2019/07/19","525.0","544.0","518.0","523.0","-21.0","83,600","43,902","0","12,800","0.00","-","2.20","517.20","517.64","509.81","507.57","523.15","118,200","33,844","18,361"
"2019/07/18","563.0","578.0","525.0","544.0","+41.0","476,500","264,127","0","12,900","0.00","-","2.10","516.20","518.20","509.71","507.31","523.46","103,140","37,656","17,802"
"2019/07/17","504.0","505.0","502.0","503.0","0.0","6,400","3,226","0","7,300","0.00","-","2.10","511.20","516.40","509.25","506.85","523.67","8,800","19,040","11,574"
"2019/07/16","513.0","514.0","503.0","503.0","-10.0","18,000","9,210","0","7,300","0.00","-","2.20","514.00","516.12","509.28","506.87","524.04","8,400","18,884","11,617"
"2019/07/11","521.0","525.0","518.0","518.0","-1.0","8,300","4,326","0","6,100","0.00","-","2.20","519.80","515.36","509.11","506.71","524.87","6,760","18,320","11,572"
"2019/07/10","518.0","523.0","517.0","519.0","+2.0","4,800","2,493","0","6,000","0.00","-","2.20","519.60","514.40","508.91","506.58","525.27","5,380","18,140","11,482"
"2019/07/09","521.0","524.0","517.0","517.0","-6.0","4,400","2,289","0","6,400","0.00","-","2.20","519.00","513.20","508.64","506.45","525.58","4,720","18,600","11,477"
"2019/07/08","524.0","532.0","521.0","523.0","+1.0","10,900","5,721","0","6,300","0.00","-","2.20","519.20","512.52","508.40","506.59","525.90","4,940","18,568","11,530"
"2019/07/05","518.0","523.0","517.0","522.0","+5.0","5,400","2,803","0","7,700","0.00","-","2.20","518.20","511.36","507.99","506.38","526.20","3,720","18,312","11,588"
"2019/07/04","516.0","520.0","515.0","517.0","+1.0","1,400","723","0","7,000","0.00","-","2.20","516.80","510.64","507.63","505.91","526.51","3,840","18,140","11,702"
"2019/07/03","516.0","518.0","515.0","516.0","-2.0","1,500","774","0","7,000","0.00","-","2.20","516.60","510.04","507.40","505.62","526.84","4,560","18,264","11,953"
"2019/07/02","518.0","524.0","517.0","518.0","0.0","5,500","2,858","0","7,300","0.00","-","2.20","516.40","509.48","507.25","505.27","527.18","4,480","18,324","12,113"
"2019/07/01","519.0","521.0","517.0","518.0","+3.0","4,800","2,491","0","6,200","0.00","-","2.20","516.20","509.12","506.92","504.92","527.52","4,940","18,156","12,193"
"2019/06/28","518.0","518.0","514.0","515.0","-1.0","6,000","3,094","0","6,200","0.00","-","2.20","515.20","508.88","506.64","504.63","527.85","4,900","17,992","12,236"
"2019/06/27","515.0","516.0","514.0","516.0","+1.0","5,000","2,576","0","6,300","0.00","-","2.20","514.80","508.80","506.56","504.37","528.19","5,900","17,892","12,636"
"2019/06/26","517.0","517.0","515.0","515.0","-2.0","1,100","568","0","7,400","0.00","-","2.20","514.20","508.68","506.36","504.04","528.54","9,060","17,992","12,664"
"2019/06/25","513.0","518.0","512.0","517.0","+4.0","7,800","4,020","0","7,400","0.00","-","2.20","513.60","508.60","506.21","503.68","528.91","12,420","18,636","12,753"
"2019/06/24","514.0","518.0","513.0","513.0","0.0","4,600","2,370","0","7,500","0.00","-","2.20","512.60","508.28","505.99","503.38","529.26","13,860","19,104","12,698"
"2019/06/21","529.0","529.0","513.0","513.0","0.0","11,000","5,695","0","7,400","0.00","-","2.20","515.60","508.08","505.80","503.10","529.62","29,180","19,232","12,696"
"2019/06/20","511.0","521.0","510.0","513.0","+1.0","20,800","10,713","0","7,400","0.00","-","2.20","519.60","507.56","505.57","502.81","529.97","34,520","18,912","12,878"
"2019/06/19","512.0","518.0","508.0","512.0","0.0","17,900","9,167","0","6,300","0.00","-","2.20","524.40","506.96","505.37","502.50","530.32","66,140","18,096","12,684"
"2019/06/18","521.0","525.0","509.0","512.0","-16.0","15,000","7,714","0","7,700","0.00","-","2.20","521.80","506.32","505.19","502.20","530.60","64,780","17,528","12,516"
"2019/06/17","562.0","562.0","520.0","528.0","-5.0","81,200","44,258","0","8,300","0.00","-","2.20","518.60","505.68","505.01","501.90","530.88","62,280","17,124","12,416"
"2019/06/14","522.0","533.0","508.0","533.0","-4.0","37,700","19,715","0","8,900","0.00","-","2.20","512.80","504.56","504.63","501.41","531.09","46,400","14,016","11,505"
"2019/06/13","510.0","555.0","504.0","537.0","+38.0","178,900","94,496","0","9,200","0.00","-","2.10","505.80","503.36","504.21","500.87","531.30","40,580","12,888","11,104"
"2019/06/12","495.0","508.0","495.0","499.0","+3.0","11,100","5,574","0","5,900","0.00","-","2.10","497.20","501.56","503.68","500.26","531.49","5,560","6,028","8,966"
"2019/06/11","499.0","499.0","493.0","496.0","-3.0","2,500","1,241","0","6,500","0.00","-","2.10","495.20","501.60","503.67","500.00","531.92","6,600","5,752","8,929"
"2019/06/10","501.0","501.0","495.0","499.0","+1.0","1,800","897","0","7,700","0.00","-","2.10","496.00","501.72","503.79","499.76","532.38","6,820","6,036","9,508"
"2019/06/07","493.0","498.0","489.0","498.0","+4.0","8,600","4,251","0","7,700","0.00","-","2.10","495.00","501.40","503.80","499.50","532.82","7,360","6,172","9,582"
"2019/06/06","489.0","495.0","485.0","494.0","+5.0","3,800","1,860","0","6,100","0.00","-","2.10","496.20","501.12","503.83","499.13","533.25","5,860","5,972","9,890"
"2019/06/05","499.0","499.0","485.0","489.0","-11.0","16,300","8,001","0","6,600","0.00","-","2.10","497.80","501.04","503.97","498.63","533.73","6,000","6,344","10,070"
"2019/06/04","495.0","500.0","492.0","500.0","+6.0","3,600","1,782","0","6,100","0.00","-","2.10","500.40","501.96","504.20","498.05","534.23","3,340","5,960","10,345"
"2019/06/03","494.0","500.0","494.0","494.0","-10.0","4,500","2,230","0","6,100","0.00","-","2.20","502.20","502.36","504.61","497.36","534.68","2,880","6,544","12,881"
"2019/05/31","504.0","505.0","503.0","504.0","+2.0","1,100","555","0","5,600","0.00","-","2.20","505.80","502.80","504.72","496.43","535.15","2,120","6,768","13,557"
"2019/05/30","495.0","508.0","494.0","502.0","0.0","4,500","2,246","0","5,600","0.00","-","2.20","507.60","503.04","504.33","495.33","535.54","2,600","7,148","13,680"
"2019/05/29","499.0","503.0","499.0","502.0","-7.0","3,000","1,504","0","6,100","0.00","-","2.20","509.80","503.32","504.15","494.64","535.93","3,200","7,192","13,684"
"2019/05/28","507.0","511.0","507.0","509.0","-3.0","1,300","662","0","6,100","0.00","-","2.20","512.00","503.48","503.87","494.51","536.34","6,040","7,624","13,728"
"2019/05/27","511.0","513.0","507.0","512.0","-1.0","700","357","0","6,100","0.00","-","2.20","512.00","503.60","503.52","494.62","536.71","9,680","7,876","13,768"
"2019/05/24","508.0","513.0","503.0","513.0","0.0","3,500","1,786","0","6,100","0.00","-","2.30","511.20","503.60","503.21","494.76","537.05","11,100","7,916","13,818"
"2019/05/23","509.0","513.0","506.0","513.0","0.0","7,500","3,808","0","6,100","0.00","-","2.20","508.60","503.64","502.89","494.96","537.40","11,000","7,976","13,844"
"2019/05/22","515.0","515.0","508.0","513.0","+4.0","17,200","8,845","0","6,100","0.00","-","2.20","505.60","503.72","502.49","495.39","537.74","9,580","7,836","13,773"
"2019/05/21","508.0","511.0","502.0","509.0","+1.0","19,500","9,913","0","6,200","0.00","-","2.20","502.20","503.96","502.04","495.81","538.10","6,880","7,316","13,708"
"2019/05/20","504.0","509.0","500.0","508.0","+8.0","7,800","3,932","0","6,500","0.00","-","2.20","499.60","504.28","501.75","496.30","538.47","3,960","6,652","13,481"
"2019/05/17","498.0","500.0","498.0","500.0","+2.0","3,000","1,497","0","5,500","0.00","-","2.20","498.00","504.52","501.44","496.80","538.85","3,100","6,612","13,473"
"2019/05/16","496.0","498.0","496.0","498.0","+2.0","400","199","0","5,500","0.00","-","2.20","498.60","505.12","501.23","497.41","539.26","4,400","6,596","13,586"
"2019/05/15","496.0","498.0","495.0","496.0","0.0","3,700","1,835","0","5,400","0.00","-","2.20","497.40","505.84","501.01","498.10","539.67","5,800","6,984","13,656"
"2019/05/14","493.0","496.0","487.0","496.0","-4.0","4,900","2,409","0","5,400","0.00","-","2.20","498.20","506.72","500.83","498.84","540.07","5,900","7,560","13,661"
"2019/05/13","499.0","501.0","496.0","500.0","-3.0","3,500","1,746","0","5,400","0.00","-","2.20","498.80","507.44","500.64","499.66","540.46","6,840","7,976","13,672"
"2019/05/10","494.0","504.0","491.0","503.0","+11.0","9,500","4,741","0","5,400","0.00","-","2.10","497.00","508.00","500.36","500.41","540.84","7,180","8,180","13,693"
"2019/05/09","498.0","500.0","490.0","492.0","-8.0","7,400","3,664","0","5,600","0.00","-","2.20","494.60","508.44","500.04","501.18","541.22","6,000","8,352","13,626"
"2019/05/08","503.0","503.0","499.0","500.0","+1.0","4,200","2,109","0","6,100","0.00","-","2.20","494.60","509.36","499.83","502.05","541.63","7,140","9,724","13,580"
"2019/05/07","500.0","500.0","490.0","499.0","+8.0","9,600","4,772","0","6,100","0.00","-","2.10","497.00","509.76","499.47","502.89","541.98","7,640","9,932","13,613"
"2019/04/26","488.0","493.0","488.0","491.0","0.0","5,200","2,551","0","5,500","0.00","-","2.10","499.20","510.00","499.11","503.68","542.36","9,360","9,932","13,834"
"2019/04/25","492.0","492.0","489.0","491.0","-1.0","3,600","1,767","0","5,500","0.00","-","2.10","502.00","510.40","498.87","504.56","542.84","10,340","10,416","13,882"
"2019/04/24","500.0","500.0","492.0","492.0","-20.0","13,100","6,498","0","5,500","0.00","-","2.20","505.80","510.84","498.47","505.38","543.31","11,740","10,424","14,014"
"2019/04/23","512.0","514.0","506.0","512.0","+2.0","6,700","3,415","0","6,200","0.00","-","2.20","509.20","511.28","497.83","506.20","543.81","10,240","9,964","14,197"
"2019/04/22","507.0","520.0","503.0","510.0","+5.0","18,200","9,296","0","5,800","0.00","-","2.20","508.00","510.76","496.75","506.80","544.18","11,660","9,872","14,424"
"2019/04/19","507.0","510.0","502.0","505.0","-5.0","10,100","5,102","0","6,800","0.00","-","2.20","508.40","510.32","495.69","507.42","544.60","9,540","9,480","14,620"
"2019/04/18","509.0","512.0","505.0","510.0","+1.0","10,600","5,387","0","6,700","0.00","-","2.20","509.80","509.80","494.31","508.10","545.03","7,860","9,684","15,133"
"2019/04/17","507.0","510.0","507.0","509.0","+3.0","5,600","2,844","0","6,400","0.00","-","2.20","510.60","509.20","492.76","508.76","545.45","6,740","9,820","16,766"
"2019/04/16","512.0","512.0","506.0","506.0","-6.0","13,800","7,036","0","6,400","0.00","-","2.20","511.80","508.84","491.75","509.47","545.93","6,420","10,404","18,534"
"2019/04/15","516.0","519.0","512.0","512.0","0.0","7,600","3,909","0","6,400","0.00","-","2.20","514.40","508.80","491.52","510.26","546.44","4,500","10,392","18,844"
"2019/04/12","513.0","513.0","510.0","512.0","-2.0","1,700","870","0","6,400","0.00","-","2.20","515.40","508.04","491.63","510.97","546.91","3,560","10,548","18,912"
"2019/04/11","513.0","514.0","512.0","514.0","-1.0","5,000","2,564","0","6,400","0.00","-","2.20","515.80","507.44","491.81","511.75","547.37","4,580","10,800","19,085"
"2019/04/10","515.0","518.0","513.0","515.0","-4.0","4,000","2,057","0","7,500","0.00","-","2.20","516.00","507.24","492.07","512.36","547.82","4,100","12,040","19,288"
"2019/04/09","516.0","519.0","514.0","519.0","+2.0","4,200","2,170","0","7,500","0.00","-","2.20","516.20","506.68","492.61","512.98","548.30","5,320","12,164","19,498"
"2019/04/08","516.0","518.0","515.0","517.0","+3.0","2,900","1,498","0","7,500","0.00","-","2.20","516.00","506.08","493.09","513.52","548.82","8,100","12,308","19,585"
"2019/04/05","514.0","515.0","510.0","514.0","-1.0","6,800","3,492","0","7,500","0.00","-","2.20","515.40","505.40","493.64","514.09","549.22","10,580","12,340","19,761"
"2019/04/04","515.0","516.0","513.0","515.0","-1.0","2,600","1,338","0","7,500","0.00","-","2.20","515.40","504.80","494.23","514.71","549.64","10,940","12,244","19,829"
"2019/04/03","520.0","520.0","512.0","516.0","-2.0","10,100","5,214","0","7,500","0.00","-","2.20","515.20","504.04","494.84","515.25","550.07","13,180","13,128","19,905"
"2019/04/02","519.0","522.0","513.0","518.0","+4.0","18,100","9,362","0","7,500","0.00","-","2.20","515.00","503.32","495.52","515.77","550.49","19,500","12,972","19,946"
"2019/04/01","514.0","520.0","509.0","514.0","0.0","15,300","7,852","0","7,500","0.00","-","2.20","513.40","502.52","496.21","516.25","550.92","17,760","12,460","19,973"
"2019/03/29","515.0","517.0","513.0","514.0","0.0","8,600","4,425","0","8,000","0.00","-","2.20","511.60","501.92","497.07","516.68","551.36","16,620","12,148","19,822"
"2019/03/28","512.0","522.0","508.0","514.0","-1.0","13,800","7,114","0","8,000","0.00","-","2.20","509.00","501.32","497.88","517.18","551.81","18,360","12,320","19,946"
"2019/03/27","510.0","519.0","503.0","515.0","+5.0","41,700","21,312","0","7,500","0.00","-","2.20","506.60","500.84","498.76","517.77","552.26","16,360","12,072","19,862"
"2019/03/26","504.0","512.0","504.0","510.0","+5.0","9,400","4,771","0","7,500","0.00","-","2.20","504.20","500.12","499.61","518.34","552.71","8,340","11,148","19,386"
"2019/03/25","498.0","505.0","494.0","505.0","+4.0","9,600","4,776","0","8,200","0.00","-","2.20","502.00","499.64","500.60","519.09","553.16","7,340","11,104","19,406"
"2019/03/22","507.0","508.0","500.0","501.0","-1.0","17,300","8,708","0","9,200","0.00","-","2.20","500.80","499.64","501.57","519.88","553.64","7,100","12,556","19,368"
"2019/03/20","503.0","504.0","500.0","502.0","-1.0","3,800","1,912","0","8,500","0.00","-","2.20","499.00","499.60","502.61","520.75","554.19","6,680","12,160","19,185"
"2019/03/19","499.0","503.0","499.0","503.0","+4.0","1,600","801","0","8,400","0.00","-","2.20","497.60","499.52","503.56","521.60","554.75","8,720","13,276","19,168"
"2019/03/18","499.0","500.0","497.0","499.0","0.0","4,400","2,195","0","8,400","0.00","-","2.20","497.00","499.60","504.51","522.46","555.32","12,440","13,904","19,381"
"2019/03/15","487.0","507.0","487.0","499.0","+7.0","8,400","4,188","0","8,400","0.00","-","2.20","498.20","499.88","505.48","523.41","555.91","14,260","15,204","19,609"
"2019/03/14","500.0","500.0","484.0","492.0","-3.0","15,200","7,462","0","8,500","0.00","-","2.20","497.00","501.16","506.45","524.42","556.53","14,880","22,620","19,565"
"2019/03/13","502.0","506.0","495.0","495.0","-5.0","14,000","7,000","0","9,000","0.00","-","2.20","498.00","501.56","507.53","525.24","557.22","13,440","24,220","19,426"
"2019/03/12","508.0","511.0","497.0","500.0","-5.0","20,200","10,159","0","8,500","0.00","-","2.20","500.80","500.76","508.61","525.99","557.95","17,840","24,072","19,573"
"2019/03/11","497.0","507.0","497.0","505.0","+12.0","13,500","6,755","0","8,500","0.00","-","2.10","501.00","500.28","509.68","526.69","558.70","15,220","23,456","19,438"
"2019/03/08","495.0","501.0","490.0","493.0","-4.0","11,500","5,698","0","8,000","0.00","-","2.20","500.80","499.32","510.75","527.46","559.20","14,080","23,168","19,400"
"2019/03/07","504.0","509.0","497.0","497.0","-12.0","8,000","4,043","0","8,000","0.00","-","2.20","502.20","498.92","511.95","528.37","559.72","12,520","22,880","19,508"
"2019/03/06","500.0","509.0","498.0","509.0","+8.0","36,000","18,104","0","8,000","0.00","-","2.20","502.60","498.60","513.19","529.23","560.22","11,800","22,740","20,062"
"2019/03/05","496.0","503.0","493.0","501.0","-3.0","7,100","3,539","0","8,000","0.00","-","2.20","500.00","497.80","514.07","530.00","560.67","9,540","21,516","19,689"
"2019/03/04","510.0","510.0","503.0","504.0","+4.0","7,800","3,964","0","8,000","0.00","-","2.20","499.40","497.08","515.08","530.88","561.18","9,360","21,320","19,706"
"2019/03/01","495.0","500.0","495.0","500.0","+1.0","3,700","1,845","0","8,300","0.00","-","2.20","498.20","496.08","516.00","531.74","561.68","8,860","21,500","19,628"
"2019/02/28","493.0","499.0","493.0","499.0","+3.0","4,400","2,185","0","8,300","0.00","-","2.20","498.00","495.56","516.99","532.62","562.17","9,620","21,452","19,613"
"2019/02/27","496.0","502.0","494.0","496.0","-2.0","24,700","12,254","0","8,800","0.00","-","2.20","498.00","495.00","518.01","533.47","562.67","11,320","21,564","19,642"
"2019/02/26","497.0","500.0","496.0","498.0","0.0","6,200","3,088","0","9,800","0.00","-","2.20","499.20","494.52","518.99","534.39","563.13","7,900","21,036","19,386"
"2019/02/25","500.0","500.0","497.0","498.0","-1.0","5,300","2,638","0","11,800","0.00","-","2.20","499.00","493.88","519.92","535.28","563.57","10,380","21,012","19,400"
"2019/02/22","500.0","502.0","497.0","499.0","0.0","7,500","3,744","0","12,200","0.00","-","2.20","499.00","493.24","520.83","536.17","564.03","10,980","20,964","19,481"
"2019/02/21","496.0","500.0","494.0","499.0","-3.0","12,900","6,399","0","12,200","0.00","-","2.20","500.20","492.56","521.60","537.04","564.53","18,660","20,892","19,661"
"2019/02/20","495.0","502.0","495.0","502.0","+5.0","7,600","3,788","0","12,400","0.00","-","2.20","500.40","491.76","522.47","537.91","565.03","17,560","20,580","19,692"
"2019/02/19","498.0","500.0","492.0","497.0","-1.0","18,600","9,240","0","12,400","0.00","-","2.20","500.00","490.84","523.41","538.72","565.50","22,380","20,456","19,786"
"2019/02/18","505.0","505.0","491.0","498.0","-7.0","8,300","4,113","0","12,400","0.00","-","2.20","501.60","490.00","524.41","539.60","566.08","22,120","19,868","19,754"
"2019/02/15","500.0","508.0","492.0","505.0","+5.0","45,900","22,926","0","12,400","0.00","-","2.20","503.20","489.00","525.57","540.49","566.65","27,840","19,804","19,681"
"2019/02/14","500.0","503.0","495.0","500.0","0.0","7,400","3,687","0","11,900","0.00","-","2.20","508.40","487.68","526.63","541.21","567.19","57,420","19,016","19,228"
"2019/02/13","501.0","519.0","490.0","500.0","-5.0","31,700","16,090","0","11,900","0.00","-","2.20","508.80","486.60","527.80","542.09","567.73","66,980","19,072","19,310"
"2019/02/12","506.0","512.0","482.0","505.0","-1.0","17,300","8,609","0","11,900","0.00","-","2.20","503.80","485.04","528.96","543.03","568.28","62,700","18,344","19,041"
"2019/02/08","511.0","517.0","500.0","506.0","-25.0","36,900","18,715","0","11,800","0.00","-","2.30","500.40","482.60","530.08","543.95","568.78","60,200","18,724","18,992"
"2019/02/07","511.0","568.0","505.0","531.0","+29.0","193,800","102,766","0","11,000","0.00","-","2.20","495.40","479.60","531.25","544.71","569.27","54,080","18,196","19,032"
"2019/02/06","487.0","528.0","486.0","502.0","+27.0","55,200","27,861","0","11,700","0.00","-","2.10","485.80","475.60","532.17","545.20","569.65","16,180","11,760","17,078"
"2019/02/05","487.0","487.0","474.0","475.0","-13.0","10,300","4,926","0","14,400","0.00","-","2.20","483.20","471.56","533.13","546.01","570.17","6,040","11,496","16,376"
"2019/02/04","497.0","497.0","486.0","488.0","+7.0","4,800","2,375","0","14,300","0.00","-","2.20","486.00","468.32","534.40","547.10","570.83","5,060","16,408","16,524"
"2019/02/01","483.0","484.0","474.0","481.0","-2.0","6,300","3,016","0","10,800","0.00","-","2.20","485.00","466.12","535.49","548.05","571.41","4,540","21,744","17,000"
"2019/01/31","491.0","491.0","482.0","483.0","-6.0","4,300","2,093","0","10,800","0.00","-","2.20","484.60","466.44","536.84","549.08","572.00","5,740","22,972","16,994"
"2019/01/30","487.0","491.0","487.0","489.0","0.0","4,500","2,197","0","11,000","0.00","-","2.20","485.40","467.92","538.19","550.11","572.60","5,380","23,308","16,997"
"2019/01/29","483.0","493.0","482.0","489.0","+6.0","5,400","2,628","0","10,400","0.00","-","2.20","484.60","469.40","539.44","551.07","573.19","5,920","23,716","17,065"
"2019/01/28","477.0","484.0","476.0","483.0","+4.0","2,200","1,055","0","10,400","0.00","-","2.20","483.60","471.16","540.73","552.01","573.76","7,140","24,308","17,157"
"2019/01/25","476.0","487.0","475.0","479.0","-8.0","12,300","5,895","0","10,900","0.00","-","2.20","483.40","474.08","542.15","553.04","574.34","7,820","25,012","17,157"
"2019/01/24","485.0","488.0","485.0","487.0","+2.0","2,500","1,218","0","10,900","0.00","-","2.20","484.00","477.12","543.63","554.14","574.96","6,180","24,948","17,080"
"2019/01/23","484.0","487.0","484.0","485.0","+1.0","7,200","3,489","0","11,000","0.00","-","2.10","483.00","479.96","544.97","555.13","575.55","6,820","25,492","17,174"
"2019/01/22","486.0","486.0","482.0","484.0","+2.0","11,500","5,563","0","11,000","0.00","-","2.10","481.80","482.88","546.29","556.14","576.08","6,400","25,680","17,272"
"2019/01/21","483.0","485.0","481.0","482.0","0.0","5,600","2,707","0","12,500","0.00","-","2.10","480.80","485.96","547.68","557.13","576.63","5,000","25,552","17,368"
"2019/01/18","480.0","485.0","480.0","482.0","0.0","4,100","1,974","0","12,100","0.00","-","2.10","479.60","489.36","549.08","558.13","577.16","4,660","25,856","17,388"
"2019/01/17","478.0","487.0","478.0","482.0","+3.0","5,700","2,756","0","12,100","0.00","-","2.10","477.80","492.88","550.48","558.99","577.63","5,180","26,496","17,532"
"2019/01/16","479.0","483.0","478.0","479.0","0.0","5,100","2,446","0","13,100","0.00","-","2.00","475.80","496.72","551.87","559.85","578.14","9,280","26,428","17,681"
"2019/01/15","476.0","479.0","472.0","479.0","+3.0","4,500","2,143","0","14,500","0.00","-","2.10","474.60","500.56","553.29","560.77","578.73","10,020","26,940","17,713"
"2019/01/11","473.0","480.0","473.0","476.0","+3.0","3,900","1,858","0","15,300","0.00","-","2.10","471.00","504.60","554.68","561.73","579.32","11,820","27,060","17,838"
"2019/01/10","471.0","477.0","464.0","473.0","+1.0","6,700","3,153","0","15,700","0.00","-","2.10","464.60","508.72","556.13","562.71","579.94","16,400","27,144","17,958"
"2019/01/09","457.0","476.0","457.0","472.0","-1.0","26,200","12,182","0","15,400","0.00","-","2.10","456.20","513.16","557.65","563.83","580.57","19,800","27,312","18,189"
"2019/01/08","451.0","476.0","451.0","473.0","+12.0","8,800","4,036","0","14,700","0.00","-","2.00","448.00","517.40","559.05","565.00","581.20","21,140","26,532","18,385"
"2019/01/07","452.0","461.0","444.0","461.0","+17.0","13,500","6,086","0","14,700","0.00","-","2.00","433.60","521.64","560.59","566.14","582.00","29,100","26,324","18,457"
"2019/01/04","423.0","447.0","418.0","444.0","+13.0","26,800","11,565","0","14,500","0.00","-","1.90","420.20","526.12","562.36","567.37","582.83","53,020","25,884","18,582"
"2018/12/28","424.0","435.0","424.0","431.0","0.0","23,700","10,176","0","14,600","0.00","-","1.90","418.00","531.32","564.40","568.82","583.73","75,300","25,516","19,281"
"2018/12/27","423.0","437.0","420.0","431.0","+30.0","32,900","14,037","0","15,200","0.00","-","1.90","429.60","536.96","566.41","570.41","584.70","77,960","25,428","19,045"
"2018/12/26","410.0","414.0","396.0","401.0","+7.0","48,600","19,688","0","14,800","0.00","-","1.90","447.40","542.60","568.40","572.00","585.67","73,920","24,316","18,861"
"2018/12/25","389.0","402.0","376.0","394.0","-39.0","133,100","52,150","0","14,400","0.00","-","2.00","472.40","549.48","570.83","573.86","586.77","67,140","22,564","18,321"
"2018/12/21","477.0","477.0","428.0","433.0","-56.0","138,200","61,913","0","10,800","0.00","-","2.20","500.20","556.76","573.36","575.74","587.91","44,560","18,240","16,628"
"2018/12/20","508.0","513.0","472.0","489.0","-31.0","37,000","18,143","0","9,500","0.00","-","2.30","524.80","562.64","575.36","577.21","588.84","20,880","13,116","14,892"
"2018/12/19","514.0","533.0","514.0","520.0","-6.0","12,700","6,592","0","8,400","0.00","-","2.30","538.00","566.48","576.63","578.17","589.49","15,620","12,060","14,470"
"2018/12/18","536.0","539.0","520.0","526.0","-7.0","14,700","7,778","0","7,800","0.00","-","2.30","545.60","569.00","577.51","578.80","590.00","16,300","12,336","14,376"
"2018/12/17","554.0","554.0","533.0","533.0","-23.0","20,200","10,928","0","6,600","0.00","-","2.40","552.00","571.56","578.29","579.34","590.50","15,740","13,732","14,270"
"2018/12/14","551.0","559.0","545.0","556.0","+1.0","19,800","10,941","0","6,100","0.00","-","2.30","557.60","573.24","578.96","579.83","590.97","13,360","13,244","14,249"
"2018/12/13","560.0","563.0","552.0","555.0","-3.0","10,700","5,955","0","7,900","0.00","-","2.30","559.80","574.08","579.36","580.09","591.32","12,040","12,788","14,156"
"2018/12/12","555.0","563.0","555.0","558.0","0.0","16,100","8,996","0","6,900","0.00","-","2.30","562.80","574.80","579.81","580.38","591.65","13,920","12,436","14,190"
"2018/12/11","565.0","565.0","552.0","558.0","-3.0","11,900","6,641","0","6,900","0.00","-","2.30","566.80","575.44","580.19","580.64","591.96","11,500","11,896","14,085"
"2018/12/10","566.0","567.0","559.0","561.0","-6.0","8,300","4,661","0","6,900","0.00","-","2.30","570.20","576.16","580.56","580.89","592.29","12,700","11,684","14,090"
"2018/12/07","570.0","574.0","560.0","567.0","-3.0","13,200","7,443","0","6,900","0.00","-","2.30","574.00","576.48","580.85","581.11","592.50","12,540","11,572","14,305"
"2018/12/06","578.0","578.0","567.0","570.0","-8.0","20,100","11,483","0","5,900","0.00","-","2.30","576.40","576.52","581.05","581.24","592.66","11,100","11,332","14,392"
"2018/12/05","571.0","578.0","571.0","578.0","+3.0","4,000","2,296","0","6,700","0.00","-","2.30","579.20","576.36","581.03","581.29","592.78","9,260","10,984","14,198"
"2018/12/04","580.0","581.0","575.0","575.0","-5.0","17,900","10,358","0","6,700","0.00","-","2.30","579.20","575.52","580.89","581.26","592.85","9,800","11,664","14,344"
"2018/12/03","578.0","580.0","576.0","580.0","+1.0","7,500","4,336","0","6,700","0.00","-","2.40","580.00","575.08","580.84","581.27","592.92","6,940","11,556","14,237"
"2018/11/30","583.0","583.0","576.0","579.0","-5.0","6,000","3,475","0","7,000","0.00","-","2.40","578.60","574.80","580.77","581.26","592.94","5,940","11,844","14,213"
"2018/11/29","579.0","585.0","578.0","584.0","+6.0","10,900","6,350","0","7,000","0.00","-","2.40","577.60","574.52","580.71","581.21","593.04","8,260","12,252","14,477"
"2018/11/28","577.0","578.0","572.0","578.0","-1.0","6,700","3,848","0","7,300","0.00","-","2.40","575.20","574.56","580.72","581.06","593.17","10,380","11,928","14,408"
"2018/11/27","576.0","580.0","573.0","579.0","+6.0","3,600","2,082","0","7,300","0.00","-","2.40","574.00","574.80","580.87","581.03","593.26","10,060","12,136","14,382"
"2018/11/26","574.0","575.0","570.0","573.0","-1.0","2,500","1,433","0","7,300","0.00","-","2.40","572.80","575.16","580.97","581.11","593.30","10,300","12,536","14,370"
"2018/11/22","572.0","576.0","569.0","574.0","+2.0","17,600","10,073","0","9,400","0.00","-","2.40","573.40","575.72","581.12","581.24","593.64","14,800","12,896","14,472"
"2018/11/21","572.0","575.0","567.0","572.0","0.0","21,500","12,288","0","11,000","0.00","-","2.40","574.60","576.32","581.32","581.41","594.02","13,300","12,736","14,508"
"2018/11/20","574.0","576.0","572.0","572.0","-1.0","5,100","2,927","0","8,400","0.00","-","2.00","577.20","577.20","581.56","581.56","594.42","11,120","13,472","14,664"
"2018/11/19","576.0","579.0","573.0","573.0","-3.0","4,800","2,762","0","8,300","0.00","-","2.40","579.40","578.32","581.80","581.77","594.81","14,020","15,160","14,862"
"2018/11/16","586.0","586.0","576.0","576.0","-4.0","25,000","14,508","0","9,400","0.00","-","2.40","582.80","578.36","581.99","581.95","595.23","22,980","15,068","14,904"
"2018/11/15","584.0","585.0","580.0","580.0","-5.0","10,100","5,872","0","10,300","0.00","-","2.30","582.60","578.12","582.07","582.14","595.69","19,580","14,924","14,678"
"2018/11/14","583.0","589.0","581.0","585.0","+2.0","10,600","6,198","0","10,900","0.00","-","2.30","582.00","577.72","582.07","582.38","596.12","19,240","16,140","14,700"
"2018/11/13","581.0","589.0","574.0","583.0","-7.0","19,600","11,404","0","11,100","0.00","-","2.30","579.60","577.60","582.07","582.62","596.49","17,500","15,952","14,768"
"2018/11/12","593.0","599.0","584.0","590.0","+15.0","49,600","29,309","0","10,900","0.00","-","1.90","577.80","577.64","582.07","582.84","596.89","14,100","15,348","14,814"
"2018/11/09","577.0","578.0","573.0","575.0","-2.0","8,000","4,597","0","10,600","0.00","-","1.90","575.00","577.36","581.93","582.99","597.32","5,500","13,748","14,222"
"2018/11/08","575.0","577.0","573.0","577.0","+4.0","8,400","4,830","0","10,600","0.00","-","2.30","573.80","577.80","582.03","583.27","597.82","5,000","13,920","14,180"
"2018/11/07","574.0","574.0","573.0","573.0","-1.0","1,900","1,089","0","10,600","0.00","-","2.30","572.00","578.28","582.09","583.62","598.31","4,760","13,672","14,117"
"2018/11/06","573.0","574.0","570.0","574.0","-2.0","2,600","1,485","0","10,600","0.00","-","2.30","570.60","578.96","582.24","584.12","598.83","6,660","13,856","14,314"
"2018/11/05","567.0","579.0","567.0","576.0","+7.0","6,600","3,781","0","10,600","0.00","-","2.30","567.20","579.52","582.37","584.35","599.43","10,340","14,136","14,370"
"2018/11/02","574.0","574.0","567.0","569.0","+1.0","5,500","3,142","0","11,000","0.00","-","2.30","564.80","579.84","582.47","584.56","599.97","12,060","14,452","14,433"
"2018/11/01","570.0","570.0","565.0","568.0","+2.0","7,200","4,086","0","12,200","0.00","-","2.30","565.60","580.60","582.65","584.88","600.51","13,900","14,980","14,494"
"2018/10/31","561.0","566.0","560.0","566.0","+9.0","11,400","6,412","0","11,900","0.00","-","2.30","566.40","581.36","582.81","585.21","601.04","15,700","14,976","14,568"
"2018/10/30","556.0","568.0","556.0","557.0","-7.0","21,000","11,785","0","11,900","0.00","-","2.30","570.20","582.20","582.93","585.58","601.59","13,980","15,116","14,481"
"2018/10/29","573.0","574.0","564.0","564.0","-9.0","15,200","8,651","0","11,900","0.00","-","2.30","575.60","583.36","583.17","586.04","602.26","12,160","14,952","14,330"
"2018/10/26","572.0","575.0","566.0","573.0","+1.0","14,700","8,390","0","23,500","0.00","-","2.30","580.40","584.24","583.33","586.43","602.70","11,840","14,644","14,508"
"2018/10/25","575.0","579.0","571.0","572.0","-13.0","16,200","9,319","0","11,900","0.00","-","2.40","583.20","584.64","583.41","586.75","603.09","11,200","14,612","14,401"
"2018/10/24","584.0","586.0","583.0","585.0","+1.0","2,800","1,637","0","12,200","0.00","-","2.30","586.60","585.16","583.44","587.07","603.54","10,680","14,480","14,432"
"2018/10/23","590.0","590.0","584.0","584.0","-4.0","11,900","6,988","0","11,700","0.00","-","2.30","588.40","585.24","583.23","587.23","603.93","18,100","15,328","14,865"
"2018/10/22","594.0","594.0","585.0","588.0","+1.0","13,600","8,012","0","11,700","0.00","-","2.30","591.60","584.96","583.11","587.40","604.33","25,180","16,488","15,084"
"2018/10/19","587.0","594.0","585.0","587.0","-2.0","11,500","6,753","0","11,700","0.00","-","2.40","588.80","584.96","583.09","587.62","604.71","22,960","16,512","15,122"
"2018/10/18","597.0","597.0","586.0","589.0","-5.0","13,600","8,047","0","11,700","0.00","-","2.20","585.40","585.24","583.08","587.89","605.10","24,940","16,968","15,333"
"2018/10/17","601.0","604.0","592.0","594.0","-6.0","39,900","23,920","0","11,700","0.00","-","2.00","581.60","585.56","583.11","588.17","605.52","30,320","19,592","15,189"
"2018/10/16","575.0","602.0","573.0","600.0","+26.0","47,300","28,005","0","33,800","0.00","-","2.10","579.20","585.08","583.01","588.40","605.95","23,520","18,236","15,108"
"2018/10/15","572.0","574.0","571.0","574.0","+4.0","2,500","1,430","0","34,300","0.00","-","2.00","576.00","584.28","582.92","588.63","606.38","14,960","17,108","14,598"
"2018/10/12","568.0","573.0","559.0","570.0","0.0","21,400","12,082","0","11,700","0.00","-","2.00","577.80","584.64","583.15","589.19","606.98","16,380","17,332","14,774"
"2018/10/11","562.0","581.0","562.0","570.0","-12.0","40,500","23,095","0","10,700","0.00","-","2.10","581.00","585.20","583.48","589.91","607.50","14,560","16,720","14,712"
"2018/10/10","585.0","585.0","581.0","582.0","-2.0","5,900","3,440","0","28,300","0.00","-","2.10","584.80","585.72","583.93","590.71","607.99","6,900","15,420","14,352"
"2018/10/09","584.0","584.0","583.0","584.0","+1.0","4,500","2,626","0","26,800","0.00","-","2.10","586.40","585.80","584.29","590.94","608.40","7,020","15,400","14,526"
"2018/10/05","585.0","585.0","580.0","583.0","-3.0","9,600","5,596","0","25,000","0.00","-","2.10","587.20","585.88","584.57","591.07","608.77","8,040","15,444","15,217"
"2018/10/04","587.0","588.0","585.0","586.0","-3.0","12,300","7,215","0","11,700","0.00","-","2.00","587.40","585.96","584.87","591.21","609.27","9,020","15,332","15,689"
"2018/10/03","587.0","590.0","587.0","589.0","-1.0","2,200","1,296","0","22,400","0.00","-","2.00","587.80","585.84","585.09","591.33","609.75","10,300","15,584","16,340"
"2018/10/02","593.0","593.0","589.0","590.0","+2.0","6,500","3,844","0","7,600","0.00","-","2.00","587.40","585.72","585.40","591.47","610.20","11,280","16,008","17,658"
"2018/10/01","585.0","588.0","585.0","588.0","+4.0","9,600","5,635","0","7,600","0.00","-","1.80","586.80","585.68","585.84","591.61","610.58","12,960","16,280","24,756"
"2018/09/28","586.0","587.0","583.0","584.0","-4.0","14,500","8,476","0","7,600","0.00","-","1.80","586.40","585.60","585.96","591.71","610.92","14,420","16,224","25,392"
"2018/09/27","585.0","590.0","583.0","588.0","+1.0","18,700","10,958","0","9,600","0.00","-","1.80","586.80","585.68","586.13","591.86","611.25","13,020","16,136","25,700"
"2018/09/26","587.0","588.0","584.0","587.0","0.0","7,100","4,164","0","10,100","0.00","-","1.70","585.80","585.48","586.31","591.86","611.65","12,060","16,364","25,740"
"2018/09/25","585.0","589.0","582.0","587.0","+1.0","14,900","8,720","0","10,100","0.00","-","1.60","585.40","585.28","586.49","591.86","612.12","13,220","16,868","25,865"
"2018/09/21","586.0","588.0","585.0","586.0","0.0","16,900","9,907","0","10,100","0.00","-","1.70","585.40","584.52","586.71","591.88","612.45","15,040","16,496","26,009"
"2018/09/20","585.0","590.0","585.0","586.0","+3.0","7,500","4,409","0","10,100","0.00","-","1.70","583.60","583.80","586.93","592.01","612.81","19,840","16,416","26,049"
"2018/09/19","588.0","590.0","583.0","583.0","-2.0","13,900","8,131","0","10,200","0.00","-","1.60","584.00","583.20","587.16","592.14","613.22","21,180","16,512","26,009"
"2018/09/18","586.0","587.0","583.0","585.0","-2.0","12,900","7,551","0","10,100","0.00","-","1.70","586.20","582.88","587.45","592.27","613.57","22,980","16,184","26,177"
"2018/09/14","582.0","587.0","580.0","587.0","+10.0","24,000","14,023","0","10,100","0.00","-","2.10","588.60","582.44","587.71","592.56","613.96","36,240","16,700","26,093"
"2018/09/13","575.0","582.0","571.0","577.0","-11.0","40,900","23,531","0","18,700","0.00","-","2.10","587.60","582.36","587.89","592.81","614.19","32,640","15,968","25,968"
"2018/09/12","594.0","595.0","587.0","588.0","-6.0","14,200","8,398","0","18,700","0.00","-","2.10","588.20","582.84","588.21","593.17","614.43","28,280","14,524","25,608"
"2018/09/11","593.0","597.0","589.0","594.0","-3.0","22,900","13,572","0","18,700","0.00","-","2.20","587.20","582.80","588.51","593.37","614.64","27,060","14,064","25,602"
"2018/09/10","613.0","613.0","585.0","597.0","+15.0","79,200","47,567","0","18,200","0.00","-","2.10","585.20","582.40","588.77","593.52","614.75","23,700","13,552","25,689"
"2018/09/07","580.0","582.0","577.0","582.0","+2.0","6,000","3,472","0","17,700","0.00","-","2.10","582.40","582.08","589.04","593.60","614.80","9,460","11,196","25,516"
"2018/09/06","586.0","590.0","580.0","580.0","-3.0","19,100","11,159","0","17,800","0.00","-","2.10","582.80","582.40","589.51","593.83","614.91","9,340","12,284","26,016"
"2018/09/05","583.0","586.0","580.0","583.0","-1.0","8,100","4,718","0","17,800","0.00","-","2.20","584.00","582.80","590.08","594.10","615.03","6,640","12,320","26,210"
"2018/09/04","590.0","590.0","583.0","584.0","+1.0","6,100","3,580","0","17,800","0.00","-","2.20","584.40","582.96","590.71","594.33","615.23","6,380","12,312","26,365"
"2018/09/03","584.0","585.0","580.0","583.0","-1.0","8,000","4,656","0","9,100","0.00","-","2.20","584.20","582.88","591.48","594.56","615.52","8,880","12,392","27,297"
"2018/08/31","586.0","587.0","581.0","584.0","-2.0","5,400","3,154","0","18,700","0.00","-","2.20","584.80","582.76","592.37","594.76","615.80","9,840","12,540","30,933"
"2018/08/30","585.0","588.0","583.0","586.0","+1.0","5,600","3,275","0","11,100","0.00","-","2.20","585.80","582.80","592.65","594.91","616.14","11,420","12,952","31,536"
"2018/08/29","583.0","587.0","583.0","585.0","+2.0","6,800","3,978","0","11,100","0.00","-","2.20","585.80","582.68","592.80","595.09","616.56","11,940","13,652","31,712"
"2018/08/28","587.0","588.0","580.0","583.0","-3.0","18,600","10,845","0","11,100","0.00","-","2.20","586.00","582.48","592.96","595.30","617.00","13,040","13,588","31,706"
"2018/08/27","589.0","592.0","585.0","586.0","-3.0","12,800","7,537","0","11,100","0.00","-","2.20","586.00","582.44","593.16","595.50","617.46","14,200","13,036","31,857"
"2018/08/24","586.0","591.0","583.0","589.0","+3.0","13,300","7,817","0","19,700","0.00","-","2.20","585.20","582.28","593.39","595.64","617.87","15,580","12,672","31,818"
"2018/08/23","586.0","587.0","581.0","586.0","0.0","8,200","4,792","0","17,700","0.00","-","2.20","581.00","582.08","593.59","595.77","618.24","14,040","12,808","32,137"
"2018/08/22","588.0","588.0","581.0","586.0","+3.0","12,300","7,209","0","17,700","0.00","-","2.20","577.40","582.00","593.75","595.96","618.61","15,380","12,752","32,113"
"2018/08/21","587.0","587.0","572.0","583.0","+1.0","24,400","14,108","0","17,900","0.00","-","2.20","574.40","581.88","593.92","596.01","618.95","14,900","12,712","32,392"
"2018/08/20","578.0","589.0","568.0","582.0","+14.0","19,700","11,397","0","18,000","0.00","-","2.20","572.80","581.88","593.99","596.12","619.38","11,160","12,140","32,182"
"2018/08/17","566.0","571.0","563.0","568.0","0.0","5,600","3,172","0","18,000","0.00","-","2.20","571.20","581.80","594.05","596.19","619.86","12,380","11,860","32,234"
"2018/08/16","571.0","572.0","561.0","568.0","-3.0","14,900","8,433","0","18,000","0.00","-","2.20","574.60","582.08","594.33","596.27","620.47","12,400","11,832","32,324"
"2018/08/15","577.0","577.0","571.0","571.0","-4.0","9,900","5,675","0","18,900","0.00","-","2.20","578.80","582.36","594.75","596.43","620.94","10,380","11,624","32,402"
"2018/08/14","575.0","579.0","574.0","575.0","+1.0","5,700","3,281","0","19,100","0.00","-","2.20","582.00","582.56","595.12","596.69","621.24","8,940","12,368","32,454"
"2018/08/13","585.0","586.0","572.0","574.0","-11.0","25,800","14,939","0","19,100","0.00","-","2.20","583.80","582.72","595.40","596.91","621.55","9,820","12,408","33,068"
"2018/08/10","587.0","587.0","583.0","585.0","-4.0","5,700","3,332","0","19,600","0.00","-","2.30","586.80","582.72","595.93","597.16","621.93","8,720","12,116","33,149"
"2018/08/09","585.0","589.0","585.0","589.0","+2.0","4,800","2,818","0","19,600","0.00","-","2.30","587.80","582.08","596.29","597.30","622.18","14,220","13,300","33,256"
"2018/08/08","585.0","587.0","585.0","587.0","+3.0","2,700","1,582","0","19,600","0.00","-","2.20","588.00","581.52","596.61","597.39","622.64","17,260","14,240","33,462"
"2018/08/07","587.0","590.0","583.0","584.0","-5.0","10,100","5,923","0","19,600","0.00","-","2.30","588.00","581.52","596.89","597.85","622.93","18,300","14,792","33,590"
"2018/08/06","592.0","598.0","588.0","589.0","-1.0","20,300","12,012","0","19,600","0.00","-","2.30","587.60","581.60","597.23","598.28","623.09","17,900","15,480","33,645"
"2018/08/03","590.0","601.0","590.0","590.0","0.0","33,200","19,749","0","19,600","0.00","-","2.30","585.80","581.68","597.44","598.63","623.21","16,180","14,780","33,544"
"2018/08/02","592.0","593.0","587.0","590.0","+3.0","20,000","11,816","0","10,800","0.00","-","2.30","584.80","581.56","597.64","598.98","623.28","12,680","14,804","33,486"
"2018/08/01","582.0","588.0","580.0","587.0","+5.0","7,900","4,614","0","10,800","0.00","-","2.20","583.40","581.68","597.87","599.34","623.41","13,300","14,368","33,497"
"2018/07/31","581.0","583.0","576.0","582.0","+2.0","8,100","4,695","0","19,600","0.00","-","2.20","582.00","581.84","598.12","599.67","623.55","12,760","14,680","33,878"
"2018/07/30","585.0","585.0","580.0","580.0","-5.0","11,700","6,805","0","19,600","0.00","-","2.30","582.00","582.36","598.45","600.08","623.70","12,100","15,024","33,956"
"2018/07/27","586.0","589.0","585.0","585.0","+2.0","15,700","9,195","0","10,800","0.00","-","2.20","582.40","583.32","598.76","600.46","623.88","10,500","15,096","33,972"
"2018/07/26","583.0","590.0","582.0","583.0","+3.0","23,100","13,499","0","19,600","0.00","-","2.20","582.20","584.28","598.95","600.80","623.98","10,700","15,228","33,918"
"2018/07/25","582.0","583.0","580.0","580.0","-2.0","5,200","3,024","0","19,600","0.00","-","2.20","582.40","585.16","599.23","601.19","624.08","7,440","16,556","33,800"
"2018/07/24","581.0","583.0","580.0","582.0","0.0","4,800","2,793","0","19,600","0.00","-","2.20","583.00","586.16","599.57","601.66","624.20","8,660","18,148","33,848"
"2018/07/23","582.0","583.0","581.0","582.0","-2.0","3,700","2,154","0","19,600","0.00","-","2.20","583.20","587.00","599.85","602.10","624.31","9,720","20,400","33,989"
"2018/07/20","586.0","586.0","581.0","584.0","0.0","16,700","9,741","0","19,600","0.00","-","2.20","582.80","588.20","600.09","602.54","624.42","11,520","24,296","34,125"
"2018/07/19","585.0","586.0","584.0","584.0","+1.0","6,800","3,976","0","19,600","0.00","-","2.20","581.00","589.76","600.33","602.92","624.53","9,160","45,180","34,129"
"2018/07/18","586.0","593.0","583.0","583.0","0.0","11,300","6,626","0","19,600","0.00","-","2.20","579.20","590.28","600.61","603.27","624.63","9,740","47,200","34,252"
"2018/07/17","581.0","587.0","580.0","583.0","+3.0","10,100","5,887","0","19,600","0.00","-","2.20","577.80","590.84","600.72","603.69","624.69","13,180","48,252","34,228"
"2018/07/13","577.0","583.0","577.0","580.0","+5.0","12,700","7,367","0","19,600","0.00","-","2.20","577.00","591.56","600.87","603.88","624.72","12,500","48,716","34,294"
"2018/07/12","574.0","577.0","572.0","575.0","0.0","4,900","2,819","0","19,600","0.00","-","2.20","575.80","592.40","600.99","604.08","624.76","13,660","48,868","34,264"
"2018/07/11","576.0","576.0","570.0","575.0","-1.0","9,700","5,563","0","19,600","0.00","-","2.20","574.60","593.52","601.00","604.27","624.82","19,740","49,700","34,645"
"2018/07/10","574.0","582.0","574.0","576.0","-3.0","28,500","16,460","0","19,600","0.00","-","2.20","574.60","594.64","601.12","604.44","624.88","23,460","50,108","34,849"
"2018/07/09","576.0","580.0","571.0","579.0","+5.0","6,700","3,862","0","19,600","0.00","-","2.20","576.80","595.72","601.40","604.56","624.98","21,060","49,148","34,581"
"2018/07/06","571.0","575.0","568.0","574.0","+5.0","18,500","10,578","0","19,600","0.00","-","2.20","578.20","596.76","601.64","604.62","625.04","25,180","49,940","34,664"
"2018/07/05","585.0","585.0","569.0","569.0","-6.0","35,300","20,304","0","25,600","0.00","-","2.20","581.60","597.96","601.97","604.87","625.09","22,040","49,464","34,718"
"2018/07/04","583.0","584.0","574.0","575.0","-12.0","28,300","16,356","0","25,800","0.00","-","2.30","585.20","599.24","602.37","605.28","625.17","21,740","48,636","34,776"
"2018/07/03","586.0","591.0","584.0","587.0","+1.0","16,500","9,673","0","26,900","0.00","-","2.30","588.80","600.28","602.68","605.49","625.24","17,900","48,060","36,132"
"2018/07/02","590.0","591.0","584.0","586.0","-5.0","27,300","16,026","0","28,100","0.00","-","2.30","589.60","601.20","603.29","605.49","625.24","17,740","47,952","36,669"
"2018/06/29","588.0","591.0","587.0","591.0","+4.0","2,800","1,648","0","27,900","0.00","-","2.20","591.40","602.32","603.84","606.03","625.27","15,620","48,036","36,622"
"2018/06/28","593.0","593.0","582.0","587.0","-6.0","33,800","19,887","0","27,900","0.00","-","2.30","594.00","603.36","604.28","606.62","625.45","17,760","50,572","36,725"
"2018/06/27","592.0","597.0","592.0","593.0","+2.0","9,100","5,399","0","29,000","0.00","-","2.20","598.40","604.56","604.79","607.27","625.45","14,800","50,960","36,666"
"2018/06/26","592.0","595.0","589.0","591.0","-4.0","15,700","9,275","0","27,000","0.00","-","2.20","600.80","605.76","605.23","607.85","625.39","24,240","51,944","36,726"
"2018/06/25","601.0","604.0","595.0","595.0","-9.0","16,700","9,998","0","28,000","0.00","-","2.50","603.60","607.32","605.61","608.50","625.35","30,100","52,104","36,877"
"2018/06/22","607.0","610.0","603.0","604.0","-5.0","13,500","8,175","0","28,000","0.00","-","2.50","605.20","609.20","605.99","609.24","625.28","38,980","54,476","37,024"
"2018/06/21","605.0","610.0","602.0","609.0","+4.0","19,000","11,517","0","28,100","0.00","-","2.50","606.80","611.04","606.17","609.85","625.14","56,500","65,164","37,052"
"2018/06/20","604.0","608.0","596.0","605.0","0.0","56,300","33,860","0","28,600","0.00","-","2.50","609.60","610.88","606.31","610.36","624.98","160,460","66,428","37,440"
"2018/06/19","603.0","616.0","602.0","605.0","+2.0","45,000","27,310","0","28,900","0.00","-","2.50","608.00","610.56","606.53","610.93","624.83","160,660","64,928","37,208"
"2018/06/18","622.0","622.0","596.0","603.0","-9.0","61,100","37,091","0","27,800","0.00","-","2.50","606.40","610.24","606.83","611.65","624.67","159,180","63,384","36,844"
"2018/06/15","617.0","619.0","606.0","612.0","-11.0","101,100","61,862","0","28,000","0.00","-","2.50","606.00","610.04","607.13","612.36","624.52","151,300","62,136","36,408"
"2018/06/14","657.0","673.0","622.0","623.0","+26.0","538,800","348,459","0","25,500","0.00","-","2.50","603.80","609.68","607.32","613.00","624.32","134,380","58,488","35,913"
"2018/06/13","600.0","603.0","593.0","597.0","0.0","57,300","34,218","0","14,400","0.00","-","2.40","599.80","608.92","607.31","613.54","624.11","31,760","38,424","29,241"
"2018/06/12","600.0","600.0","595.0","597.0","-4.0","37,600","22,464","0","14,700","0.00","-","2.40","601.00","608.96","607.60","614.51","624.00","24,280","36,388","28,928"
"2018/06/11","603.0","603.0","595.0","601.0","0.0","21,700","12,983","0","14,700","0.00","-","2.50","602.20","609.04","607.97","615.37","623.86","17,660","36,212","29,398"
"2018/06/08","601.0","604.0","599.0","601.0","-2.0","16,500","9,927","0","13,700","0.00","-","2.50","603.00","608.52","607.99","616.14","623.69","18,620","35,692","29,352"
"2018/06/07","603.0","606.0","601.0","603.0","0.0","25,700","15,507","0","13,700","0.00","-","2.50","603.60","607.96","607.97","616.86","623.54","16,640","35,976","29,394"
"2018/06/06","602.0","605.0","598.0","603.0","0.0","19,900","11,979","0","13,700","0.00","-","2.20","603.20","607.40","607.85","617.60","623.47","14,420","35,440","29,348"
"2018/06/05","604.0","608.0","603.0","603.0","-2.0","4,500","2,719","0","13,700","0.00","-","2.20","602.80","607.24","607.71","618.47","623.36","13,220","35,476","29,293"
"2018/06/04","610.0","610.0","599.0","605.0","+1.0","26,500","15,999","0","13,700","0.00","-","2.20","604.20","607.08","607.51","618.97","623.22","15,080","35,848","29,564"
"2018/06/01","601.0","606.0","601.0","604.0","+3.0","6,600","3,975","0","13,900","0.00","-","2.50","606.00","606.72","607.24","619.42","623.04","15,660","36,856","29,573"
"2018/05/31","603.0","603.0","600.0","601.0","0.0","14,600","8,784","0","13,700","0.00","-","2.50","608.60","607.12","607.17","620.01","622.85","27,580","37,868","29,965"
"2018/05/30","603.0","609.0","601.0","601.0","-9.0","13,900","8,391","0","14,900","0.00","-","2.50","611.80","607.56","607.29","620.63","622.67","33,360","37,832","30,081"
"2018/05/29","621.0","621.0","608.0","610.0","-4.0","13,800","8,461","0","15,100","0.00","-","2.40","616.20","608.04","607.23","621.26","622.49","37,320","38,088","30,742"
"2018/05/28","619.0","619.0","608.0","614.0","-3.0","29,400","18,045","0","15,200","0.00","-","2.60","620.20","607.96","606.92","621.79","622.27","38,500","38,028","32,470"
"2018/05/25","627.0","632.0","615.0","617.0","0.0","66,200","41,068","0","16,500","0.00","-","2.60","625.80","607.76","607.27","622.31","622.01","47,820","37,420","32,934"
"2018/05/24","619.0","631.0","612.0","617.0","-6.0","43,500","27,070","0","15,200","0.00","-","3.00","632.40","607.28","607.71","622.87","621.77","90,720","35,280","32,490"
"2018/05/23","630.0","630.0","618.0","623.0","-7.0","33,700","21,089","0","15,100","0.00","-","3.00","630.00","606.80","608.17","623.50","621.51","92,140","34,696","32,422"
"2018/05/22","638.0","638.0","626.0","630.0","-12.0","19,700","12,426","0","15,800","0.00","-","3.00","624.80","606.16","608.55","624.12","621.25","89,160","34,180","32,300"
"2018/05/21","643.0","646.0","631.0","642.0","-8.0","76,000","48,540","0","15,100","0.00","-","2.00","618.20","605.20","608.89","624.76","620.96","86,500","34,852","32,684"
"2018/05/18","630.0","660.0","624.0","650.0","+45.0","280,700","179,196","0","15,100","0.00","-","1.90","609.40","603.80","609.25","625.08","620.59","77,280","32,368","32,262"
"2018/05/17","600.0","612.0","596.0","605.0","+8.0","50,600","30,490","0","10,900","0.00","-","2.00","600.00","601.92","609.45","625.26","620.15","23,120","21,656","29,625"
"2018/05/16","603.0","603.0","590.0","597.0","0.0","18,800","11,211","0","11,600","0.00","-","2.00","599.80","601.68","610.19","625.86","619.95","20,440","20,100","29,473"
"2018/05/15","598.0","601.0","596.0","597.0","-1.0","6,400","3,831","0","11,600","0.00","-","2.00","600.00","601.96","611.05","626.46","619.82","17,960","19,916","30,749"
"2018/05/14","603.0","605.0","589.0","598.0","-5.0","29,900","17,824","0","11,000","0.00","-","2.00","600.40","602.32","612.12","627.33","619.68","23,320","20,012","31,276"
"2018/05/11","604.0","606.0","598.0","603.0","-1.0","9,900","5,967","0","11,800","0.00","-","2.00","598.40","602.52","613.13","628.17","619.55","19,080","19,432","31,577"
"2018/05/10","603.0","605.0","600.0","604.0","+6.0","37,200","22,437","0","11,800","0.00","-","2.00","595.20","602.40","614.11","628.93","619.42","21,820","19,592","32,385"
"2018/05/09","603.0","603.0","598.0","598.0","-1.0","6,400","3,843","0","12,000","0.00","-","1.90","592.20","602.32","615.08","629.54","619.29","16,840","18,784","35,296"
"2018/05/08","595.0","603.0","594.0","599.0","+11.0","33,200","19,890","0","12,000","0.00","-","1.90","592.40","602.60","616.36","630.12","619.19","19,720","19,168","39,662"
"2018/05/07","585.0","595.0","585.0","588.0","+1.0","8,700","5,121","0","12,000","0.00","-","1.90","592.40","602.28","617.48","630.63","619.10","15,840","18,220","40,034"
"2018/05/02","590.0","592.0","583.0","587.0","-2.0","23,600","13,863","0","12,100","0.00","-","2.90","594.00","602.52","618.68","631.43","619.07","24,440","18,476","40,668"
"2018/05/01","598.0","598.0","589.0","589.0","-10.0","12,300","7,302","0","12,300","0.00","-","2.70","599.40","602.60","619.83","632.38","619.06","26,100","17,948","41,290"
"2018/04/27","599.0","600.0","598.0","599.0","0.0","20,800","12,461","0","12,000","0.00","-","2.80","604.00","602.08","621.00","633.01","619.06","26,380","18,796","44,310"
"2018/04/26","599.0","599.0","596.0","599.0","+3.0","13,800","8,248","0","14,600","0.00","-","2.90","606.80","601.48","622.21","633.60","619.00","26,280","18,964","48,698"
"2018/04/25","599.0","599.0","572.0","596.0","-18.0","51,700","30,629","0","14,600","0.00","-","2.90","608.60","601.40","622.93","634.30","618.97","25,980","18,748","49,133"
"2018/04/24","611.0","615.0","609.0","614.0","+2.0","31,900","19,520","0","16,100","0.00","-","2.90","611.20","601.44","623.65","634.86","618.93","18,480","17,196","49,145"
"2018/04/23","610.0","614.0","610.0","612.0","-1.0","13,700","8,382","0","14,600","0.00","-","2.90","609.40","600.84","624.31","635.35","618.77","14,640","16,824","49,141"
"2018/04/20","613.0","617.0","607.0","613.0","+5.0","20,300","12,442","0","16,200","0.00","-","2.90","608.00","600.32","624.99","635.56","618.63","17,680","17,860","49,445"
"2018/04/19","606.0","610.0","605.0","608.0","-1.0","12,300","7,469","0","14,300","0.00","-","2.90","606.80","599.72","625.67","635.69","618.42","17,780","22,248","50,324"
"2018/04/18","606.0","610.0","606.0","609.0","+4.0","14,200","8,633","0","14,200","0.00","-","2.90","606.40","600.72","626.40","635.91","618.36","22,620","24,028","50,741"
"2018/04/17","604.0","608.0","604.0","605.0","0.0","12,700","7,680","0","13,200","0.00","-","2.90","606.00","601.44","627.16","635.97","618.11","22,560","24,412","51,060"
"2018/04/16","608.0","608.0","604.0","605.0","-2.0","28,900","17,509","0","14,200","0.00","-","2.90","605.60","602.20","628.07","635.99","617.86","22,600","24,324","51,365"
"2018/04/13","606.0","610.0","606.0","607.0","+1.0","20,800","12,626","0","14,200","0.00","-","2.90","604.40","603.00","629.07","635.98","617.64","19,160","24,344","51,452"
"2018/04/12","607.0","611.0","603.0","606.0","-1.0","36,500","22,154","0","14,200","0.00","-","2.90","603.80","603.76","630.11","635.95","617.43","17,840","24,056","52,005"
"2018/04/11","605.0","609.0","601.0","607.0","+4.0","13,900","8,404","0","13,100","0.00","-","2.90","603.80","604.32","631.28","636.12","617.18","12,300","23,676","54,774"
"2018/04/10","602.0","604.0","599.0","603.0","+4.0","12,900","7,764","0","13,200","0.00","-","2.90","603.00","604.96","632.17","636.47","616.95","12,600","24,228","55,152"
"2018/04/09","598.0","601.0","598.0","599.0","-5.0","11,700","7,016","0","13,200","0.00","-","2.90","602.40","605.56","633.04","636.83","616.71","12,800","24,336","55,446"
"2018/04/06","606.0","606.0","602.0","604.0","-2.0","14,200","8,580","0","13,300","0.00","-","2.90","603.00","606.36","633.92","637.36","616.52","13,860","25,792","56,066"
"2018/04/05","605.0","607.0","604.0","606.0","+3.0","8,800","5,328","0","13,100","0.00","-","2.90","603.20","607.08","634.63","638.02","616.32","14,220","26,780","57,554"
"2018/04/04","600.0","608.0","600.0","603.0","+3.0","15,400","9,296","0","13,100","0.00","-","2.90","600.20","607.92","635.67","638.69","616.13","14,360","27,136","58,682"
"2018/04/03","604.0","604.0","595.0","600.0","-2.0","13,900","8,342","0","13,100","0.00","-","2.90","598.40","608.84","636.72","639.41","615.96","14,300","27,656","59,030"
"2018/04/02","604.0","605.0","599.0","602.0","-3.0","17,000","10,231","0","13,000","0.00","-","2.90","596.20","609.88","637.77","640.10","615.92","13,600","29,660","59,801"
"2018/03/30","597.0","605.0","594.0","605.0","+14.0","16,000","9,594","0","13,000","0.00","-","2.90","591.00","610.68","638.61","640.71","615.88","16,900","30,516","59,930"
"2018/03/29","594.0","594.0","588.0","591.0","-3.0","9,500","5,614","0","13,200","0.00","-","2.90","586.80","611.24","639.29","641.25","615.82","18,700","31,228","59,916"
"2018/03/28","596.0","596.0","587.0","594.0","+5.0","15,100","8,942","0","11,200","0.00","-","2.90","588.00","612.60","640.08","641.88","615.82","18,480","33,764","60,433"
"2018/03/27","598.0","598.0","583.0","589.0","+13.0","10,400","6,125","0","30,200","0.00","-","2.80","588.60","612.92","641.07","642.63","615.82","18,040","33,888","61,037"
"2018/03/26","582.0","583.0","574.0","576.0","-8.0","33,500","19,438","0","28,400","0.00","-","2.70","590.60","613.36","642.31","643.53","615.84","20,480","34,260","62,669"
"2018/03/23","592.0","592.0","580.0","584.0","-13.0","25,000","14,638","0","28,400","0.00","-","2.90","595.20","614.08","643.32","644.67","615.95","21,700","33,808","62,920"
"2018/03/22","607.0","607.0","597.0","597.0","0.0","8,400","5,064","0","29,200","0.00","-","2.80","598.00","614.40","644.31","645.44","616.05","42,700","33,440","63,341"
"2018/03/20","595.0","599.0","593.0","597.0","-2.0","12,900","7,687","0","29,200","0.00","-","2.80","605.20","614.04","645.27","645.79","616.07","52,380","34,096","64,273"
"2018/03/19","604.0","604.0","597.0","599.0","0.0","22,600","13,561","0","29,300","0.00","-","2.80","611.20","613.56","646.00","646.19","616.14","54,560","34,668","66,568"
"2018/03/16","603.0","603.0","596.0","599.0","+1.0","39,600","23,712","0","29,600","0.00","-","2.80","616.20","613.56","646.85","646.69","616.15","52,140","35,204","73,116"
"2018/03/15","603.0","608.0","587.0","598.0","-35.0","130,000","77,814","0","29,800","0.00","-","2.90","621.40","614.00","647.31","647.06","616.12","50,100","34,552","73,012"
"2018/03/14","624.0","640.0","624.0","633.0","+6.0","56,800","35,878","0","27,300","0.00","-","2.70","627.00","613.92","647.68","647.88","616.14","26,820","31,892","71,616"
"2018/03/13","624.0","627.0","622.0","627.0","+3.0","23,800","14,860","0","30,000","0.00","-","2.60","624.40","612.08","647.64","648.00","616.00","20,860","35,356","71,669"
"2018/03/12","626.0","627.0","620.0","624.0","-1.0","10,500","6,547","0","28,400","0.00","-","2.90","623.60","612.60","647.48","647.89","615.82","21,640","36,972","71,882"
"2018/03/09","622.0","627.0","617.0","625.0","-1.0","29,400","18,262","0","28,400","0.00","-","2.80","622.40","613.64","647.25","647.78","615.59","22,660","37,868","72,042"
"2018/03/08","620.0","626.0","620.0","626.0","+6.0","13,600","8,483","0","28,400","0.00","-","2.90","621.20","614.72","646.97","647.57","615.34","26,400","38,228","72,206"
"2018/03/07","620.0","622.0","611.0","620.0","-3.0","27,000","16,653","0","28,400","0.00","-","2.90","620.40","615.72","646.68","647.47","615.14","31,460","38,664","73,136"
"2018/03/06","619.0","627.0","619.0","623.0","+5.0","27,700","17,289","0","28,400","0.00","-","2.80","621.80","617.16","646.72","647.42","614.89","29,600","39,524","73,845"
"2018/03/05","619.0","621.0","614.0","618.0","-1.0","15,600","9,640","0","28,400","0.00","-","2.90","622.40","619.00","646.97","647.32","614.64","29,740","40,192","74,338"
"2018/03/02","619.0","619.0","595.0","619.0","-3.0","48,100","29,292","0","28,400","0.00","-","3.00","624.00","620.88","647.25","647.29","614.36","39,420","42,884","75,052"
"2018/03/01","626.0","630.0","620.0","622.0","-5.0","38,900","24,290","0","28,300","0.00","-","3.00","624.60","622.52","647.69","647.16","614.09","37,480","42,528","75,442"
"2018/02/28","626.0","632.0","622.0","627.0","+1.0","17,700","11,081","0","30,300","0.00","-","3.00","624.00","624.12","648.33","646.97","613.83","36,460","45,552","75,910"
"2018/02/27","627.0","633.0","623.0","626.0","0.0","28,400","17,848","0","31,400","0.00","-","3.00","623.60","626.12","648.95","646.74","613.54","47,500","46,680","76,380"
"2018/02/26","631.0","639.0","621.0","626.0","+4.0","64,000","40,216","0","32,400","0.00","-","2.90","618.80","628.04","649.60","646.51","613.28","45,460","47,644","78,366"
"2018/02/23","619.0","628.0","610.0","622.0","+3.0","38,400","23,924","0","31,400","0.00","-","2.80","613.60","630.04","650.17","646.30","613.05","36,600","47,904","78,052"
"2018/02/22","627.0","632.0","615.0","619.0","-6.0","33,800","21,078","0","31,300","0.00","-","2.90","608.00","632.24","650.72","646.13","612.81","33,360","56,588","78,121"
"2018/02/21","607.0","635.0","605.0","625.0","+23.0","72,900","45,424","0","31,400","0.00","-","2.80","602.60","635.24","651.25","645.99","612.61","29,760","68,592","78,264"
"2018/02/20","603.0","608.0","596.0","602.0","+2.0","18,200","10,937","0","30,400","0.00","-","2.80","595.20","637.56","651.64","645.69","612.37","20,140","68,120","78,448"
"2018/02/19","596.0","607.0","596.0","600.0","+6.0","19,700","11,861","0","30,300","0.00","-","2.80","591.80","640.60","652.53","645.56","612.21","21,940","69,640","79,496"
"2018/02/16","594.0","597.0","590.0","594.0","+2.0","22,200","13,181","0","30,400","0.00","-","2.80","591.60","643.52","653.59","645.44","612.19","25,200","71,664","83,000"
"2018/02/15","594.0","594.0","591.0","592.0","+4.0","15,800","9,377","0","30,100","0.00","-","2.60","594.80","646.84","654.87","645.36","612.24","25,420","80,328","89,457"
"2018/02/14","586.0","593.0","584.0","588.0","+3.0","24,800","14,543","0","29,200","0.00","-","2.70","595.60","650.76","655.79","645.32","612.20","34,960","93,692","92,032"
"2018/02/13","604.0","607.0","585.0","585.0","-14.0","27,200","16,246","0","30,000","0.00","-","2.40","595.40","653.36","656.37","645.40","612.22","58,680","94,556","92,517"
"2018/02/09","580.0","608.0","580.0","599.0","-11.0","36,000","21,224","0","30,200","0.00","-","2.70","606.40","655.96","657.07","645.45","612.26","66,080","95,572","93,472"
"2018/02/08","599.0","614.0","599.0","610.0","+14.0","23,300","14,194","0","31,200","0.00","-","2.90","616.60","658.52","657.73","645.30","612.28","65,460","95,396","101,016"
"2018/02/07","599.0","612.0","595.0","596.0","+9.0","63,500","38,429","0","31,300","0.00","-","2.90","625.00","660.64","658.08","645.06","612.27","68,480","95,924","106,150"
"2018/02/06","610.0","612.0","573.0","587.0","-53.0","143,400","85,119","0","31,400","0.00","-","3.00","636.00","663.36","659.20","644.99","612.50","60,680","96,832","130,818"
"2018/02/05","636.0","644.0","630.0","640.0","-10.0","64,200","40,931","0","31,500","0.00","-","2.90","649.80","666.40","659.97","644.99","612.69","41,700","92,840","138,174"
"2018/02/02","656.0","656.0","644.0","650.0","-2.0","32,900","21,364","0","33,100","0.00","-","3.10","655.60","667.44","659.65","644.51","612.99","37,740","91,796","137,585"
"2018/02/01","656.0","658.0","651.0","652.0","+1.0","38,400","25,089","0","33,300","0.00","-","3.10","658.60","668.36","659.16","644.28","612.73","47,740","91,904","137,786"
"2018/01/31","655.0","659.0","651.0","651.0","-5.0","24,500","16,026","0","33,100","0.00","-","3.10","660.20","669.48","658.52","643.63","612.55","47,900","91,784","137,873"
"2018/01/30","665.0","669.0","652.0","656.0","-13.0","48,500","31,926","0","33,100","0.00","-","3.10","662.40","670.84","658.05","642.93","612.14","65,900","93,296","138,102"
"2018/01/29","671.0","675.0","663.0","669.0","+4.0","44,400","29,693","0","33,800","0.00","-","3.10","666.60","672.36","657.51","642.19","611.81","65,380","101,124","138,861"
"2018/01/26","661.0","680.0","661.0","665.0","+5.0","82,900","55,496","0","33,400","0.00","-","3.10","667.60","672.56","656.76","641.31","611.32","67,000","101,036","138,690"
"2018/01/25","661.0","666.0","658.0","660.0","-2.0","39,200","25,904","0","34,200","0.00","-","3.10","669.80","672.68","656.09","640.43","610.80","64,520","99,120","138,501"
"2018/01/24","677.0","677.0","658.0","662.0","-15.0","114,500","76,054","0","34,900","0.00","-","3.10","673.20","672.88","655.37","639.59","610.30","107,780","99,880","138,169"
"2018/01/23","675.0","681.0","668.0","677.0","+3.0","45,900","30,953","0","36,300","0.00","-","3.10","679.60","672.68","654.59","638.73","609.78","151,660","100,332","137,586"
"2018/01/22","670.0","678.0","666.0","674.0","-2.0","52,500","35,285","0","36,300","0.00","-","3.10","680.80","672.96","653.61","637.69","609.22","154,700","102,232","137,681"
"2018/01/19","679.0","686.0","675.0","676.0","-1.0","70,500","47,915","0","37,500","0.00","-","3.10","681.60","673.28","652.67","636.68","608.69","155,440","101,792","137,753"
"2018/01/18","710.0","732.0","676.0","677.0","-17.0","255,500","179,611","0","38,200","0.00","-","3.20","681.00","673.40","651.72","635.64","608.10","155,400","101,840","137,057"
"2018/01/17","693.0","718.0","678.0","694.0","+11.0","333,900","233,470","0","36,900","0.00","-","3.10","681.00","672.92","650.76","634.68","607.49","152,060","92,688","134,329"
"2018/01/16","688.0","695.0","671.0","683.0","+5.0","61,100","41,790","0","35,700","0.00","-","3.10","680.20","671.40","649.57","633.49","606.80","155,260","79,928","131,104"
"2018/01/15","670.0","678.0","664.0","678.0","+5.0","56,200","37,591","0","35,800","0.00","-","3.10","674.20","670.08","648.40","632.35","606.12","152,320","79,416","133,097"
"2018/01/12","687.0","687.0","673.0","673.0","-4.0","70,300","47,853","0","34,500","0.00","-","3.10","668.60","669.68","647.21","631.24","605.48","151,600","79,584","132,681"
"2018/01/11","696.0","697.0","661.0","677.0","-13.0","238,800","162,835","0","35,300","0.00","-","3.20","666.60","670.04","646.08","630.22","604.87","143,860","82,084","132,206"
"2018/01/10","651.0","702.0","648.0","690.0","+37.0","349,900","238,497","0","29,900","0.00","-","3.10","663.80","669.04","644.87","629.33","604.22","103,400","74,624","129,228"
"2018/01/09","649.0","658.0","641.0","653.0","+3.0","46,400","30,171","0","37,300","0.00","-","3.00","658.60","667.76","643.51","628.24","603.52","50,660","62,892","125,028"
"2018/01/05","663.0","663.0","650.0","650.0","-13.0","52,600","34,527","0","34,100","0.00","-","3.10","660.60","668.40","642.75","627.47","603.00","50,100","64,168","125,333"
"2018/01/04","666.0","666.0","660.0","663.0","0.0","31,600","20,957","0","31,100","0.00","-","3.10","663.80","668.48","641.95","626.66","602.54","47,200","69,464","125,316"
"2017/12/29","664.0","669.0","662.0","663.0","-1.0","36,500","24,246","0","28,800","0.00","-","3.10","665.80","668.48","640.89","625.69","602.06","48,000","88,748","125,228"
"2017/12/28","664.0","674.0","659.0","664.0","+1.0","86,200","57,298","0","30,300","0.00","-","3.10","669.20","667.28","639.87","624.70","601.46","47,780","88,560","125,801"
"2017/12/27","663.0","664.0","655.0","663.0","-3.0","43,600","28,755","0","30,300","0.00","-","3.10","673.40","665.76","638.87","623.72","600.85","43,000","86,124","125,484"
"2017/12/26","672.0","673.0","660.0","666.0","-7.0","38,100","25,343","0","30,300","0.00","-","3.10","679.60","664.44","637.85","622.74","600.21","83,120","86,812","125,932"
"2017/12/25","684.0","686.0","673.0","673.0","-7.0","35,600","24,181","0","30,300","0.00","-","3.10","681.20","662.40","636.87","621.71","599.59","83,940","86,880","130,000"
"2017/12/22","693.0","695.0","680.0","680.0","-5.0","35,400","24,320","0","30,300","0.00","-","3.20","680.20","659.76","636.25","620.66","598.94","83,820","86,356","136,082"
"2017/12/21","685.0","695.0","685.0","685.0","-9.0","62,300","42,840","0","28,300","0.00","-","3.20","677.20","656.72","635.01","619.52","598.26","88,380","86,608","140,304"
"2017/12/20","684.0","705.0","675.0","694.0","+20.0","244,200","169,113","0","26,300","0.00","-","2.60","671.60","653.48","633.63","618.38","597.54","101,080","87,448","139,626"
"2017/12/19","673.0","674.0","664.0","674.0","+6.0","42,200","28,271","0","25,400","0.00","-","2.50","669.60","650.64","632.13","617.15","596.77","70,920","80,888","136,504"
"2017/12/18","670.0","670.0","656.0","668.0","+3.0","35,000","23,208","0","26,900","0.00","-","2.50","671.20","649.36","630.89","616.09","596.12","70,780","81,788","136,048"
"2017/12/15","657.0","670.0","657.0","665.0","+8.0","58,200","38,539","0","28,900","0.00","-","2.60","673.40","648.20","629.68","615.03","595.49","78,120","83,152","136,596"
"2017/12/14","686.0","689.0","655.0","657.0","-27.0","125,800","84,199","0","29,400","0.00","-","2.70","673.40","647.68","628.49","614.03","594.88","71,820","83,920","136,293"
"2017/12/13","684.0","698.0","682.0","684.0","+2.0","93,400","64,296","0","24,700","0.00","-","2.60","673.20","648.20","627.41","613.17","594.32","49,640","81,848","134,814"
"2017/12/12","675.0","683.0","670.0","682.0","+3.0","41,500","28,065","0","24,400","0.00","-","3.10","666.40","647.76","625.93","612.03","593.62","40,620","80,228","133,673"
"2017/12/11","672.0","683.0","664.0","679.0","+14.0","71,700","48,562","0","24,800","0.00","-","3.00","663.60","647.48","624.48","610.93","592.92","44,400","85,664","133,329"
"2017/12/08","659.0","670.0","654.0","665.0","+9.0","26,700","17,642","0","24,500","0.00","-","2.90","664.20","647.08","623.05","609.91","592.24","56,620","84,412","132,714"
"2017/12/07","652.0","657.0","651.0","656.0","+6.0","14,900","9,726","0","24,500","0.00","-","3.00","661.60","647.00","621.93","609.04","591.66","61,740","85,088","133,576"
"2017/12/06","662.0","673.0","650.0","650.0","-18.0","48,300","31,868","0","24,900","0.00","-","3.00","662.00","647.12","620.85","608.25","591.15","70,080","86,272","134,014"
"2017/12/05","676.0","683.0","661.0","668.0","-14.0","60,400","40,510","0","24,900","0.00","-","3.10","665.80","647.28","619.77","607.57","590.68","76,080","87,808","133,701"
"2017/12/04","653.0","684.0","651.0","682.0","+30.0","132,800","89,032","0","27,000","0.00","-","3.00","662.60","647.32","618.43","606.71","590.07","101,000","89,264","133,044"
"2017/12/01","667.0","668.0","645.0","652.0","-6.0","52,300","34,240","0","26,600","0.00","-","3.00","658.80","647.20","616.95","605.73","589.38","177,180","95,252","132,290"
"2017/11/30","670.0","672.0","653.0","658.0","-11.0","56,600","37,376","0","28,400","0.00","-","3.00","655.00","648.72","616.09","605.11","588.85","173,080","113,420","133,434"
"2017/11/29","661.0","669.0","653.0","669.0","+17.0","78,300","51,846","0","29,800","0.00","-","3.00","648.60","648.84","615.07","604.39","588.26","166,820","119,512","133,277"
"2017/11/28","662.0","685.0","649.0","652.0","-11.0","185,000","123,312","0","28,800","0.00","-","3.00","640.80","647.36","613.83","603.64","587.62","163,320","118,828","133,188"
"2017/11/27","703.0","706.0","662.0","663.0","+30.0","513,700","352,652","0","26,900","0.00","-","2.90","633.40","646.76","612.72","602.99","586.99","134,280","115,380","130,804"
"2017/11/24","626.0","638.0","619.0","633.0","+7.0","31,800","20,085","0","39,800","0.00","-","2.90","622.20","646.20","611.43","602.18","586.33","36,040","118,904","124,098"
"2017/11/22","632.0","633.0","625.0","626.0","-4.0","25,300","15,923","0","39,800","0.00","-","2.90","616.40","646.32","610.51","601.69","585.76","38,020","133,968","123,736"
"2017/11/21","619.0","636.0","619.0","630.0","+15.0","60,800","38,275","0","38,800","0.00","-","2.90","612.00","648.48","609.71","601.15","585.24","49,620","209,500","123,577"
"2017/11/20","614.0","616.0","606.0","615.0","+8.0","39,800","24,298","0","39,800","0.00","-","2.80","610.60","649.08","608.84","600.80","584.72","53,500","234,872","122,853"
"2017/11/17","609.0","614.0","605.0","607.0","+3.0","22,500","13,707","0","39,800","0.00","-","2.80","616.00","649.12","608.15","600.24","584.26","58,480","234,080","122,581"
"2017/11/16","596.0","612.0","589.0","604.0","0.0","41,700","25,122","0","38,800","0.00","-","2.80","622.40","649.36","607.63","599.73","583.86","67,800","235,100","122,340"
"2017/11/15","613.0","616.0","599.0","604.0","-19.0","83,300","50,472","0","38,800","0.00","-","2.90","632.00","649.36","607.12","599.30","583.47","74,940","235,228","122,013"
"2017/11/14","635.0","640.0","615.0","623.0","-19.0","80,200","50,074","0","41,300","0.00","-","2.90","645.20","649.84","606.68","598.90","583.09","73,080","233,564","121,048"
"2017/11/13","635.0","648.0","624.0","642.0","+3.0","64,700","40,962","0","64,700","0.00","-","3.00","655.20","649.52","605.99","598.23","582.60","67,620","234,572","120,154"
"2017/11/10","648.0","648.0","635.0","639.0","-13.0","69,100","44,206","0","65,700","0.00","-","3.00","661.80","648.36","605.00","597.42","582.00","90,160","233,248","119,493"
"2017/11/09","668.0","673.0","648.0","652.0","-18.0","77,400","51,033","0","54,600","0.00","-","3.00","667.80","647.40","603.97","596.58","581.44","84,420","233,232","118,817"
"2017/11/08","671.0","679.0","662.0","670.0","-3.0","74,000","49,508","0","44,600","0.00","-","3.00","670.00","645.56","602.81","595.67","580.79","77,660","230,708","118,246"
"2017/11/07","675.0","682.0","666.0","673.0","-2.0","52,900","35,596","0","46,500","0.00","-","3.00","667.80","642.88","601.49","594.62","580.05","71,760","230,580","117,309"
"2017/11/06","667.0","700.0","663.0","675.0","+6.0","177,400","121,280","0","48,200","0.00","-","3.10","664.00","640.12","600.12","593.56","579.32","78,520","230,584","116,798"
"2017/11/02","671.0","675.0","664.0","669.0","+6.0","40,400","27,045","0","49,100","0.00","-","3.10","662.80","637.24","598.75","592.51","578.56","62,400","225,804","114,770"
"2017/11/01","663.0","673.0","661.0","663.0","+4.0","43,600","29,010","0","50,300","0.00","-","3.10","664.80","634.68","597.52","591.73","577.86","110,820","224,920","114,421"
"2017/10/31","655.0","667.0","655.0","659.0","+5.0","44,500","29,385","0","49,100","0.00","-","3.00","670.20","632.36","596.39","591.05","577.21","203,400","225,212","113,917"
"2017/10/30","679.0","679.0","650.0","654.0","-15.0","86,700","57,706","0","46,500","0.00","-","3.10","670.60","630.20","595.29","590.38","576.57","236,280","227,112","113,482"
"2017/10/27","689.0","689.0","663.0","669.0","-10.0","96,800","64,951","0","46,600","0.00","-","3.20","666.20","627.84","594.33","589.76","575.96","231,180","232,068","112,510"
"2017/10/26","692.0","696.0","660.0","679.0","-11.0","282,500","191,426","0","62,000","0.00","-","3.20","659.80","624.64","593.17","589.01","575.29","231,580","229,196","112,258"
"2017/10/25","670.0","727.0","666.0","690.0","+29.0","506,500","354,373","0","47,900","0.00","-","3.10","653.80","621.00","591.91","588.15","574.57","295,440","219,284","109,041"
"2017/10/24","642.0","669.0","637.0","661.0","+29.0","208,900","136,062","0","45,500","0.00","-","3.00","643.00","616.84","590.57","587.23","573.80","275,820","199,640","102,690"
"2017/10/23","634.0","636.0","626.0","632.0","-5.0","61,200","38,598","0","43,500","0.00","-","3.00","646.80","613.92","589.57","586.66","573.16","616,760","192,680","101,753"
"2017/10/20","642.0","645.0","628.0","637.0","-12.0","98,800","62,787","0","43,100","0.00","-","3.00","649.40","612.48","589.07","586.34","572.63","743,540","193,004","102,161"
"2017/10/19","634.0","695.0","627.0","649.0","+13.0","601,800","398,781","0","43,600","0.00","-","2.90","645.20","610.60","588.40","586.08","572.06","727,780","191,104","101,056"
"2017/10/18","670.0","681.0","635.0","636.0","-44.0","408,400","268,158","0","43,800","0.00","-","3.00","638.00","608.00","587.51","585.61","571.43","617,020","168,032","93,256"
"2017/10/17","639.0","745.0","622.0","680.0","+35.0","1,913,600","1,320,850","0","56,300","0.00","-","2.90","631.60","606.00","586.81","585.17","570.88","544,320","154,876","88,141"
"2017/10/16","616.0","673.0","614.0","645.0","+29.0","695,100","446,827","0","24,200","0.00","-","2.80","618.80","602.36","585.37","584.40","570.06","169,940","80,828","63,534"
"2017/10/13","611.0","616.0","608.0","616.0","+3.0","20,000","12,254","0","23,000","0.00","-","2.80","612.80","600.04","584.71","583.99","569.55","52,000","56,112","56,758"
"2017/10/12","611.0","613.0","604.0","613.0","+9.0","48,000","29,269","0","23,700","0.00","-","2.80","612.20","599.08","583.95","583.74","569.20","54,320","69,040","56,577"
"2017/10/11","615.0","615.0","602.0","604.0","-12.0","44,900","27,272","0","23,700","0.00","-","2.90","612.60","599.64","583.19","583.39","568.96","58,460","86,792","56,288"
"2017/10/10","618.0","624.0","616.0","616.0","+1.0","41,700","25,835","0","24,400","0.00","-","2.90","613.00","598.96","582.61","583.10","568.67","52,340","99,076","55,846"
"2017/10/06","614.0","628.0","613.0","615.0","+2.0","105,400","65,331","0","25,300","0.00","-","2.80","610.40","597.56","581.92","582.80","568.36","58,160","97,868","55,636"
"2017/10/05","612.0","619.0","611.0","613.0","-2.0","31,600","19,429","0","21,600","0.00","-","2.90","608.20","596.24","581.13","582.35","568.02","47,680","94,052","54,564"
"2017/10/04","606.0","615.0","606.0","615.0","+9.0","68,700","41,950","0","18,900","0.00","-","2.80","606.20","594.96","580.44","581.96","567.72","52,940","93,108","54,428"
"2017/10/03","608.0","608.0","605.0","606.0","+3.0","14,300","8,674","0","14,000","0.00","-","2.80","604.20","593.44","579.64","581.42","567.42","42,860","93,404","53,937"
"2017/10/02","606.0","615.0","600.0","603.0","-1.0","70,800","42,810","0","11,100","0.00","-","2.90","604.00","592.24","579.04","581.02","567.10","50,180","94,252","54,152"
"2017/09/29","603.0","608.0","600.0","604.0","+1.0","53,000","31,952","0","7,100","0.00","-","2.90","604.40","591.16","578.53","580.69","566.80","54,420","92,016","53,504"
"2017/09/28","605.0","611.0","600.0","603.0","-2.0","57,900","35,037","0","8,100","0.00","-","2.90","602.60","589.92","578.04","580.33","566.51","85,940","90,208","53,177"
"2017/09/27","605.0","607.0","601.0","605.0","0.0","18,300","11,055","0","8,500","0.00","-","2.90","599.80","588.72","577.60","580.04","566.31","79,360","88,520","53,665"
"2017/09/26","605.0","608.0","602.0","605.0","0.0","50,900","30,816","0","9,000","0.00","-","2.90","596.40","587.40","577.41","579.79","566.07","82,640","88,812","53,790"
"2017/09/25","610.0","615.0","601.0","605.0","+10.0","92,000","55,780","0","9,000","0.00","-","2.90","592.60","586.44","577.28","579.49","565.80","75,540","90,428","53,697"
"2017/09/22","590.0","613.0","590.0","595.0","+6.0","210,600","126,594","0","11,400","0.00","-","2.90","589.20","585.24","577.11","579.22","565.59","64,120","88,660","52,929"
"2017/09/21","588.0","589.0","582.0","589.0","+1.0","25,000","14,651","0","4,800","0.00","-","2.90","589.40","584.20","577.07","579.04","565.52","35,860","81,228","50,245"
"2017/09/20","587.0","590.0","583.0","588.0","+2.0","34,700","20,340","0","5,700","0.00","-","2.90","589.60","583.32","577.13","578.86","565.54","41,120","80,672","50,417"
"2017/09/19","586.0","590.0","585.0","586.0","-2.0","15,400","9,039","0","5,700","0.00","-","2.90","588.80","582.64","577.20","578.94","565.80","39,180","82,336","50,386"
"2017/09/15","596.0","598.0","585.0","588.0","-8.0","34,900","20,612","0","6,000","0.00","-","2.90","588.80","582.72","577.36","579.12","565.77","52,000","87,244","50,410"
"2017/09/14","590.0","603.0","590.0","596.0","+6.0","69,300","41,342","0","6,300","0.00","-","2.90","589.00","582.44","577.57","579.07","565.68","57,500","87,640","50,478"
"2017/09/13","585.0","591.0","582.0","590.0","+6.0","51,300","30,142","0","6,300","0.00","-","2.80","587.20","581.64","577.63","579.03","565.48","59,080","87,732","50,446"
"2017/09/12","589.0","589.0","582.0","584.0","-2.0","25,000","14,638","0","12,500","0.00","-","2.90","587.60","580.80","577.91","579.07","565.30","117,460","85,928","52,240"
"2017/09/11","583.0","587.0","578.0","586.0","-3.0","79,500","46,307","0","8,300","0.00","-","2.50","596.20","580.08","578.15","579.25","565.11","210,820","85,360","52,660"
"2017/09/08","590.0","591.0","583.0","589.0","+2.0","62,400","36,722","0","7,600","0.00","-","2.90","596.40","579.20","578.23","579.47","564.69","265,320","82,364","51,933"
"2017/09/07","593.0","593.0","583.0","587.0","-5.0","77,200","45,385","0","11,800","0.00","-","2.90","594.80","578.28","578.41","580.00","564.21","255,140","80,404","51,682"
"2017/09/06","622.0","635.0","583.0","592.0","-35.0","343,200","207,711","0","6,200","0.00","-","3.00","593.80","577.40","578.64","580.39","563.73","241,700","77,576","52,242"
"2017/09/05","595.0","645.0","592.0","627.0","+40.0","491,800","301,852","0","12,500","0.00","-","2.90","591.60","576.24","578.63","581.46","563.18","174,660","64,624","48,410"
"2017/09/04","591.0","628.0","583.0","587.0","+6.0","352,000","211,790","0","16,100","0.00","-","2.80","581.60","573.88","577.97","581.18","562.44","91,520","45,128","41,990"
"2017/09/01","583.0","584.0","579.0","581.0","-1.0","11,500","6,685","0","10,900","0.00","-","2.80","579.40","573.04","577.81","581.46","561.87","28,220","31,736","38,142"
"2017/08/31","579.0","584.0","579.0","582.0","+1.0","10,000","5,816","0","11,900","0.00","-","2.80","578.40","572.64","577.88","581.35","561.32","28,900","31,712","38,996"
"2017/08/30","579.0","581.0","577.0","581.0","+4.0","8,000","4,630","0","11,900","0.00","-","2.80","576.60","572.20","577.72","581.43","560.76","28,460","31,840","39,545"
"2017/08/29","586.0","595.0","575.0","577.0","+1.0","76,100","44,438","0","12,500","0.00","-","2.80","575.00","571.68","577.63","581.32","560.24","30,000","32,124","41,853"
"2017/08/28","573.0","589.0","573.0","576.0","0.0","35,500","20,635","0","13,800","0.00","-","2.80","574.00","571.08","577.41","581.16","559.71","19,900","29,816","41,317"
"2017/08/25","574.0","579.0","572.0","576.0","+3.0","14,900","8,562","0","12,800","0.00","-","2.80","575.00","570.64","577.28","581.00","559.20","31,060","29,780","41,118"
"2017/08/24","573.0","575.0","571.0","573.0","0.0","7,800","4,468","0","12,900","0.00","-","2.80","574.80","570.44","577.20","580.83","558.71","37,640","29,332","41,101"
"2017/08/23","575.0","576.0","570.0","573.0","+1.0","15,700","8,987","0","13,800","0.00","-","2.80","574.00","570.32","577.13","580.74","558.25","41,040","29,604","41,608"
"2017/08/22","580.0","580.0","571.0","572.0","-9.0","25,600","14,717","0","17,800","0.00","-","2.80","572.80","570.28","577.15","580.69","557.78","40,120","29,988","42,168"
"2017/08/21","585.0","587.0","574.0","581.0","+6.0","91,300","53,211","0","18,700","0.00","-","2.70","572.60","570.48","577.25","580.56","557.31","50,260","29,532","42,600"
"2017/08/18","568.0","585.0","568.0","575.0","+6.0","47,800","27,618","0","14,800","0.00","-","2.60","574.00","570.36","577.17","580.30","556.81","59,620","26,112","42,080"
"2017/08/17","565.0","570.0","565.0","569.0","+2.0","24,800","14,077","0","14,800","0.00","-","2.60","575.20","570.44","577.21","580.10","556.34","59,020","24,676","42,982"
"2017/08/16","571.0","571.0","566.0","567.0","-4.0","11,100","6,301","0","16,100","0.00","-","2.60","576.60","570.96","577.32","579.88","555.91","68,380","24,236","43,168"
"2017/08/15","578.0","578.0","566.0","571.0","-17.0","76,300","43,568","0","16,100","0.00","-","2.70","577.00","571.56","577.37","579.71","555.47","67,400","26,908","44,793"
"2017/08/14","589.0","599.0","579.0","588.0","+7.0","138,100","81,419","0","14,800","0.00","-","2.50","576.00","572.08","577.71","579.51","554.99","54,300","25,504","45,917"
"2017/08/10","579.0","585.0","574.0","581.0","+5.0","44,800","25,997","0","11,600","0.00","-","2.40","571.20","572.16","577.92","579.11","554.44","27,600","21,188","48,265"
"2017/08/09","570.0","587.0","570.0","576.0","+7.0","71,600","41,338","0","11,700","0.00","-","2.40","568.20","572.36","577.95","578.80","553.91","21,320","24,940","48,801"
"2017/08/08","567.0","570.0","566.0","569.0","+3.0","6,200","3,525","0","11,700","0.00","-","2.30","566.00","573.08","578.16","578.53","553.36","8,300","25,748","48,904"
"2017/08/07","565.0","570.0","563.0","566.0","+2.0","10,800","6,124","0","11,700","0.00","-","2.40","564.80","573.80","578.49","578.41","552.85","10,940","26,136","50,112"
"2017/08/04","566.0","566.0","564.0","564.0","-2.0","4,600","2,599","0","11,700","0.00","-","2.40","565.20","574.44","578.97","578.42","552.35","9,660","26,376","52,212"
"2017/08/03","563.0","569.0","563.0","566.0","+1.0","13,400","7,588","0","11,700","0.00","-","2.40","565.60","575.24","579.56","578.22","551.87","12,180","27,184","57,230"
"2017/08/02","567.0","567.0","563.0","565.0","+2.0","6,500","3,677","0","11,700","0.00","-","2.80","566.60","575.48","580.57","577.97","551.37","11,680","29,372","62,412"
"2017/08/01","568.0","569.0","561.0","563.0","-5.0","19,400","10,926","0","11,900","0.00","-","2.80","567.80","576.68","581.39","577.68","550.86","13,020","36,588","86,540"
"2017/07/31","568.0","569.0","566.0","568.0","+2.0","4,400","2,498","0","12,400","0.00","-","2.80","568.80","576.52","583.20","577.47","550.37","12,160","36,068","102,461"
"2017/07/28","570.0","570.0","565.0","566.0","-5.0","17,200","9,743","0","12,400","0.00","-","2.80","567.60","576.04","583.61","577.22","549.85","14,960","36,944","105,388"
"2017/07/27","572.0","573.0","570.0","571.0","0.0","10,900","6,230","0","11,400","0.00","-","2.80","567.40","575.84","584.27","576.99","549.35","18,440","36,728","110,349"
"2017/07/26","573.0","580.0","568.0","571.0","+3.0","13,200","7,569","0","11,400","0.00","-","2.80","567.40","575.56","584.25","576.69","548.83","17,000","37,328","112,256"
"2017/07/25","563.0","570.0","563.0","568.0","+6.0","15,100","8,552","0","12,400","0.00","-","2.80","567.20","574.96","584.51","576.39","548.29","17,280","37,800","114,945"
"2017/07/24","568.0","568.0","560.0","562.0","-3.0","18,400","10,341","0","13,800","0.00","-","2.80","568.00","574.68","584.53","576.15","547.77","19,320","38,052","115,598"
"2017/07/21","569.0","574.0","563.0","565.0","-6.0","34,600","19,660","0","11,400","0.00","-","2.80","571.00","574.40","584.52","575.95","547.28","18,480","38,592","116,088"
"2017/07/20","571.0","575.0","571.0","571.0","+1.0","3,700","2,120","0","11,200","0.00","-","2.80","573.60","574.24","584.45","575.73","546.76","12,720","38,424","115,788"
"2017/07/19","572.0","573.0","565.0","570.0","-2.0","14,600","8,289","0","11,200","0.00","-","2.80","574.80","574.00","584.29","575.46","546.23","14,360","39,164","115,876"
"2017/07/18","581.0","581.0","569.0","572.0","-5.0","25,300","14,511","0","11,200","0.00","-","2.80","577.20","573.88","584.21","575.20","545.69","14,200","39,720","115,894"
"2017/07/14","579.0","580.0","577.0","577.0","-1.0","14,200","8,214","0","10,600","0.00","-","2.80","579.20","573.80","584.16","574.91","545.15","24,720","42,488","115,868"
"2017/07/13","579.0","581.0","577.0","578.0","+1.0","5,800","3,357","0","11,100","0.00","-","2.80","580.60","574.36","583.92","574.56","544.58","30,120","43,028","116,054"
"2017/07/12","578.0","579.0","576.0","577.0","-5.0","11,900","6,875","0","11,100","0.00","-","2.80","583.00","575.04","583.61","574.27","543.99","35,000","44,552","116,318"
"2017/07/11","580.0","584.0","580.0","582.0","0.0","13,800","8,028","0","11,100","0.00","-","2.80","584.80","575.64","583.32","574.05","543.41","60,340","45,452","116,690"
"2017/07/10","584.0","587.0","573.0","582.0","-2.0","77,900","45,197","0","11,300","0.00","-","2.80","587.20","576.04","582.85","573.79","542.82","75,940","45,272","116,736"
"2017/07/07","593.0","593.0","580.0","584.0","-6.0","41,200","24,147","0","15,100","0.00","-","2.90","588.20","576.52","582.43","573.42","542.25","63,540","43,672","115,841"
"2017/07/06","584.0","597.0","584.0","590.0","+4.0","30,200","17,823","0","13,600","0.00","-","2.90","587.80","576.88","581.99","573.03","541.67","58,660","43,320","115,496"
"2017/07/05","590.0","604.0","580.0","586.0","-8.0","138,600","82,001","0","14,100","0.00","-","2.90","586.60","577.20","581.43","572.58","541.06","57,580","42,800","115,225"
"2017/07/04","592.0","597.0","574.0","594.0","+7.0","91,800","53,999","0","12,900","0.00","-","2.90","583.80","577.92","580.95","572.13","540.50","43,480","38,856","113,501"
"2017/07/03","587.0","588.0","581.0","587.0","+5.0","15,900","9,295","0","13,200","0.00","-","2.80","584.00","578.16","580.35","571.59","539.87","62,500","37,860","112,550"
"2017/06/30","580.0","586.0","580.0","582.0","-2.0","16,800","9,807","0","13,100","0.00","-","2.80","578.40","579.12","579.95","570.99","539.28","60,600","44,656","113,018"
"2017/06/29","579.0","592.0","574.0","584.0","+12.0","24,800","14,516","0","13,600","0.00","-","2.80","573.20","579.92","579.75","570.47","538.71","62,500","46,244","118,986"
"2017/06/28","595.0","595.0","571.0","572.0","-23.0","68,100","39,596","0","14,000","0.00","-","2.90","568.60","580.24","579.21","569.83","538.14","59,900","46,252","118,877"
"2017/06/27","563.0","606.0","560.0","595.0","+36.0","186,900","110,228","0","11,400","0.00","-","2.80","567.00","581.48","578.80","569.33","537.61","51,460","45,272","118,018"
"2017/06/26","559.0","561.0","557.0","559.0","+3.0","6,400","3,577","0","15,600","0.00","-","2.80","559.20","581.84","578.01","568.63","536.95","19,080","42,564","115,704"
"2017/06/23","562.0","562.0","555.0","556.0","-5.0","26,300","14,673","0","21,000","0.00","-","2.80","559.60","583.12","577.79","568.27","536.48","22,080","44,540","115,648"
"2017/06/22","565.0","565.0","560.0","561.0","-3.0","11,800","6,633","0","21,000","0.00","-","2.80","559.40","584.00","577.61","567.98","536.03","23,200","43,900","115,368"
"2017/06/21","556.0","566.0","556.0","564.0","+8.0","25,900","14,559","0","21,000","0.00","-","2.80","559.40","584.56","577.37","567.64","535.55","26,920","45,964","115,325"
"2017/06/20","558.0","561.0","556.0","556.0","-5.0","25,000","13,956","0","20,100","0.00","-","2.80","559.60","585.44","577.07","567.28","535.06","26,180","47,948","115,288"
"2017/06/19","562.0","563.0","557.0","561.0","+6.0","21,400","11,978","0","20,100","0.00","-","2.80","561.80","586.00","576.87","566.97","534.61","26,880","48,996","115,166"
"2017/06/16","562.0","563.0","552.0","555.0","-6.0","31,900","17,732","0","20,100","0.00","-","2.80","563.60","586.52","576.64","566.57","534.11","41,500","55,384","115,026"
"2017/06/15","560.0","569.0","559.0","561.0","-4.0","30,400","17,044","0","20,100","0.00","-","2.80","570.80","586.76","576.47","566.29","533.66","40,660","55,544","114,730"
"2017/06/14","568.0","568.0","563.0","565.0","-2.0","22,200","12,555","0","19,100","0.00","-","2.80","577.60","586.96","576.23","565.91","533.17","43,360","55,152","114,452"
"2017/06/13","567.0","572.0","564.0","567.0","-3.0","28,500","16,166","0","19,300","0.00","-","2.80","583.00","587.16","575.95","565.48","532.65","45,800","54,808","114,300"
"2017/06/12","581.0","582.0","553.0","570.0","-21.0","94,500","53,758","0","19,400","0.00","-","2.90","588.00","587.20","575.64","565.07","532.12","41,960","55,500","113,984"
"2017/06/09","595.0","597.0","591.0","591.0","-4.0","27,700","16,423","0","21,200","0.00","-","2.90","592.80","587.36","575.28","564.61","531.58","30,640","54,028","113,117"
"2017/06/08","590.0","602.0","590.0","595.0","+3.0","43,900","26,066","0","21,300","0.00","-","2.90","593.20","586.92","574.63","563.99","530.96","31,580","55,240","112,954"
"2017/06/07","591.0","601.0","586.0","592.0","0.0","34,400","20,362","0","16,300","0.00","-","2.90","593.80","586.12","574.01","563.36","530.35","26,240","55,576","112,574"
"2017/06/06","594.0","595.0","590.0","592.0","-2.0","9,300","5,510","0","15,700","0.00","-","2.90","596.20","585.56","573.52","562.76","529.79","27,360","58,820","112,346"
"2017/06/05","589.0","594.0","583.0","594.0","+1.0","37,900","22,344","0","16,000","0.00","-","2.90","597.80","584.96","573.04","562.16","529.25","38,880","59,996","113,200"
"2017/06/02","600.0","600.0","590.0","593.0","-5.0","32,400","19,278","0","15,500","0.00","-","2.90","601.20","584.04","572.39","561.56","528.69","68,460","63,800","112,905"
"2017/06/01","601.0","602.0","595.0","598.0","-6.0","17,200","10,292","0","15,100","0.00","-","2.90","603.00","584.16","571.75","560.98","528.14","73,280","68,928","112,820"
"2017/05/31","600.0","606.0","598.0","604.0","+4.0","40,000","24,094","0","15,100","0.00","-","2.90","601.80","584.40","571.04","560.36","527.55","74,840","80,808","112,862"
"2017/05/30","611.0","611.0","598.0","600.0","-11.0","66,900","40,377","0","20,100","0.00","-","2.90","601.60","583.56","570.20","559.66","526.91","75,560","82,608","112,513"
"2017/05/29","622.0","623.0","608.0","611.0","+9.0","185,800","114,414","0","27,400","0.00","-","2.90","602.40","583.24","569.40","558.91","526.30","86,020","83,104","111,914"
"2017/05/26","592.0","605.0","592.0","602.0","+10.0","56,500","33,916","0","25,200","0.00","-","2.90","598.40","582.56","568.28","558.04","525.61","60,020","79,544","109,529"
"2017/05/25","603.0","603.0","591.0","592.0","-11.0","25,000","14,895","0","25,200","0.00","-","2.90","593.60","582.56","567.32","557.25","524.93","50,780","84,016","109,145"
"2017/05/24","608.0","609.0","595.0","603.0","-1.0","43,600","26,164","0","25,800","0.00","-","2.50","590.20","583.20","566.36","556.59","524.31","58,460","98,256","108,996"
"2017/05/23","590.0","610.0","588.0","604.0","+13.0","119,200","71,924","0","24,400","0.00","-","2.50","586.80","584.76","565.28","555.71","523.66","64,840","112,592","108,562"
"2017/05/22","579.0","591.0","575.0","591.0","+13.0","55,800","32,527","0","30,000","0.00","-","2.40","580.00","585.64","564.23","555.10","522.98","51,240","180,468","107,081"
"2017/05/19","577.0","582.0","574.0","578.0","+3.0","10,300","5,951","0","28,800","0.00","-","2.40","576.60","589.96","563.32","554.66","522.38","76,300","226,776","106,386"
"2017/05/18","571.0","582.0","568.0","575.0","-11.0","63,400","36,367","0","28,100","0.00","-","2.50","573.20","590.80","562.64","554.52","521.81","81,420","235,320","106,341"
"2017/05/17","573.0","589.0","569.0","586.0","+16.0","75,500","43,844","0","25,800","0.00","-","2.40","571.40","592.40","562.00","554.24","521.25","72,860","248,356","105,577"
"2017/05/16","576.0","576.0","567.0","570.0","-4.0","51,200","29,220","0","21,100","0.00","-","2.40","568.20","591.76","561.23","553.91","520.64","60,480","251,492","104,670"
"2017/05/15","589.0","600.0","574.0","574.0","+13.0","181,100","105,973","0","19,700","0.00","-","2.40","567.80","592.56","560.63","553.69","520.12","59,400","258,040","104,128"
"2017/05/12","566.0","567.0","560.0","561.0","-5.0","35,900","20,187","0","19,500","0.00","-","2.40","567.80","592.40","559.92","553.47","519.56","34,720","253,360","101,764"
"2017/05/11","574.0","574.0","566.0","566.0","-4.0","20,600","11,731","0","21,600","0.00","-","2.80","571.60","592.40","559.47","553.41","519.07","39,140","254,128","101,393"
"2017/05/10","571.0","574.0","569.0","570.0","+2.0","13,600","7,764","0","21,600","0.00","-","2.80","573.40","592.16","558.89","553.18","518.57","45,480","253,788","101,200"
"2017/05/09","571.0","576.0","563.0","568.0","-6.0","45,800","26,138","0","21,600","0.00","-","2.80","575.00","591.72","558.25","552.90","518.07","65,860","253,656","101,273"
"2017/05/08","587.0","587.0","566.0","574.0","-6.0","57,700","33,269","0","29,100","0.00","-","2.70","576.80","591.56","557.69","552.69","517.58","64,440","252,464","100,841"
"2017/05/02","574.0","582.0","570.0","580.0","+5.0","58,000","33,455","0","29,300","0.00","-","2.70","576.20","591.32","557.03","552.58","517.01","79,500","251,088","100,198"
"2017/05/01","582.0","585.0","574.0","575.0","-3.0","52,300","30,259","0","34,100","0.00","-","2.80","579.40","590.48","556.35","552.35","516.41","100,020","249,896","99,560"
"2017/04/28","577.0","591.0","570.0","578.0","+1.0","115,500","66,872","0","31,400","0.00","-","2.80","585.20","589.68","555.77","552.11","515.83","152,400","248,828","98,960"
"2017/04/27","576.0","581.0","574.0","577.0","+6.0","38,700","22,348","0","34,200","0.00","-","2.80","586.20","588.76","555.16","551.96","515.26","146,300","245,800","97,589"
"2017/04/26","576.0","586.0","566.0","571.0","-25.0","133,000","75,995","0","34,700","0.00","-","2.90","589.20","587.56","554.56","551.99","514.69","154,420","244,940","97,229"
"2017/04/25","594.0","610.0","584.0","596.0","-8.0","160,600","95,380","0","34,600","0.00","-","2.90","593.80","586.72","554.07","552.22","514.16","147,180","240,052","95,518"
"2017/04/24","603.0","622.0","590.0","604.0","+21.0","314,200","191,577","0","39,100","0.00","-","2.80","595.00","584.92","553.25","552.65","513.50","148,720","234,240","93,461"
"2017/04/21","591.0","597.0","582.0","583.0","-9.0","85,000","50,041","0","17,400","0.00","-","2.60","595.80","582.68","552.35","552.42","512.78","162,080","222,068","89,492"
"2017/04/20","589.0","600.0","587.0","592.0","-2.0","79,300","46,905","0","15,100","0.00","-","2.60","607.60","581.36","551.69","552.28","512.17","225,480","219,040","88,690"
"2017/04/19","597.0","606.0","588.0","594.0","-8.0","96,800","57,928","0","16,200","0.00","-","2.50","614.40","579.64","550.80","551.92","511.48","572,840","216,688","87,754"
"2017/04/18","598.0","618.0","598.0","602.0","-6.0","168,300","101,616","0","19,200","0.00","-","2.80","635.40","578.16","549.87","551.53","510.79","796,180","214,856","86,622"
"2017/04/17","641.0","642.0","593.0","608.0","-34.0","381,000","233,362","0","13,900","0.00","-","2.90","634.80","576.76","548.81","550.97","510.02","807,300","226,700","84,513"
"2017/04/14","655.0","680.0","626.0","642.0","+16.0","402,000","259,680","0","18,500","0.00","-","2.80","636.20","574.20","547.72","549.91","509.35","808,960","212,124","79,864"
"2017/04/13","639.0","749.0","617.0","626.0","-73.0","1,816,100","1,213,574","0","18,600","0.00","-","3.00","621.80","570.16","546.03","548.41","508.53","759,340","196,192","75,193"
"2017/04/12","617.0","699.0","616.0","699.0","+100.0","1,213,500","820,350","0","62,800","0.00","-","2.70","614.60","566.56","544.92","547.06","507.79","439,100","124,080","51,456"
"2017/04/11","614.0","623.0","585.0","599.0","-16.0","223,900","136,044","0","23,900","0.00","-","2.80","588.80","560.28","542.89","544.90","506.68","209,220","75,628","35,792"
"2017/04/10","577.0","625.0","574.0","615.0","+45.0","389,300","235,774","0","14,600","0.00","-","2.70","581.20","558.04","542.43","543.69","506.07","175,460","66,884","35,344"
"2017/04/07","582.0","591.0","565.0","570.0","-20.0","153,900","89,099","0","18,700","0.00","-","2.80","570.20","555.16","541.52","542.27","505.39","100,020","51,656","30,537"
"2017/04/06","569.0","606.0","568.0","590.0","+20.0","214,900","126,175","0","12,700","0.00","-","2.70","568.00","554.00","541.29","541.29","504.97","71,300","46,424","28,730"
"2017/04/05","561.0","578.0","561.0","570.0","+9.0","64,100","36,574","0","12,400","0.00","-","2.70","562.80","552.04","540.73","540.09","504.44","31,520","38,464","26,081"
"2017/04/04","566.0","573.0","558.0","561.0","+1.0","55,100","31,121","0","13,200","0.00","-","2.70","562.40","551.00","540.49","539.16","504.08","23,360","36,336","25,706"
"2017/04/03","555.0","565.0","555.0","560.0","+1.0","12,100","6,784","0","15,500","0.00","-","2.70","562.00","550.24","540.41","538.26","503.79","17,980","34,520","25,646"
"2017/03/31","565.0","565.0","559.0","559.0","-5.0","10,300","5,780","0","15,700","0.00","-","2.70","561.00","549.56","540.19","537.40","503.50","20,680","34,416","25,921"
"2017/03/30","568.0","568.0","562.0","564.0","-4.0","16,000","9,030","0","15,700","0.00","-","2.70","560.20","548.96","539.96","536.58","503.25","26,580","34,436","26,168"
"2017/03/29","569.0","569.0","562.0","568.0","+9.0","23,300","13,211","0","18,400","0.00","-","2.70","556.80","548.16","539.73","535.76","502.94","26,820","33,988","26,386"
"2017/03/28","565.0","567.0","557.0","559.0","+4.0","28,200","15,860","0","18,700","0.00","-","2.70","553.20","547.16","539.67","534.87","502.61","24,320","34,236","26,592"
"2017/03/27","567.0","567.0","555.0","555.0","0.0","25,600","14,403","0","22,100","0.00","-","2.70","551.60","546.48","539.64","534.06","502.33","21,740","33,728","26,540"
"2017/03/24","552.0","560.0","549.0","555.0","+8.0","39,800","22,046","0","17,500","0.00","-","2.60","550.20","546.24","539.59","533.31","502.07","18,600","33,320","26,954"
"2017/03/23","551.0","554.0","545.0","547.0","-3.0","17,200","9,453","0","17,600","0.00","-","2.60","549.20","546.24","539.69","532.57","501.83","12,500","32,420","28,496"
"2017/03/22","551.0","553.0","550.0","550.0","-1.0","10,800","5,951","0","17,600","0.00","-","2.60","549.60","546.60","540.13","531.94","501.63","13,160","34,664","29,584"
"2017/03/21","550.0","558.0","550.0","551.0","+3.0","15,300","8,457","0","17,600","0.00","-","2.60","551.00","546.40","540.72","531.22","501.42","21,200","34,864","33,161"
"2017/03/17","550.0","551.0","547.0","548.0","-2.0","9,900","5,439","0","18,500","0.00","-","2.70","554.20","546.16","541.89","530.47","501.19","111,020","35,292","43,765"
"2017/03/16","549.0","551.0","546.0","550.0","+1.0","9,300","5,099","0","18,500","0.00","-","2.60","553.40","546.04","542.33","529.76","500.98","112,360","35,712","46,200"
"2017/03/15","550.0","556.0","548.0","549.0","-8.0","20,500","11,295","0","18,500","0.00","-","2.70","551.60","545.68","542.59","529.02","500.76","111,240","35,892","48,072"
"2017/03/14","565.0","565.0","555.0","557.0","-10.0","51,000","28,504","0","16,700","0.00","-","2.70","549.00","545.32","542.68","528.19","500.51","109,800","35,952","48,460"
"2017/03/13","580.0","631.0","564.0","567.0","+23.0","464,400","274,144","0","16,700","0.00","-","2.60","546.00","544.12","542.65","527.29","500.25","100,040","34,188","48,972"
"2017/03/10","543.0","547.0","539.0","544.0","+3.0","16,600","9,007","0","16,600","0.00","-","2.60","541.20","542.64","542.37","526.28","499.94","8,220","16,720","45,628"
"2017/03/09","540.0","543.0","540.0","541.0","+5.0","3,700","2,003","0","16,600","0.00","-","2.60","541.00","541.68","541.81","525.52","499.75","6,620","16,608","45,972"
"2017/03/08","543.0","545.0","536.0","536.0","-6.0","13,300","7,185","0","16,600","0.00","-","2.60","541.00","540.92","541.16","524.76","499.55","10,500","16,904","46,124"
"2017/03/07","544.0","544.0","541.0","542.0","-1.0","2,200","1,193","0","16,600","0.00","-","2.60","542.00","540.48","540.56","524.03","499.38","11,020","16,696","46,257"
"2017/03/06","545.0","545.0","542.0","543.0","0.0","5,300","2,879","0","16,600","0.00","-","2.60","542.40","539.72","539.77","523.26","499.17","12,760","16,756","46,301"
"2017/03/03","540.0","544.0","538.0","543.0","+2.0","8,600","4,653","0","16,300","0.00","-","2.60","542.20","539.08","538.91","522.48","498.98","13,640","16,820","46,376"
"2017/03/02","543.0","549.0","540.0","541.0","0.0","23,100","12,569","0","16,300","0.00","-","2.60","542.20","538.44","537.97","521.70","498.76","13,820","16,720","46,308"
"2017/03/01","544.0","544.0","535.0","541.0","-3.0","15,900","8,579","0","16,400","0.00","-","2.60","542.80","537.92","537.05","520.96","498.56","11,360","16,096","46,149"
"2017/02/28","541.0","545.0","539.0","544.0","+2.0","10,900","5,906","0","16,600","0.00","-","2.60","543.40","537.28","536.11","520.19","498.37","9,140","15,880","46,426"
"2017/02/27","543.0","543.0","540.0","542.0","-1.0","9,700","5,253","0","16,600","0.00","-","2.60","543.20","536.36","535.21","519.39","498.16","12,860","15,596","46,422"
"2017/02/24","541.0","545.0","541.0","543.0","-1.0","9,500","5,155","0","16,600","0.00","-","2.60","543.20","535.76","534.27","518.60","497.99","14,020","15,532","46,349"
"2017/02/23","542.0","545.0","542.0","544.0","0.0","10,800","5,868","0","16,900","0.00","-","2.60","544.40","534.96","533.35","517.79","497.80","15,200","15,396","46,348"
"2017/02/22","545.0","545.0","542.0","544.0","+1.0","4,800","2,608","0","10,900","0.00","-","2.60","546.60","534.08","532.45","516.99","497.68","16,500","15,728","46,412"
"2017/02/21","542.0","546.0","538.0","543.0","+1.0","29,500","16,007","0","10,700","0.00","-","2.60","549.00","533.36","531.63","516.17","497.57","30,200","16,072","46,381"
"2017/02/20","545.0","545.0","540.0","542.0","-7.0","15,500","8,393","0","10,700","0.00","-","2.60","549.40","532.60","530.77","515.38","497.46","27,460","15,272","46,028"
"2017/02/17","549.0","550.0","543.0","549.0","-6.0","15,400","8,409","0","10,700","0.00","-","2.60","550.00","532.08","529.92","514.59","497.44","29,560","15,056","45,889"
"2017/02/16","555.0","557.0","549.0","555.0","-1.0","17,300","9,565","0","10,800","0.00","-","2.60","549.20","531.40","529.00","513.71","497.36","30,560","14,732","45,736"
"2017/02/15","543.0","584.0","540.0","556.0","+11.0","73,300","40,835","0","11,800","0.00","-","2.60","546.40","530.48","528.01","512.77","497.27","29,860","14,548","45,738"
"2017/02/14","546.0","547.0","542.0","545.0","0.0","15,800","8,609","0","10,300","0.00","-","2.60","543.20","529.52","527.05","511.84","497.14","19,600","12,084","44,958"
"2017/02/13","550.0","550.0","534.0","545.0","0.0","26,000","14,198","0","10,300","0.00","-","2.60","539.60","529.08","526.16","511.07","497.05","17,820","11,640","45,013"
"2017/02/10","544.0","546.0","537.0","545.0","+4.0","20,400","11,051","0","10,300","0.00","-","2.60","536.60","528.68","525.24","510.31","496.94","18,160","10,852","44,793"
"2017/02/09","540.0","542.0","535.0","541.0","+1.0","13,800","7,431","0","10,300","0.00","-","2.60","531.60","528.32","524.33","509.53","496.84","16,840","10,696","44,634"
"2017/02/08","527.0","548.0","526.0","540.0","+13.0","22,000","11,783","0","12,300","0.00","-","2.60","527.80","528.04","523.47","508.86","496.72","16,300","11,140","44,720"
"2017/02/07","526.0","530.0","525.0","527.0","-3.0","6,900","3,644","0","12,400","0.00","-","2.60","524.80","527.44","522.48","508.15","496.60","13,520","10,624","44,560"
"2017/02/06","520.0","532.0","518.0","530.0","+10.0","27,700","14,616","0","12,400","0.00","-","2.50","524.00","527.32","521.68","507.57","496.55","12,880","10,824","44,550"
"2017/02/03","521.0","524.0","518.0","520.0","-2.0","13,800","7,186","0","12,400","0.00","-","2.60","523.40","527.04","520.83","506.95","496.48","8,720","10,120","44,222"
"2017/02/02","526.0","526.0","520.0","522.0","-3.0","11,100","5,809","0","12,400","0.00","-","2.60","524.80","527.28","520.13","506.44","496.45","7,180","10,860","44,314"
"2017/02/01","523.0","525.0","522.0","525.0","+2.0","8,100","4,243","0","12,400","0.00","-","2.60","526.00","527.00","519.37","505.89","496.37","6,460","12,484","44,266"
"2017/01/31","523.0","525.0","522.0","523.0","-4.0","3,700","1,936","0","12,400","0.00","-","2.60","526.00","527.72","518.55","505.27","496.29","6,940","13,592","44,497"
"2017/01/30","527.0","527.0","523.0","527.0","0.0","6,900","3,620","0","12,400","0.00","-","2.60","525.60","528.68","517.77","504.68","496.27","6,960","14,992","44,469"
"2017/01/27","528.0","528.0","523.0","527.0","-1.0","6,100","3,208","0","12,300","0.00","-","2.10","525.60","530.16","516.95","504.08","496.30","7,200","22,328","44,413"
"2017/01/26","528.0","529.0","524.0","528.0","+3.0","7,500","3,950","0","12,300","0.00","-","2.10","524.80","530.96","516.12","503.46","496.31","7,200","23,236","44,425"
"2017/01/25","527.0","528.0","524.0","525.0","+4.0","10,500","5,524","0","12,300","0.00","-","2.10","523.60","531.96","515.31","502.84","496.33","9,520","23,672","44,409"
"2017/01/24","526.0","526.0","521.0","521.0","-6.0","3,800","1,985","0","12,300","0.00","-","2.10","523.80","532.88","514.49","502.24","496.32","10,100","23,900","44,317"
"2017/01/23","525.0","535.0","523.0","527.0","+4.0","8,100","4,276","0","12,300","0.00","-","2.10","524.40","534.12","513.73","501.65","496.34","11,240","25,188","44,317"
"2017/01/20","522.0","524.0","520.0","523.0","+1.0","6,100","3,185","0","12,300","0.00","-","2.10","524.80","535.24","512.88","501.03","496.31","11,640","26,888","44,277"
"2017/01/19","522.0","528.0","520.0","522.0","-4.0","19,100","10,003","0","12,300","0.00","-","2.10","526.60","536.04","512.07","500.42","496.32","11,880","27,952","44,308"
"2017/01/18","523.0","528.0","521.0","526.0","+2.0","13,400","7,017","0","12,300","0.00","-","2.10","528.60","536.84","511.29","499.82","496.36","10,600","28,340","44,194"
"2017/01/17","530.0","530.0","524.0","524.0","-5.0","9,500","5,001","0","10,300","0.00","-","2.10","529.80","537.68","510.44","499.17","496.37","10,260","29,100","44,124"
"2017/01/16","533.0","538.0","529.0","529.0","-3.0","10,100","5,399","0","10,500","0.00","-","2.50","531.80","539.24","509.64","498.55","496.39","9,300","30,268","44,042"
"2017/01/13","530.0","533.0","528.0","532.0","0.0","7,300","3,872","0","10,500","0.00","-","2.50","533.00","540.36","508.76","497.92","496.37","8,540","30,836","44,013"
"2017/01/12","536.0","538.0","526.0","532.0","0.0","12,700","6,755","0","10,500","0.00","-","2.50","533.80","541.12","507.81","497.34","496.32","10,380","32,812","44,049"
"2017/01/11","537.0","540.0","530.0","532.0","-2.0","11,700","6,253","0","10,900","0.00","-","2.50","534.20","542.36","506.87","496.81","496.30","12,820","38,520","43,954"
"2017/01/10","535.0","537.0","533.0","534.0","-1.0","4,700","2,514","0","10,900","0.00","-","2.50","532.80","544.28","505.95","496.33","496.29","12,300","42,004","43,948"
"2017/01/06","536.0","537.0","533.0","535.0","-1.0","6,300","3,372","0","10,700","0.00","-","2.50","530.80","546.68","505.07","495.82","496.25","13,740","52,980","43,908"
"2017/01/05","543.0","543.0","533.0","536.0","+2.0","16,500","8,858","0","10,700","0.00","-","2.50","528.40","550.84","504.19","495.30","496.21","14,500","85,152","43,968"
"2017/01/04","525.0","540.0","525.0","534.0","+9.0","24,900","13,275","0","10,900","0.00","-","2.00","526.40","552.64","503.27","494.74","496.14","17,660","92,192","43,941"
"2016/12/30","524.0","527.0","513.0","525.0","+1.0","9,100","4,730","0","10,400","0.00","-","2.00","522.60","554.04","502.47","494.15","496.07","23,020","97,184","43,900"
"2016/12/29","520.0","526.0","520.0","524.0","+1.0","11,900","6,215","0","10,300","0.00","-","2.00","526.20","555.28","501.72","493.68","496.04","28,360","98,804","43,842"
"2016/12/28","525.0","528.0","521.0","523.0","-3.0","10,100","5,295","0","10,300","0.00","-","2.00","530.80","556.52","500.99","493.17","496.00","33,720","101,904","43,741"
"2016/12/27","519.0","526.0","512.0","526.0","+11.0","32,300","16,671","0","10,300","0.00","-","1.90","539.00","557.44","500.25","492.60","495.99","69,760","110,044","43,718"
"2016/12/26","529.0","529.0","514.0","515.0","-28.0","51,700","26,934","0","12,800","0.00","-","2.10","543.20","556.48","499.49","492.03","495.87","69,060","110,448","43,413"
"2016/12/22","545.0","547.0","532.0","543.0","-4.0","35,800","19,335","0","15,000","0.00","-","2.20","550.80","555.56","498.85","491.60","495.79","62,400","108,984","42,936"
"2016/12/21","554.0","555.0","546.0","547.0","-17.0","38,700","21,295","0","13,500","0.00","-","2.20","551.80","553.48","497.79","490.86","495.55","58,480","108,484","42,521"
"2016/12/20","555.0","595.0","548.0","564.0","+17.0","190,300","107,869","0","13,200","0.00","-","2.20","552.80","550.92","496.68","490.10","495.25","57,940","107,156","42,050"
"2016/12/19","547.0","548.0","535.0","547.0","-6.0","28,800","15,639","0","14,100","0.00","-","2.00","551.00","547.48","495.39","489.10","494.91","30,000","99,980","39,588"
"2016/12/16","548.0","554.0","545.0","553.0","+5.0","18,400","10,104","0","14,500","0.00","-","2.60","550.20","544.52","494.29","488.25","494.65","30,780","98,968","39,262"
"2016/12/15","552.0","552.0","546.0","548.0","-4.0","16,200","8,882","0","13,500","0.00","-","2.70","548.00","541.28","493.13","487.37","494.31","32,860","98,680","39,081"
"2016/12/14","557.0","558.0","548.0","552.0","-3.0","36,000","19,890","0","13,500","0.00","-","2.70","547.80","538.16","492.03","486.55","494.01","36,100","99,500","38,981"
"2016/12/13","543.0","559.0","543.0","555.0","+12.0","50,600","27,888","0","15,500","0.00","-","2.70","550.00","535.16","490.83","485.65","493.74","36,640","98,484","38,577"
"2016/12/12","542.0","551.0","541.0","543.0","+1.0","32,700","17,819","0","16,500","0.00","-","2.60","550.40","531.80","489.63","484.72","493.47","31,380","96,628","37,948"
"2016/12/09","545.0","548.0","540.0","542.0","-5.0","28,800","15,647","0","18,300","0.00","-","2.50","552.00","529.04","488.55","483.96","493.23","36,180","95,696","37,608"
"2016/12/08","564.0","570.0","545.0","547.0","-16.0","32,400","17,943","0","17,500","0.00","-","2.60","556.20","526.44","487.48","483.23","492.99","61,500","95,168","37,260"
"2016/12/07","560.0","571.0","559.0","563.0","+6.0","38,700","21,819","0","20,600","0.00","-","2.50","562.80","523.84","486.33","482.46","492.82","74,780","93,972","36,896"
"2016/12/06","552.0","557.0","544.0","557.0","+6.0","24,300","13,364","0","20,200","0.00","-","2.50","569.00","520.48","484.99","481.44","492.46","122,860","92,544","36,492"
"2016/12/05","573.0","578.0","542.0","551.0","-12.0","56,700","31,313","0","22,800","0.00","-","2.60","585.40","517.32","483.77","480.46","492.09","280,120","91,776","36,328"
"2016/12/02","594.0","594.0","551.0","563.0","-17.0","155,400","89,050","0","18,600","0.00","-","2.60","591.40","514.48","482.75","479.55","491.89","307,280","89,664","35,650"
"2016/12/01","594.0","604.0","580.0","580.0","-14.0","98,800","58,211","0","17,800","0.00","-","2.60","592.60","511.20","481.63","478.55","491.64","306,140","84,148","33,600"
"2016/11/30","599.0","625.0","577.0","594.0","-45.0","279,100","165,865","0","20,000","0.00","-","2.80","587.80","507.36","480.35","477.39","491.48","296,300","80,788","32,357"
"2016/11/29","649.0","681.0","630.0","639.0","+58.0","810,600","531,682","0","12,400","0.00","-","2.60","580.00","502.72","478.87","476.09","491.22","258,360","70,420","28,684"
"2016/11/28","599.0","605.0","581.0","581.0","+12.0","192,500","114,074","0","26,900","0.00","-","2.50","561.40","496.20","476.79","474.34","490.86","138,960","38,376","17,965"
"2016/11/25","565.0","602.0","558.0","569.0","+13.0","149,700","86,261","0","25,300","0.00","-","2.50","545.60","492.04","475.44","473.13","491.05","108,940","31,016","15,594"
"2016/11/24","555.0","571.0","553.0","556.0","+1.0","49,600","27,820","0","25,300","0.00","-","2.50","530.20","488.32","474.19","472.05","491.16","82,020","25,836","13,682"
"2016/11/22","550.0","560.0","530.0","555.0","+9.0","89,400","49,004","0","23,900","0.00","-","2.40","517.20","484.72","473.15","471.04","491.21","76,760","24,252","13,266"
"2016/11/21","511.0","588.0","511.0","546.0","+44.0","213,600","117,473","0","24,000","0.00","-","2.30","502.80","481.20","472.05","470.04","491.32","59,980","20,924","12,397"
"2016/11/18","491.0","511.0","491.0","502.0","+10.0","42,400","21,165","0","18,600","0.00","-","2.30","489.20","478.00","470.99","469.06","491.21","19,440","12,504","9,642"
"2016/11/17","491.0","492.0","483.0","492.0","+1.0","15,100","7,363","0","18,900","0.00","-","2.20","483.40","476.64","470.55","468.79","491.39","11,660","11,636","9,176"
"2016/11/16","483.0","494.0","480.0","491.0","+8.0","23,300","11,388","0","15,900","0.00","-","2.20","479.40","475.56","470.28","468.64","491.53","10,880","11,332","9,001"
"2016/11/15","478.0","487.0","476.0","483.0","+5.0","5,500","2,657","0","14,400","0.00","-","2.10","475.20","474.44","469.99","468.51","491.72","13,560","11,416","8,774"
"2016/11/14","477.0","488.0","472.0","478.0","+5.0","10,900","5,214","0","14,200","0.00","-","2.20","474.00","473.72","469.83","468.46","491.82","14,580","11,260","8,818"
"2016/11/11","476.0","477.0","473.0","473.0","+1.0","3,500","1,664","0","13,100","0.00","-","2.20","472.60","473.20","469.64","468.44","491.83","13,240","10,932","8,844"
"2016/11/10","475.0","478.0","472.0","472.0","+2.0","11,200","5,315","0","13,200","0.00","-","2.20","472.80","472.88","469.49","468.51","491.96","14,420","11,072","8,873"
"2016/11/09","479.0","482.0","461.0","470.0","-7.0","36,700","17,158","0","12,200","0.00","-","2.20","473.80","472.68","469.40","468.64","492.16","15,300","10,876","8,794"
"2016/11/08","479.0","479.0","467.0","477.0","+6.0","10,600","5,006","0","18,300","0.00","-","2.30","476.20","472.44","469.35","468.79","492.43","8,460","9,552","8,430"
"2016/11/07","473.0","474.0","467.0","471.0","-3.0","4,200","1,978","0","18,300","0.00","-","2.30","476.60","471.92","469.15","468.99","492.68","6,940","9,280","8,430"
"2016/11/04","473.0","477.0","470.0","474.0","-3.0","9,400","4,445","0","18,400","0.00","-","2.30","478.00","471.60","469.03","469.31","493.01","7,120","9,316","8,494"
"2016/11/02","484.0","484.0","473.0","477.0","-5.0","15,600","7,480","0","15,200","0.00","-","2.30","479.20","471.12","468.93","469.60","493.29","6,020","9,276","8,394"
"2016/11/01","480.0","484.0","479.0","482.0","+3.0","2,500","1,202","0","15,000","0.00","-","2.30","480.00","470.60","468.83","469.91","493.51","6,400","9,076","8,345"
"2016/10/31","478.0","482.0","478.0","479.0","+1.0","3,000","1,440","0","14,600","0.00","-","2.00","480.40","469.80","468.67","470.11","493.79","8,860","9,300","8,376"
"2016/10/28","482.0","483.0","476.0","478.0","-2.0","5,100","2,444","0","14,600","0.00","-","2.00","480.20","469.20","468.43","470.35","494.14","12,240","9,316","8,388"
"2016/10/27","481.0","482.0","477.0","480.0","-1.0","3,900","1,874","0","14,000","0.00","-","2.00","479.80","468.60","468.17","470.59","494.60","13,120","9,428","8,378"
"2016/10/26","481.0","482.0","472.0","481.0","-3.0","17,500","8,352","0","16,000","0.00","-","2.00","479.20","467.84","467.91","470.82","494.96","14,040","9,672","8,364"
"2016/10/25","484.0","485.0","472.0","484.0","+6.0","14,800","7,116","0","10,600","0.00","-","2.00","478.20","467.04","467.67","471.08","495.31","14,580","9,196","8,214"
"2016/10/24","472.0","490.0","472.0","478.0","+2.0","19,900","9,572","0","10,700","0.00","-","2.00","474.60","466.20","467.40","471.32","495.68","13,620","9,052","8,042"
"2016/10/21","480.0","480.0","472.0","476.0","-1.0","9,500","4,517","0","9,500","0.00","-","2.00","472.40","465.80","467.21","471.61","496.07","10,880","8,324","7,824"
"2016/10/20","480.0","480.0","472.0","477.0","+1.0","8,500","4,046","0","6,100","0.00","-","2.00","470.40","465.52","467.05","471.91","496.40","9,600","8,376","7,832"
"2016/10/19","468.0","480.0","463.0","476.0","+10.0","20,200","9,502","0","5,200","0.00","-","1.90","468.60","465.12","466.83","472.20","496.67","12,040","8,616","7,788"
"2016/10/18","463.0","468.0","463.0","466.0","-1.0","10,000","4,650","0","10,000","0.00","-","2.00","466.40","465.04","466.63","472.49","497.04","9,500","8,680","7,613"
"2016/10/17","466.0","468.0","464.0","467.0","+1.0","6,200","2,893","0","10,200","0.00","-","2.00","465.80","465.16","466.48","472.82","497.54","12,580","8,472","7,553"
"2016/10/14","467.0","467.0","463.0","466.0","-2.0","3,100","1,441","0","10,200","0.00","-","2.00","465.40","465.24","466.32","473.21","498.10","11,660","8,396","7,565"
"2016/10/13","460.0","468.0","459.0","468.0","+3.0","20,700","9,549","0","11,200","0.00","-","2.40","465.20","465.32","466.08","473.59","498.67","11,580","8,608","8,069"
"2016/10/12","465.0","467.0","463.0","465.0","+2.0","7,500","3,488","0","10,700","0.00","-","2.40","464.60","465.36","466.17","473.98","499.24","8,840","8,156","7,885"
"2016/10/11","470.0","473.0","462.0","463.0","-2.0","25,400","11,845","0","10,200","0.00","-","2.40","465.00","465.44","466.33","474.34","499.79","8,600","8,492","7,829"
"2016/10/07","465.0","465.0","463.0","465.0","0.0","1,600","742","0","10,200","0.00","-","2.40","465.20","465.44","466.53","474.73","500.33","4,240","7,664","7,532"
"2016/10/06","466.0","467.0","463.0","465.0","0.0","2,700","1,255","0","11,800","0.00","-","2.40","465.00","465.40","466.71","475.08","500.89","4,680","7,736","7,576"
"2016/10/05","465.0","466.0","462.0","465.0","-2.0","7,000","3,245","0","11,800","0.00","-","2.00","464.60","465.48","466.85","475.47","501.49","5,160","7,852","7,758"
"2016/10/04","468.0","468.0","464.0","467.0","+3.0","6,300","2,944","0","12,300","0.00","-","2.00","464.00","465.48","467.05","475.82","502.12","5,440","7,748","7,829"
"2016/10/03","462.0","464.0","461.0","464.0","0.0","3,600","1,663","0","16,500","0.00","-","2.00","463.40","465.44","467.29","476.16","502.68","6,300","7,688","7,965"
"2016/09/30","462.0","464.0","461.0","464.0","+1.0","3,800","1,759","0","12,400","0.00","-","2.00","463.00","465.48","467.57","476.54","503.24","7,200","7,892","8,276"
"2016/09/29","462.0","464.0","460.0","463.0","+1.0","5,100","2,353","0","12,600","0.00","-","2.00","463.00","465.40","468.01","476.93","503.83","7,120","7,968","8,573"
"2016/09/28","463.0","464.0","460.0","462.0","-2.0","8,400","3,871","0","12,200","0.00","-","2.00","463.00","465.48","468.55","477.37","504.45","7,680","7,900","8,570"
"2016/09/27","462.0","465.0","460.0","464.0","+2.0","10,600","4,891","0","9,800","0.00","-","2.00","462.80","465.48","469.09","477.80","505.10","8,000","7,852","8,560"
"2016/09/26","463.0","469.0","462.0","462.0","-2.0","8,100","3,773","0","9,500","0.00","-","2.00","462.20","465.40","469.68","478.36","505.80","7,000","7,536","8,550"
"2016/09/23","463.0","464.0","462.0","464.0","+1.0","3,400","1,575","0","9,500","0.00","-","2.00","462.40","465.36","470.21","478.97","506.52","7,620","7,416","8,708"
"2016/09/21","464.0","464.0","461.0","463.0","+2.0","7,900","3,653","0","9,500","0.00","-","2.00","463.20","465.28","470.73","479.54","507.23","7,280","7,616","8,713"
"2016/09/20","464.0","464.0","460.0","461.0","0.0","10,000","4,611","0","9,400","0.00","-","2.00","464.40","465.40","471.25","480.29","507.97","7,860","7,780","8,748"
"2016/09/16","465.0","465.0","461.0","461.0","-2.0","5,600","2,585","0","8,800","0.00","-","2.00","465.60","465.92","471.81","481.00","508.72","8,760","7,616","8,716"
"2016/09/15","464.0","465.0","461.0","463.0","-5.0","11,200","5,181","0","8,700","0.00","-","2.00","468.20","466.64","472.43","481.76","509.48","12,000","7,456","8,768"
"2016/09/14","468.0","468.0","465.0","468.0","-1.0","1,700","794","0","8,700","0.00","-","2.00","469.40","467.48","473.03","482.44","510.20","10,720","7,232","8,717"
"2016/09/13","463.0","471.0","463.0","469.0","+2.0","10,800","5,037","0","8,700","0.00","-","2.00","469.60","468.08","473.55","483.03","510.83","11,240","7,308","9,034"
"2016/09/12","470.0","476.0","462.0","467.0","-7.0","14,500","6,794","0","8,700","0.00","-","2.00","469.40","468.64","474.04","483.56","511.43","10,760","7,144","9,088"
"2016/09/09","469.0","477.0","465.0","474.0","+5.0","21,800","10,300","0","8,700","0.00","-","2.00","469.80","469.16","474.56","484.14","512.04","9,740","7,152","9,162"
"2016/09/08","466.0","469.0","464.0","469.0","0.0","4,800","2,240","0","7,200","0.00","-","2.00","468.40","469.20","474.97","484.58","512.62","8,560","6,532","9,178"
"2016/09/07","470.0","470.0","466.0","469.0","+1.0","4,300","2,010","0","7,200","0.00","-","2.00","467.20","469.56","475.37","485.05","513.21","8,540","7,076","9,402"
"2016/09/06","469.0","469.0","462.0","468.0","-1.0","8,400","3,912","0","7,700","0.00","-","2.00","466.20","469.72","475.87","485.52","513.83","8,360","7,872","9,606"
"2016/09/05","468.0","472.0","466.0","469.0","+2.0","9,400","4,404","0","7,700","0.00","-","2.00","466.00","469.64","476.35","486.01","514.45","7,800","7,816","9,614"
"2016/09/02","469.0","474.0","464.0","467.0","+4.0","15,900","7,446","0","7,700","0.00","-","2.00","465.20","469.64","476.85","486.45","515.07","6,800","7,736","9,544"
"2016/09/01","462.0","466.0","461.0","463.0","-1.0","4,700","2,175","0","9,300","0.00","-","2.00","465.00","469.84","477.31","486.84","515.67","4,580","7,180","9,458"
"2016/08/31","467.0","467.0","463.0","464.0","-3.0","3,400","1,581","0","9,300","0.00","-","2.00","465.40","470.08","477.83","487.30","516.30","5,380","7,244","9,429"
"2016/08/30","465.0","467.0","462.0","467.0","+2.0","5,600","2,599","0","9,300","0.00","-","2.00","465.00","470.36","478.31","487.85","516.94","5,840","7,460","9,466"
"2016/08/29","466.0","467.0","464.0","465.0","-1.0","4,400","2,049","0","9,300","0.00","-","2.00","464.60","470.24","478.80","488.51","517.46","5,400","7,748","9,489"
"2016/08/26","464.0","469.0","463.0","466.0","+1.0","4,800","2,231","0","9,300","0.00","-","2.00","464.00","470.12","479.27","489.15","518.03","5,960","7,800","9,592"
"2016/08/25","471.0","472.0","463.0","465.0","+3.0","8,700","4,069","0","9,300","0.00","-","2.00","463.20","470.08","479.73","489.81","518.68","5,540","7,820","9,608"
"2016/08/24","464.0","469.0","462.0","462.0","-3.0","5,700","2,645","0","9,300","0.00","-","2.00","462.40","470.12","480.23","490.40","519.48","4,820","7,848","9,704"
"2016/08/23","462.0","465.0","461.0","465.0","+3.0","3,400","1,572","0","9,300","0.00","-","2.00","462.40","470.12","480.77","491.03","520.21","5,360","8,044","9,742"
"2016/08/22","469.0","469.0","462.0","462.0","0.0","7,200","3,360","0","9,300","0.00","-","2.00","462.60","470.00","481.33","491.58","520.94","7,080","8,268","9,786"
"2016/08/19","462.0","464.0","461.0","462.0","+1.0","2,700","1,247","0","9,300","0.00","-","2.00","465.00","470.20","481.91","492.22","521.69","6,820","8,056","9,844"
"2016/08/18","461.0","465.0","461.0","461.0","-1.0","5,100","2,356","0","9,300","0.00","-","2.00","468.40","470.48","482.68","492.90","522.45","6,600","8,424","9,882"
"2016/08/17","469.0","470.0","461.0","462.0","-4.0","8,400","3,894","0","9,300","0.00","-","2.00","473.00","470.84","483.51","493.57","523.16","6,700","8,412","9,936"
"2016/08/16","474.0","474.0","462.0","466.0","-8.0","12,000","5,598","0","9,300","0.00","-","2.00","477.20","470.80","484.29","494.22","523.86","5,740","8,232","10,153"
"2016/08/15","476.0","476.0","465.0","474.0","-5.0","5,900","2,771","0","8,300","0.00","-","2.10","480.60","470.52","485.25","494.82","524.58","4,680","7,928","10,246"
"2016/08/12","484.0","485.0","478.0","479.0","-5.0","1,600","768","0","8,000","0.00","-","2.10","481.80","469.96","486.03","495.30","525.22","6,440","7,804","10,386"
"2016/08/10","486.0","486.0","477.0","484.0","+1.0","5,600","2,690","0","8,000","0.00","-","2.10","481.00","469.32","486.80","495.79","525.86","7,380","7,992","10,556"
"2016/08/09","486.0","486.0","481.0","483.0","0.0","3,600","1,738","0","8,300","0.00","-","2.10","479.80","468.52","487.43","496.25","526.52","9,940","7,844","10,828"
"2016/08/08","480.0","483.0","475.0","483.0","+3.0","6,700","3,213","0","8,300","0.00","-","2.10","477.80","467.76","488.01","496.68","527.24","14,060","7,840","10,980"
"2016/08/05","471.0","484.0","471.0","480.0","+5.0","14,700","7,041","0","8,300","0.00","-","2.00","474.40","467.00","488.53","497.11","527.86","14,120","7,976","11,100"
"2016/08/04","476.0","476.0","471.0","475.0","-3.0","6,300","2,987","0","10,900","0.00","-","2.10","472.20","466.20","489.13","497.54","528.51","12,660","7,596","11,017"
"2016/08/03","473.0","480.0","465.0","478.0","+5.0","18,400","8,732","0","10,900","0.00","-","2.00","471.60","465.64","489.71","497.98","529.14","11,800","7,628","11,129"
"2016/08/02","466.0","480.0","465.0","473.0","+7.0","24,200","11,451","0","10,900","0.00","-","2.00","469.80","464.72","490.21","498.39","529.75","9,380","7,112","11,065"
"2016/08/01","470.0","470.0","465.0","466.0","-3.0","7,000","3,271","0","10,700","0.00","-","2.00","469.40","464.00","490.79","498.83","530.36","6,300","6,428","10,778"
"2016/07/29","468.0","470.0","466.0","469.0","-3.0","7,400","3,455","0","10,700","0.00","-","2.00","469.00","463.28","491.47","499.37","530.93","7,460","7,784","10,726"
"2016/07/28","468.0","472.0","467.0","472.0","+3.0","2,000","938","0","11,700","0.00","-","2.00","467.60","463.52","492.05","499.71","531.48","7,120","7,764","10,838"
"2016/07/27","471.0","473.0","468.0","469.0","-2.0","6,300","2,967","0","11,700","0.00","-","2.00","466.20","463.72","492.51","499.98","531.95","7,780","7,816","10,966"
"2016/07/26","464.0","472.0","462.0","471.0","+7.0","8,800","4,109","0","12,700","0.00","-","2.00","465.60","464.08","493.04","500.23","532.42","8,400","7,688","11,065"
"2016/07/25","469.0","471.0","462.0","464.0","+2.0","12,800","5,983","0","12,900","0.00","-","2.00","463.80","464.36","493.68","500.40","532.85","8,760","7,532","11,200"
"2016/07/22","466.0","466.0","461.0","462.0","-3.0","5,700","2,645","0","12,900","0.00","-","2.00","463.40","464.84","494.60","500.71","533.26","8,000","7,676","11,349"
"2016/07/21","465.0","465.0","460.0","465.0","-1.0","5,300","2,445","0","12,900","0.00","-","2.00","464.40","465.56","495.49","501.04","533.77","7,240","7,940","11,474"
"2016/07/20","461.0","466.0","455.0","466.0","+4.0","9,400","4,317","0","13,900","0.00","-","2.00","465.20","466.36","496.39","501.24","534.14","8,560","8,388","11,593"
"2016/07/19","463.0","466.0","458.0","462.0","0.0","10,600","4,887","0","13,600","0.00","-","2.00","466.00","467.12","497.16","501.47","534.51","7,640","9,088","11,648"
"2016/07/15","468.0","469.0","460.0","462.0","-5.0","9,000","4,173","0","12,300","0.00","-","2.00","465.80","468.52","498.00","501.82","534.96","6,300","9,708","11,625"
"2016/07/14","468.0","472.0","467.0","467.0","-2.0","1,900","889","0","11,400","0.00","-","2.00","465.20","470.16","498.77","502.21","535.45","5,380","9,544","11,744"
"2016/07/13","467.0","477.0","466.0","469.0","-1.0","11,900","5,565","0","11,400","0.00","-","2.00","463.80","471.60","499.56","502.49","535.87","5,560","9,772","11,828"
"2016/07/12","482.0","482.0","470.0","470.0","+9.0","4,800","2,295","0","11,400","0.00","-","2.00","462.60","473.16","500.37","502.75","536.33","4,440","9,692","11,766"
"2016/07/11","461.0","465.0","461.0","461.0","+2.0","3,900","1,801","0","11,900","0.00","-","2.00","461.40","474.44","501.15","503.17","536.80","3,860","10,296","11,837"
"2016/07/08","460.0","462.0","458.0","459.0","-1.0","4,400","2,024","0","11,900","0.00","-","2.00","462.00","476.12","502.03","503.47","537.25","3,780","10,292","11,985"
"2016/07/07","462.0","465.0","459.0","460.0","-3.0","2,800","1,294","0","11,900","0.00","-","2.00","463.00","477.84","502.92","503.71","537.70","4,920","10,536","12,209"
"2016/07/06","461.0","463.0","458.0","463.0","-1.0","6,300","2,894","0","11,900","0.00","-","2.00","463.00","479.56","503.75","504.22","538.24","5,400","10,728","12,309"
"2016/07/05","464.0","464.0","463.0","464.0","0.0","1,900","881","0","11,900","0.00","-","2.00","462.60","481.32","504.61","504.72","538.64","5,560","10,856","12,298"
"2016/07/04","472.0","472.0","461.0","464.0","0.0","3,500","1,645","0","11,900","0.00","-","2.00","460.80","483.08","505.49","505.57","538.98","6,280","11,076","12,690"
"2016/07/01","462.0","469.0","458.0","464.0","+4.0","10,100","4,651","0","11,900","0.00","-","2.00","459.00","484.80","506.32","506.34","539.42","7,000","11,956","12,889"
"2016/06/30","461.0","468.0","460.0","460.0","-1.0","5,200","2,399","0","11,900","0.00","-","2.00","455.80","486.48","507.15","507.38","539.89","13,160","12,144","13,265"
"2016/06/29","455.0","465.0","455.0","461.0","+6.0","7,100","3,259","0","13,400","0.00","-","1.90","458.80","488.32","507.99","508.96","540.44","13,500","12,740","13,481"
"2016/06/28","455.0","458.0","450.0","455.0","0.0","5,500","2,499","0","13,600","0.00","-","1.90","462.00","490.08","508.76","510.26","540.98","12,740","13,376","13,549"
"2016/06/27","445.0","460.0","445.0","455.0","+7.0","7,100","3,204","0","13,600","0.00","-","1.90","466.60","491.84","509.61","511.37","541.72","12,260","14,020","13,689"
"2016/06/24","479.0","479.0","445.0","448.0","-27.0","40,900","18,783","0","13,600","0.00","-","2.00","471.20","493.88","510.44","512.60","542.49","11,820","14,520","13,861"
"2016/06/23","475.0","477.0","473.0","475.0","-2.0","6,900","3,278","0","13,800","0.00","-","2.50","476.80","496.12","511.40","513.36","543.04","6,920","13,244","13,636"
"2016/06/22","478.0","480.0","476.0","477.0","-1.0","3,300","1,576","0","13,800","0.00","-","2.50","477.80","497.40","511.77","513.99","543.51","8,000","13,132","13,694"
"2016/06/21","474.0","479.0","474.0","478.0","0.0","3,100","1,478","0","13,800","0.00","-","2.50","479.40","498.36","512.07","514.41","543.87","10,640","13,380","13,890"
"2016/06/20","480.0","480.0","474.0","478.0","+2.0","4,900","2,342","0","12,500","0.00","-","2.50","480.80","499.32","512.28","514.93","544.26","15,400","13,356","13,992"
"2016/06/17","480.0","480.0","475.0","476.0","-4.0","16,400","7,819","0","12,500","0.00","-","2.50","484.60","500.20","512.41","515.17","545.05","19,640","13,408","14,213"
"2016/06/16","485.0","485.0","480.0","480.0","-5.0","12,300","5,912","0","12,500","0.00","-","2.50","490.00","501.32","512.67","515.21","545.97","17,340","13,044","15,096"
"2016/06/15","478.0","491.0","478.0","485.0","0.0","16,500","7,965","0","12,500","0.00","-","2.10","494.60","502.12","512.87","515.41","546.99","16,400","13,036","15,096"
"2016/06/14","490.0","495.0","485.0","485.0","-12.0","26,900","13,142","0","11,500","0.00","-","2.20","499.20","502.76","512.87","515.67","547.87","15,080","12,616","15,145"
"2016/06/13","500.0","509.0","497.0","497.0","-6.0","26,100","13,045","0","12,000","0.00","-","2.20","502.60","503.44","512.92","516.07","548.78","13,680","12,176","15,060"
"2016/06/10","503.0","506.0","502.0","503.0","0.0","4,900","2,467","0","11,500","0.00","-","2.20","503.80","503.68","512.92","516.36","549.45","9,220","11,476","14,830"
"2016/06/09","508.0","508.0","502.0","503.0","-5.0","7,600","3,841","0","11,500","0.00","-","2.20","503.60","503.84","512.89","516.71","550.06","10,340","11,548","14,930"
"2016/06/08","506.0","514.0","505.0","508.0","+6.0","9,900","5,040","0","11,500","0.00","-","2.20","503.60","503.92","512.79","516.97","550.71","10,340","11,704","15,384"
"2016/06/07","503.0","514.0","501.0","502.0","-1.0","19,900","10,106","0","11,500","0.00","-","2.20","503.40","504.40","512.61","517.11","551.35","10,260","11,532","15,612"
"2016/06/06","500.0","503.0","499.0","503.0","+1.0","3,800","1,903","0","11,500","0.00","-","2.20","504.60","505.24","512.75","517.47","552.01","7,760","11,100","15,664"
"2016/06/03","504.0","507.0","501.0","502.0","-1.0","10,500","5,273","0","11,500","0.00","-","2.20","505.40","505.96","512.59","517.92","552.74","12,100","11,936","16,460"
"2016/06/02","513.0","513.0","503.0","503.0","-4.0","7,600","3,859","0","11,500","0.00","-","2.20","506.20","507.40","512.33","518.60","553.55","12,960","12,276","17,205"
"2016/06/01","505.0","509.0","504.0","507.0","-1.0","9,500","4,810","0","11,500","0.00","-","2.00","506.80","508.56","512.44","519.09","554.38","15,460","12,628","17,832"
"2016/05/31","511.0","511.0","505.0","508.0","+1.0","7,400","3,760","0","11,100","0.00","-","2.00","506.40","509.76","512.52","519.53","555.08","18,160","12,820","18,248"
"2016/05/30","506.0","512.0","504.0","507.0","+1.0","25,500","12,931","0","11,100","0.00","-","2.00","504.60","510.68","513.07","520.04","555.77","21,000","13,564","18,872"
"2016/05/27","502.0","514.0","502.0","506.0","0.0","14,800","7,502","0","12,200","0.00","-","2.00","504.40","511.48","513.52","520.52","556.53","19,820","13,144","19,404"
"2016/05/26","505.0","518.0","505.0","506.0","+1.0","20,100","10,262","0","11,500","0.00","-","2.00","504.00","512.12","514.35","520.89","557.33","18,660","13,180","20,933"
"2016/05/25","507.0","509.0","496.0","505.0","+6.0","23,000","11,616","0","11,700","0.00","-","2.00","504.20","512.88","515.84","521.13","558.15","15,460","12,716","25,832"
"2016/05/24","506.0","508.0","499.0","499.0","-7.0","21,600","10,832","0","12,400","0.00","-","-","503.40","513.40","516.99","521.58","558.96","12,760","12,384","31,106"
"2016/05/23","507.0","514.0","502.0","506.0","+2.0","19,600","9,942","0","12,400","0.00","-","-","504.00","514.08","517.88","522.26","559.82","8,940","12,064","31,949"
"2016/05/20","505.0","509.0","503.0","504.0","-3.0","9,000","4,544","0","12,800","0.00","-","-","502.80","514.48","518.84","522.99","560.71","6,260","11,388","33,606"
"2016/05/19","504.0","508.0","503.0","507.0","+6.0","4,100","2,071","0","13,300","0.00","-","-","502.80","515.00","519.11","523.75","561.61","5,920","11,152","33,729"
"2016/05/18","506.0","506.0","500.0","501.0","-1.0","9,500","4,767","0","13,400","0.00","-","-","501.40","515.24","519.52","524.50","562.50","7,520","11,620","33,957"
"2016/05/17","503.0","505.0","501.0","502.0","+2.0","2,500","1,259","0","14,100","0.00","-","-","501.40","515.44","519.76","525.24","563.45","6,820","11,704","34,034"
"2016/05/16","502.0","502.0","499.0","500.0","-4.0","6,200","3,106","0","14,100","0.00","-","-","501.40","515.72","520.13","525.93","564.43","9,500","12,152","34,970"
"2016/05/13","504.0","505.0","500.0","504.0","+4.0","7,300","3,665","0","14,100","0.00","-","-","502.00","516.48","520.16","526.70","565.39","9,980","12,660","35,172"
"2016/05/12","502.0","507.0","500.0","500.0","-1.0","12,100","6,076","0","14,100","0.00","-","-","502.60","517.64","519.84","527.51","566.41","9,860","13,328","35,614"
"2016/05/11","503.0","504.0","501.0","501.0","-1.0","6,000","3,012","0","14,100","0.00","-","-","503.60","518.80","519.84","528.42","567.34","9,740","13,448","35,654"
"2016/05/10","503.0","504.0","500.0","502.0","-1.0","15,900","7,972","0","14,100","0.00","-","-","507.40","520.04","519.97","529.19","568.17","9,660","13,776","35,645"
"2016/05/09","506.0","508.0","502.0","503.0","-4.0","8,600","4,342","0","14,000","0.00","-","-","511.60","520.92","520.28","529.94","568.93","8,300","13,680","35,840"
"2016/05/06","509.0","509.0","501.0","507.0","+2.0","6,700","3,393","0","14,000","0.00","-","-","515.20","521.80","520.59","530.73","569.65","11,520","13,692","36,692"
"2016/05/02","510.0","510.0","499.0","505.0","-15.0","11,500","5,808","0","14,000","0.00","-","-","521.40","522.32","521.00","531.53","570.44","13,980","14,140","36,981"
"2016/04/28","522.0","522.0","515.0","520.0","-3.0","5,600","2,900","0","14,400","0.00","-","-","526.80","523.16","521.32","532.40","571.34","14,960","14,008","36,942"
"2016/04/27","516.0","523.0","514.0","523.0","+2.0","9,100","4,729","0","14,000","0.00","-","-","530.20","523.56","521.35","533.23","572.16","16,700","14,076","37,305"
"2016/04/26","520.0","525.0","511.0","521.0","-17.0","24,700","12,843","0","14,000","0.00","-","-","531.80","523.76","521.55","534.06","573.02","20,080","14,116","37,508"
"2016/04/25","539.0","539.0","534.0","538.0","+6.0","19,000","10,205","0","25,000","0.00","-","-","533.00","524.00","521.91","534.92","573.92","18,140","13,728","38,326"
"2016/04/22","529.0","536.0","529.0","532.0","-5.0","16,400","8,696","0","13,600","0.00","-","-","529.80","523.52","522.33","535.64","574.94","17,480","13,816","39,510"
"2016/04/21","541.0","541.0","533.0","537.0","+6.0","14,300","7,688","0","13,600","0.00","-","-","528.40","523.12","522.60","536.44","575.83","15,900","13,572","39,378"
"2016/04/20","528.0","532.0","526.0","531.0","+4.0","26,000","13,758","0","14,100","0.00","-","-","524.60","522.76","522.79","537.19","576.62","15,980","13,220","39,456"
"2016/04/19","525.0","528.0","520.0","527.0","+5.0","15,000","7,864","0","14,100","0.00","-","-","521.60","522.72","523.16","537.95","577.75","13,500","13,432","39,313"
"2016/04/18","523.0","528.0","511.0","522.0","-3.0","15,700","8,184","0","14,600","0.00","-","-","519.40","522.68","523.53","538.62","578.79","11,040","13,568","39,504"
"2016/04/15","519.0","528.0","517.0","525.0","+7.0","8,500","4,443","0","14,600","0.00","-","-","518.40","522.84","523.81","539.30","580.08","8,520","14,472","39,669"
"2016/04/14","517.0","523.0","515.0","518.0","+2.0","14,700","7,615","0","14,900","0.00","-","-","516.00","522.76","523.88","539.93","581.49","9,980","14,988","40,386"
"2016/04/13","516.0","525.0","513.0","516.0","0.0","13,600","7,038","0","16,900","0.00","-","-","513.60","522.80","524.31","540.65","583.03","9,360","14,888","40,876"
"2016/04/12","516.0","517.0","513.0","516.0","-1.0","2,700","1,392","0","16,900","0.00","-","-","512.20","522.92","524.99","541.36","584.95","9,380","14,984","41,220"
"2016/04/11","513.0","517.0","509.0","517.0","+4.0","3,100","1,590","0","16,900","0.00","-","-","512.80","522.96","525.83","542.13","587.09","12,620","15,676","41,717"
"2016/04/08","502.0","517.0","500.0","513.0","+7.0","15,800","7,979","0","16,900","0.00","-","-","516.00","523.08","526.67","542.89","589.64","16,800","16,512","41,977"
"2016/04/07","504.0","513.0","504.0","506.0","-3.0","11,600","5,878","0","17,500","0.00","-","-","519.20","522.68","527.59","543.69","592.39","16,660","16,332","42,041"
"2016/04/06","513.0","513.0","501.0","509.0","-10.0","13,700","6,961","0","17,500","0.00","-","-","524.40","522.40","528.51","544.50","595.26","17,180","16,588","42,345"
"2016/04/05","533.0","534.0","519.0","519.0","-14.0","18,900","9,948","0","17,500","0.00","-","-","527.40","521.80","529.33","545.30","597.37","17,140","16,468","42,518"
"2016/04/04","536.0","542.0","529.0","533.0","+4.0","24,000","12,847","0","18,200","0.00","-","-","528.60","520.56","530.11","546.02","599.87","15,140","16,572","42,676"
"2016/04/01","535.0","536.0","525.0","529.0","-3.0","15,100","7,987","0","31,700","0.00","-","-","526.00","519.04","530.80","546.41","602.35","13,920","18,916","42,641"
"2016/03/31","528.0","534.0","528.0","532.0","+8.0","14,200","7,537","0","30,500","0.00","-","-","525.40","517.68","531.63","546.90","604.77","12,540","18,804","43,309"
"2016/03/30","530.0","531.0","522.0","524.0","-1.0","13,500","7,103","0","16,600","0.00","-","-","525.00","515.80","532.24","547.55","607.03","11,160","19,044","43,478"
"2016/03/29","525.0","526.0","520.0","525.0","+5.0","8,900","4,665","0","16,100","0.00","-","-","525.80","514.40","532.95","548.56","609.81","10,480","19,324","43,785"
"2016/03/28","529.0","529.0","519.0","520.0","-6.0","17,900","9,358","0","16,300","0.00","-","-","526.20","513.28","533.71","549.39","611.90","11,700","19,324","44,026"
"2016/03/25","528.0","529.0","524.0","526.0","-4.0","8,200","4,314","0","16,300","0.00","-","-","527.40","512.52","534.60","550.29","613.27","12,360","19,104","44,061"
"2016/03/24","532.0","532.0","525.0","530.0","+2.0","7,300","3,858","0","16,300","0.00","-","-","526.60","511.28","535.48","551.16","614.10","12,780","20,440","44,329"
"2016/03/23","533.0","533.0","521.0","528.0","+1.0","10,100","5,306","0","16,100","0.00","-","-","526.20","509.88","536.45","552.00","614.42","12,420","21,228","44,564"
"2016/03/22","530.0","537.0","527.0","527.0","+1.0","15,000","7,979","0","16,100","0.00","-","-","526.60","509.24","537.49","552.74","614.67","16,660","21,776","44,800"
"2016/03/18","524.0","531.0","516.0","526.0","+4.0","21,200","11,081","0","16,100","0.00","-","-","526.40","507.80","538.56","553.50","614.93","17,340","23,716","44,753"
"2016/03/17","526.0","528.0","522.0","522.0","-6.0","10,300","5,412","0","16,100","0.00","-","-","526.40","506.08","539.68","554.33","615.20","20,760","25,524","44,678"
"2016/03/16","530.0","530.0","523.0","528.0","-2.0","5,500","2,897","0","15,600","0.00","-","-","526.60","505.64","540.88","555.14","615.51","22,980","27,296","44,822"
"2016/03/15","530.0","533.0","520.0","530.0","+4.0","31,300","16,548","0","15,600","0.00","-","-","524.80","505.04","542.00","555.93","615.77","24,320","28,704","45,549"
"2016/03/14","536.0","536.0","522.0","526.0","0.0","18,400","9,683","0","15,600","0.00","-","-","522.60","505.80","543.03","556.78","616.05","21,260","29,620","45,741"
"2016/03/11","518.0","538.0","517.0","526.0","+3.0","38,300","20,225","0","15,600","0.00","-","-","520.80","506.40","543.93","557.79","616.33","21,580","31,500","45,820"
"2016/03/10","517.0","523.0","510.0","523.0","+4.0","21,400","11,030","0","15,600","0.00","-","-","519.60","508.08","544.79","558.61","616.63","18,720","35,148","45,578"
"2016/03/09","516.0","520.0","510.0","519.0","0.0","12,200","6,278","0","15,600","0.00","-","-","515.60","511.88","545.65","559.48","616.92","16,700","49,792","45,489"
"2016/03/08","525.0","529.0","510.0","519.0","+2.0","16,000","8,253","0","15,700","0.00","-","-","511.60","514.76","546.60","560.30","617.30","17,860","66,048","45,550"
"2016/03/07","518.0","524.0","513.0","517.0","-3.0","20,000","10,378","0","15,600","0.00","-","-","506.60","516.64","547.51","561.10","617.62","16,800","68,800","45,506"
"2016/03/04","507.0","520.0","507.0","520.0","+17.0","24,000","12,323","0","15,600","0.00","-","-","500.80","519.08","548.52","561.88","618.02","17,100","73,756","45,346"
"2016/03/03","496.0","508.0","496.0","503.0","+4.0","11,300","5,670","0","14,600","0.00","-","-","495.80","519.24","549.49","562.49","618.31","28,820","73,524","45,097"
"2016/03/02","506.0","506.0","497.0","499.0","+5.0","18,000","9,040","0","14,600","0.00","-","-","494.20","520.64","550.69","563.24","618.71","29,020","73,920","45,113"
"2016/03/01","492.0","500.0","490.0","494.0","+6.0","10,700","5,306","0","14,600","0.00","-","-","491.40","521.44","551.87","563.91","619.13","29,460","73,812","45,014"
"2016/02/29","495.0","497.0","488.0","488.0","-7.0","21,500","10,560","0","14,800","0.00","-","-","490.40","522.88","553.13","564.60","619.59","31,420","76,292","45,133"
"2016/02/26","523.0","527.0","495.0","495.0","0.0","82,600","42,274","0","14,600","0.00","-","-","492.20","523.44","554.51","565.30","620.05","28,900","76,284","45,038"
"2016/02/25","489.0","499.0","486.0","495.0","+10.0","12,300","6,054","0","13,600","0.00","-","-","493.40","522.84","555.53","565.81","620.42","14,860","74,600","44,260"
"2016/02/24","488.0","490.0","484.0","485.0","-4.0","20,200","9,813","0","13,900","0.00","-","-","493.40","523.04","556.64","566.49","620.84","20,720","74,712","44,664"
"2016/02/23","502.0","502.0","488.0","489.0","-8.0","20,500","10,115","0","13,900","0.00","-","-","495.40","524.08","558.13","567.04","621.43","22,080","74,116","45,585"
"2016/02/22","500.0","503.0","497.0","497.0","-4.0","8,900","4,445","0","13,900","0.00","-","-","500.00","525.52","559.95","567.54","622.02","22,740","74,516","46,553"
"2016/02/19","494.0","501.0","493.0","501.0","+6.0","12,400","6,175","0","13,600","0.00","-","-","498.80","526.68","561.43","568.10","622.65","33,660","77,060","46,733"
"2016/02/18","490.0","498.0","485.0","495.0","0.0","41,600","20,473","0","13,900","0.00","-","-","495.20","528.16","562.88","568.68","623.24","44,460","77,700","46,758"
"2016/02/17","500.0","509.0","495.0","495.0","-17.0","27,000","13,508","0","13,900","0.00","-","-","498.40","529.52","564.45","569.24","623.89","47,060","76,380","46,648"
"2016/02/16","500.0","518.0","500.0","512.0","+21.0","23,800","12,104","0","13,000","0.00","-","-","502.00","530.60","566.04","569.90","624.51","49,800","76,612","47,126"
"2016/02/15","494.0","503.0","470.0","491.0","+8.0","63,500","31,005","0","15,100","0.00","-","-","509.40","531.64","567.24","570.43","625.02","55,880","76,632","46,980"
"2016/02/12","490.0","503.0","479.0","483.0","-28.0","66,400","32,569","0","13,500","0.00","-","-","519.40","533.92","568.73","571.02","625.68","56,260","77,536","46,653"
"2016/02/10","523.0","523.0","499.0","511.0","-2.0","54,600","27,724","0","14,400","0.00","-","-","536.40","537.40","570.41","571.68","626.41","68,880","79,192","45,998"
"2016/02/09","525.0","530.0","513.0","513.0","-36.0","40,700","21,122","0","16,400","0.00","-","-","557.80","539.04","571.64","572.26","627.02","135,460","77,268","45,685"
"2016/02/08","533.0","549.0","510.0","549.0","+8.0","54,200","28,684","0","15,900","0.00","-","-","573.40","540.56","572.89","572.56","627.67","211,040","76,444","45,400"
"2016/02/05","548.0","553.0","539.0","541.0","-27.0","65,400","35,559","0","15,400","0.00","-","-","576.80","540.96","573.77","572.39","628.05","217,160","74,888","45,137"
"2016/02/04","591.0","605.0","558.0","568.0","-50.0","129,500","74,737","0","17,200","0.00","-","-","584.20","541.52","574.92","572.49","628.43","232,860","73,444","46,066"
"2016/02/03","620.0","655.0","596.0","618.0","+27.0","387,500","240,244","0","13,600","0.00","-","-","575.40","540.52","575.45","572.40","628.68","210,600","69,388","44,872"
"2016/02/02","646.0","653.0","591.0","591.0","+25.0","418,600","260,195","0","13,400","0.00","-","-","559.40","537.00","575.35","571.91","628.68","137,340","56,380","41,392"
"2016/02/01","596.0","596.0","552.0","566.0","-12.0","84,800","48,573","0","15,000","0.00","-","-","545.00","535.36","575.48","571.69","628.81","56,680","41,692","36,172"
"2016/01/29","539.0","580.0","528.0","578.0","+54.0","143,900","80,067","0","14,200","0.00","-","-","537.80","535.40","575.92","572.06","629.05","54,260","39,876","35,413"
"2016/01/28","538.0","538.0","523.0","524.0","-14.0","18,200","9,616","0","13,100","0.00","-","-","522.60","535.44","576.15","572.38","629.24","29,740","35,720","34,089"
"2016/01/27","520.0","541.0","520.0","538.0","+19.0","21,200","11,272","0","12,600","0.00","-","-","513.80","537.68","576.91","572.72","629.70","34,200","35,896","34,256"
"2016/01/26","522.0","524.0","513.0","519.0","-11.0","15,300","7,928","0","11,700","0.00","-","-","506.20","539.44","577.44","573.02","630.09","32,980","35,872","34,258"
"2016/01/25","542.0","548.0","522.0","530.0","+28.0","72,700","38,881","0","11,700","0.00","-","-","504.60","541.68","578.07","573.33","630.58","30,980","36,636","34,481"
"2016/01/22","501.0","505.0","490.0","502.0","+22.0","21,300","10,606","0","12,000","0.00","-","-","503.60","543.32","578.51","573.59","631.04","22,540","34,796","33,961"
"2016/01/21","500.0","520.0","478.0","480.0","-20.0","40,500","20,297","0","13,500","0.00","-","-","508.40","546.32","579.25","574.92","631.61","32,780","35,172","34,012"
"2016/01/20","511.0","515.0","500.0","500.0","-11.0","15,100","7,643","0","15,500","0.00","-","-","520.00","550.52","580.13","576.72","632.25","30,360","34,408","34,038"
"2016/01/19","529.0","529.0","510.0","511.0","-14.0","5,300","2,741","0","15,400","0.00","-","-","525.80","554.16","580.97","578.56","632.83","29,060","36,412","34,282"
"2016/01/18","500.0","527.0","500.0","525.0","-1.0","30,500","15,494","0","15,400","0.00","-","-","528.00","556.84","581.36","580.07","633.33","34,560","37,276","34,352"
"2016/01/15","537.0","553.0","515.0","526.0","-12.0","72,500","38,554","0","16,400","0.00","-","-","530.60","558.92","581.55","581.48","633.80","33,320","37,516","34,165"
"2016/01/14","520.0","538.0","510.0","538.0","+9.0","28,400","14,720","0","17,200","0.00","-","-","535.00","561.16","581.91","582.53","634.24","36,040","35,696","33,340"
"2016/01/13","530.0","530.0","522.0","529.0","+7.0","8,600","4,514","0","17,200","0.00","-","-","541.40","563.12","582.19","583.40","634.55","51,920","35,380","33,181"
"2016/01/12","538.0","540.0","518.0","522.0","-16.0","32,800","17,298","0","17,200","0.00","-","-","546.00","565.64","582.48","584.44","634.92","51,500","36,168","33,425"
"2016/01/08","545.0","553.0","535.0","538.0","-10.0","24,300","13,176","0","17,500","0.00","-","-","551.80","568.88","583.00","585.59","635.42","48,960","35,852","33,448"
"2016/01/07","580.0","599.0","548.0","548.0","-22.0","86,100","49,225","0","20,500","0.00","-","-","556.00","571.60","583.36","586.54","635.94","47,160","35,992","34,704"
"2016/01/06","551.0","593.0","549.0","570.0","+18.0","107,800","61,014","0","17,000","0.00","-","-","557.40","573.96","583.39","587.56","636.38","35,800","33,008","33,818"
"2016/01/05","557.0","557.0","549.0","552.0","+1.0","6,500","3,600","0","26,200","0.00","-","-","552.00","575.56","583.11","588.50","636.73","19,860","29,320","33,024"
"2016/01/04","566.0","566.0","548.0","551.0","-8.0","20,100","11,166","0","26,000","0.00","-","-","547.60","577.96","583.33","589.67","636.90","31,020","29,904","33,664"
"2015/12/30","556.0","568.0","553.0","559.0","+4.0","15,300","8,540","0","16,400","0.00","-","-","547.40","580.40","583.23","590.63","637.07","37,280","31,500","33,800"
"2015/12/29","543.0","560.0","540.0","555.0","+12.0","29,300","16,100","0","16,600","0.00","-","-","549.00","582.32","582.87","591.49","637.19","42,100","32,716","34,029"
"2015/12/28","535.0","548.0","535.0","543.0","+13.0","28,100","15,310","0","18,400","0.00","-","-","553.80","583.88","582.81","592.54","637.31","44,240","32,516","34,192"
"2015/12/25","540.0","550.0","527.0","530.0","-20.0","62,300","33,342","0","21,100","0.00","-","-","561.20","585.76","583.03","593.76","637.49","43,140","32,200","34,326"
"2015/12/24","563.0","565.0","545.0","550.0","-17.0","51,400","28,546","0","24,000","0.00","-","-","571.60","588.08","583.55","595.16","637.72","34,800","30,296","34,074"
"2015/12/22","579.0","580.0","561.0","567.0","-12.0","39,400","22,629","0","32,300","0.00","-","-","576.60","589.68","583.80","596.34","637.87","31,400","28,912","34,018"
"2015/12/21","577.0","580.0","557.0","579.0","-1.0","40,000","22,872","0","32,700","0.00","-","-","577.40","590.48","584.28","597.38","637.92","28,860","27,844","34,090"
"2015/12/18","577.0","584.0","577.0","580.0","-2.0","22,600","13,126","0","32,300","0.00","-","-","577.00","591.04","584.69","598.42","637.94","27,000","26,564","35,538"
"2015/12/17","576.0","583.0","575.0","582.0","+7.0","20,600","11,927","0","33,700","0.00","-","-","578.00","591.56","584.40","599.47","638.02","26,760","25,872","36,342"
"2015/12/16","570.0","579.0","570.0","575.0","+4.0","34,400","19,770","0","35,500","0.00","-","-","579.80","592.00","584.21","600.50","638.18","35,680","25,548","36,854"
"2015/12/15","577.0","580.0","571.0","571.0","-6.0","26,700","15,415","0","36,200","0.00","-","-","580.40","592.48","583.88","601.65","638.25","34,180","24,596","38,549"
"2015/12/14","577.0","583.0","576.0","577.0","-8.0","30,700","17,767","0","38,800","0.00","-","-","581.60","593.20","583.68","602.93","638.33","36,140","24,312","40,752"
"2015/12/11","581.0","590.0","581.0","585.0","-6.0","21,400","12,518","0","39,300","0.00","-","-","582.60","593.76","584.45","604.07","638.52","35,400","23,660","41,293"
"2015/12/10","573.0","599.0","573.0","591.0","+13.0","65,200","37,886","0","40,800","0.00","-","-","583.00","593.24","585.45","605.30","638.49","35,220","23,772","42,118"
"2015/12/09","576.0","584.0","575.0","578.0","+1.0","26,900","15,536","0","40,600","0.00","-","-","583.20","592.72","586.69","606.25","638.32","27,840","22,868","45,902"
"2015/12/08","575.0","579.0","575.0","577.0","-5.0","36,500","21,020","0","41,500","0.00","-","-","588.20","593.48","587.81","607.15","638.17","27,440","25,364","46,137"
"2015/12/07","578.0","587.0","578.0","582.0","-5.0","27,000","15,701","0","43,600","0.00","-","-","594.00","595.40","589.00","607.91","638.06","25,700","27,628","46,834"
"2015/12/04","588.0","589.0","583.0","587.0","-5.0","20,500","12,030","0","45,900","0.00","-","-","599.00","596.44","589.65","608.57","637.93","22,600","27,444","46,713"
"2015/12/03","600.0","600.0","590.0","592.0","-11.0","28,300","16,828","0","48,100","0.00","-","-","603.60","597.36","590.16","609.35","637.71","21,620","27,196","46,944"
"2015/12/02","611.0","613.0","603.0","603.0","-3.0","24,900","15,159","0","47,800","0.00","-","-","607.60","598.20","590.71","610.28","637.45","20,180","27,396","46,821"
"2015/12/01","610.0","612.0","605.0","606.0","-1.0","27,800","16,911","0","48,700","0.00","-","-","609.40","598.64","591.16","611.08","637.13","27,200","28,916","46,736"
"2015/11/30","611.0","612.0","607.0","607.0","-3.0","11,500","7,014","0","48,100","0.00","-","-","609.60","598.48","591.52","611.98","636.74","30,780","28,316","47,140"
"2015/11/27","615.0","618.0","609.0","610.0","-2.0","15,600","9,560","0","48,000","0.00","-","-","607.00","598.32","592.09","612.92","636.37","33,340","29,416","47,828"
"2015/11/26","613.0","615.0","609.0","612.0","0.0","21,100","12,913","0","48,000","0.00","-","-","603.00","598.28","592.81","614.23","636.06","34,260","29,484","47,878"
"2015/11/25","610.0","627.0","608.0","612.0","+5.0","60,000","37,151","0","45,600","0.00","-","-","598.20","597.92","593.57","615.21","635.75","32,980","29,884","48,189"
"2015/11/24","610.0","610.0","599.0","607.0","+13.0","45,700","27,671","0","48,100","0.00","-","-","593.80","597.72","594.04","616.04","635.54","24,340","28,256","48,253"
"2015/11/20","594.0","604.0","592.0","594.0","+4.0","24,300","14,516","0","48,600","0.00","-","-","589.80","598.04","594.55","617.54","635.39","17,740","27,808","48,210"
"2015/11/19","586.0","593.0","586.0","590.0","+2.0","20,200","11,882","0","103,600","0.00","-","-","589.60","599.36","595.43","618.95","635.27","14,480","32,240","48,200"
"2015/11/18","588.0","590.0","586.0","588.0","-2.0","14,700","8,634","0","103,900","0.00","-","-","590.20","600.08","596.43","620.86","635.21","11,500","33,028","48,320"
"2015/11/17","587.0","591.0","586.0","590.0","+3.0","16,800","9,889","0","105,300","0.00","-","-","591.20","600.96","597.52","623.05","635.08","11,060","37,500","48,466"
"2015/11/16","586.0","590.0","586.0","587.0","-6.0","12,700","7,449","0","125,000","0.00","-","-","590.60","601.40","598.56","625.40","634.92","9,820","37,912","49,350"
"2015/11/13","587.0","594.0","587.0","593.0","0.0","8,000","4,723","0","125,800","0.00","-","-","591.00","601.88","599.68","628.53","634.77","11,200","38,520","49,716"
"2015/11/12","595.0","596.0","592.0","593.0","0.0","5,300","3,146","0","127,300","0.00","-","-","590.60","601.96","600.88","632.05","634.62","12,480","39,984","49,897"
"2015/11/11","589.0","595.0","589.0","593.0","+6.0","12,500","7,397","0","127,300","0.00","-","-","586.40","601.48","602.11","636.39","634.50","16,260","41,000","50,202"
"2015/11/10","586.0","590.0","586.0","587.0","-2.0","10,600","6,234","0","128,000","0.00","-","-","583.40","600.88","603.33","641.08","634.34","22,280","41,356","50,432"
"2015/11/09","593.0","596.0","588.0","589.0","-2.0","19,600","11,582","0","127,700","0.00","-","-","585.40","600.04","604.71","646.02","634.20","38,020","42,212","50,989"
"2015/11/06","573.0","599.0","573.0","591.0","+19.0","14,400","8,398","0","127,400","0.00","-","-","592.60","599.00","606.17","649.44","634.11","52,720","42,776","52,101"
"2015/11/05","577.0","582.0","570.0","572.0","-6.0","24,200","13,891","0","127,700","0.00","-","-","596.00","597.68","607.51","653.72","634.04","54,320","43,204","54,101"
"2015/11/04","600.0","602.0","575.0","578.0","-19.0","42,600","24,996","0","149,100","0.00","-","-","603.60","596.64","609.32","658.29","634.11","52,340","43,936","55,276"
"2015/11/02","615.0","624.0","591.0","597.0","-28.0","89,300","54,057","0","150,800","0.00","-","-","610.60","596.04","610.76","662.63","634.18","50,480","43,568","55,849"
"2015/10/30","613.0","648.0","602.0","625.0","+17.0","93,100","58,005","0","153,400","0.00","-","-","614.00","593.76","611.71","666.51","634.24","45,200","40,416","55,492"
"2015/10/29","618.0","618.0","607.0","608.0","-2.0","22,400","13,714","0","146,400","0.00","-","-","609.40","590.32","612.08","671.06","634.19","29,140","37,352","55,217"
"2015/10/28","613.0","613.0","606.0","610.0","-3.0","14,300","8,715","0","144,500","0.00","-","-","608.40","588.12","612.61","674.41","634.25","32,460","36,880","56,993"
"2015/10/27","615.0","626.0","607.0","613.0","-1.0","33,300","20,516","0","145,600","0.00","-","-","608.20","586.08","613.35","676.24","634.22","33,060","36,968","58,545"
"2015/10/26","610.0","633.0","607.0","614.0","+12.0","62,900","38,742","0","143,800","0.00","-","-","606.20","583.60","614.31","677.04","634.18","32,620","36,712","59,358"
"2015/10/23","609.0","609.0","602.0","602.0","-1.0","12,800","7,746","0","152,900","0.00","-","-","604.80","581.48","615.23","676.83","634.26","23,900","35,576","62,398"
"2015/10/22","611.0","612.0","602.0","603.0","-6.0","39,000","23,614","0","153,300","0.00","-","-","607.40","580.00","616.48","676.60","634.87","28,240","39,804","63,949"
"2015/10/21","603.0","615.0","603.0","609.0","+6.0","17,300","10,521","0","135,700","0.00","-","-","612.20","577.88","617.79","676.36","634.97","47,460","39,032","68,572"
"2015/10/20","606.0","609.0","603.0","603.0","-4.0","31,100","18,815","0","156,300","0.00","-","-","612.00","575.48","619.55","676.06","634.70","51,980","40,268","93,488"
"2015/10/19","615.0","615.0","607.0","607.0","-8.0","19,300","11,766","0","152,200","0.00","-","-","613.40","574.12","620.97","675.88","634.56","71,060","41,204","97,481"
"2015/10/16","627.0","628.0","610.0","615.0","-12.0","34,500","21,285","0","146,800","0.00","-","-","612.20","571.56","622.15","675.61","634.43","72,620","41,644","101,918"
"2015/10/15","602.0","651.0","600.0","627.0","+19.0","135,100","84,372","0","148,700","0.00","-","-","609.00","568.24","624.04","675.31","634.48","71,300","41,564","109,030"
"2015/10/14","610.0","618.0","608.0","608.0","-2.0","39,900","24,390","0","149,300","0.00","-","-","602.60","565.20","625.48","674.86","634.56","53,200","37,820","111,777"
"2015/10/13","631.0","635.0","607.0","610.0","+9.0","126,500","78,663","0","147,100","0.00","-","-","597.20","563.24","627.79","674.64","634.71","51,360","37,752","115,866"
"2015/10/09","600.0","607.0","599.0","601.0","+2.0","27,100","16,324","0","143,900","0.00","-","-","590.80","561.60","630.41","674.36","634.93","30,340","34,428","120,037"
"2015/10/08","600.0","604.0","596.0","599.0","+4.0","27,900","16,739","0","141,400","0.00","-","-","583.80","560.32","633.40","674.29","635.39","31,320","35,232","128,250"
"2015/10/07","581.0","600.0","580.0","595.0","+14.0","44,600","26,315","0","144,600","0.00","-","-","576.60","560.48","637.41","674.13","636.03","32,480","35,908","140,852"
"2015/10/06","585.0","585.0","581.0","581.0","+3.0","30,700","17,894","0","143,700","0.00","-","-","569.20","561.08","642.08","674.16","636.82","28,580","40,068","150,002"
"2015/10/05","574.0","580.0","571.0","578.0","+12.0","21,400","12,349","0","141,600","0.00","-","-","562.20","560.16","648.03","674.13","637.49","30,940","42,156","161,397"
"2015/10/02","573.0","574.0","565.0","566.0","+3.0","32,000","18,240","0","142,400","0.00","-","-","559.20","559.76","654.48","674.18","638.25","33,340","43,660","196,845"
"2015/10/01","561.0","571.0","561.0","563.0","+5.0","33,700","19,094","0","144,600","0.00","-","-","554.00","559.12","661.35","674.35","639.28","29,040","48,840","226,710"
"2015/09/30","565.0","566.0","558.0","558.0","+12.0","25,100","14,138","0","146,800","0.00","-","-","549.20","558.84","666.25","674.57","640.41","25,600","55,168","242,606"
"2015/09/29","556.0","563.0","546.0","546.0","-17.0","42,500","23,576","0","148,100","0.00","-","-","548.20","561.92","672.40","674.79","641.56","22,700","57,016","275,928"
"2015/09/28","570.0","576.0","558.0","563.0","+23.0","33,400","18,948","0","147,000","0.00","-","-","550.80","566.48","678.84","675.02","642.90","17,500","58,648","331,982"
"2015/09/25","538.0","549.0","538.0","540.0","+1.0","10,500","5,670","0","143,400","0.00","-","-","548.40","571.32","684.83","675.19","644.16","16,200","71,272","386,849"
"2015/09/24","554.0","554.0","539.0","539.0","-14.0","16,500","8,964","0","143,300","0.00","-","-","552.60","576.20","690.76","675.81","645.61","21,000","72,632","520,892"
"2015/09/18","556.0","558.0","551.0","553.0","-6.0","10,600","5,878","0","143,300","0.00","-","-","557.80","581.28","697.97","676.50","647.08","41,400","75,524","598,122"
"2015/09/17","557.0","561.0","552.0","559.0","+8.0","16,500","9,203","0","142,500","0.00","-","-","557.20","584.40","703.17","677.20","648.35","43,220","75,816","660,156"
"2015/09/16","562.0","563.0","551.0","551.0","-10.0","26,900","14,978","0","142,400","0.00","-","-","555.20","587.04","706.29","677.80","649.75","49,560","76,668","666,320"
"2015/09/15","575.0","575.0","557.0","561.0","-4.0","34,500","19,480","0","148,500","0.00","-","-","558.80","590.32","708.19","678.54","650.88","55,080","76,356","692,665"
"2015/09/14","544.0","617.0","544.0","565.0","+15.0","118,500","68,813","0","151,000","0.00","-","-","555.20","593.36","708.61","679.11","652.15","54,240","75,716","696,057"
"2015/09/11","549.0","555.0","545.0","550.0","+1.0","19,700","10,819","0","142,600","0.00","-","-","548.60","596.08","708.80","679.60","653.56","37,040","73,300","695,565"
"2015/09/10","538.0","555.0","533.0","549.0","-20.0","48,200","26,087","0","143,200","0.00","-","-","548.80","600.08","709.19","680.33","655.14","41,400","75,036","695,517"
"2015/09/09","550.0","574.0","545.0","569.0","+26.0","54,500","30,548","0","143,300","0.00","-","-","550.80","604.68","709.59","681.13","656.82","39,400","73,884","695,322"
"2015/09/08","539.0","556.0","530.0","543.0","+11.0","30,300","16,358","0","139,900","0.00","-","-","550.80","608.68","709.80","681.77","658.18","37,180","73,480","694,909"
"2015/09/07","541.0","546.0","531.0","532.0","-19.0","32,500","17,433","0","142,300","0.00","-","-","556.00","612.84","710.29","682.78","659.90","40,560","74,860","695,185"
"2015/09/04","559.0","563.0","538.0","551.0","-8.0","41,500","22,829","0","142,900","0.00","-","-","570.20","617.36","711.00","683.71","661.76","43,020","75,260","695,045"
"2015/09/03","570.0","579.0","558.0","559.0","-10.0","38,200","21,612","0","142,900","0.00","-","-","582.00","621.72","711.41","684.37","663.81","64,440","74,540","694,806"
"2015/09/02","565.0","582.0","560.0","569.0","0.0","43,400","24,793","0","142,700","0.00","-","-","581.80","625.96","711.77","684.96","666.15","73,380","74,180","694,618"
"2015/09/01","598.0","598.0","560.0","569.0","-34.0","47,200","27,307","0","144,000","0.00","-","-","581.60","630.00","711.95","685.45","668.69","76,500","73,472","694,693"
"2015/08/31","620.0","620.0","598.0","603.0","-7.0","44,800","27,184","0","152,400","0.00","-","-","577.80","633.96","712.28","685.92","671.14","99,360","74,908","695,445"
"2015/08/28","564.0","625.0","564.0","610.0","+52.0","148,600","89,539","0","155,200","0.00","-","-","568.40","636.68","712.01","686.04","673.29","128,780","74,720","695,454"
"2015/08/27","558.0","583.0","555.0","558.0","-10.0","82,900","46,769","0","144,100","0.00","-","-","573.40","639.60","711.85","686.09","675.64","113,320","69,640","694,964"
"2015/08/26","540.0","570.0","540.0","568.0","+18.0","59,000","32,699","0","146,900","0.00","-","-","593.80","644.68","712.12","686.68","678.10","113,400","67,452","694,284"
"2015/08/25","510.0","579.0","495.0","550.0","-6.0","161,500","85,471","0","157,900","0.00","-","-","617.00","649.36","712.32","687.15","680.80","171,400","66,280","693,854"
"2015/08/24","600.0","616.0","540.0","556.0","-79.0","191,900","110,859","0","166,600","0.00","-","-","639.40","654.96","712.76","687.82","683.49","148,000","61,916","692,136"
"2015/08/21","645.0","662.0","634.0","635.0","-25.0","71,300","45,813","0","188,600","0.00","-","-","661.40","660.68","713.15","688.49","686.91","127,380","58,360","689,942"
"2015/08/20","690.0","690.0","655.0","660.0","-24.0","83,300","55,902","0","187,000","0.00","-","-","660.60","662.92","712.41","688.29","690.75","116,700","62,084","689,596"
"2015/08/19","666.0","718.0","661.0","684.0","+22.0","349,000","241,747","0","185,800","0.00","-","-","653.60","664.84","711.20","687.77","693.83","107,600","63,244","689,160"
"2015/08/18","665.0","668.0","651.0","662.0","-4.0","44,500","29,453","0","174,600","0.00","-","-","643.40","664.92","709.81","687.09","695.91","41,620","52,708","685,602"
"2015/08/17","638.0","668.0","638.0","666.0","+35.0","88,800","58,182","0","171,700","0.00","-","-","638.40","665.16","709.01","686.59","697.35","36,420","53,428","685,754"
"2015/08/14","616.0","631.0","616.0","631.0","+6.0","17,900","11,195","0","159,600","0.00","-","-","631.80","664.64","708.24","686.12","698.58","30,280","52,776","685,349"
"2015/08/13","625.0","629.0","616.0","625.0","-8.0","37,800","23,505","0","160,900","0.00","-","-","635.60","665.32","708.13","685.94","700.71","39,320","58,284","685,732"
"2015/08/12","630.0","640.0","629.0","633.0","-4.0","19,100","12,059","0","161,400","0.00","-","-","643.40","666.92","708.05","685.69","703.81","35,640","62,000","686,168"
"2015/08/11","630.0","640.0","628.0","637.0","+4.0","18,500","11,717","0","159,700","0.00","-","-","650.60","669.00","707.95","685.39","708.87","40,700","65,008","690,197"
"2015/08/10","649.0","649.0","627.0","633.0","-17.0","58,100","37,240","0","161,300","0.00","-","-","652.60","670.84","707.69","685.24","713.91","49,960","75,904","690,386"
"2015/08/07","659.0","665.0","647.0","650.0","-14.0","63,100","41,301","0","159,700","0.00","-","-","655.00","673.36","707.44","685.34","717.47","46,840","78,744","690,405"
"2015/08/06","661.0","671.0","660.0","664.0","-5.0","19,400","12,864","0","157,600","0.00","-","-","657.00","675.40","707.08","685.20","719.45","38,920","91,648","689,976"
"2015/08/05","667.0","680.0","658.0","669.0","+22.0","44,400","29,749","0","160,300","0.00","-","-","657.20","678.48","706.61","684.96","720.60","40,880","166,312","690,469"
"2015/08/04","655.0","685.0","646.0","647.0","+2.0","64,800","43,031","0","160,200","0.00","-","-","657.40","680.12","706.13","684.12","720.98","37,140","177,760","690,872"
"2015/08/03","646.0","660.0","643.0","645.0","-15.0","42,500","27,561","0","163,800","0.00","-","-","661.60","682.04","706.09","683.51","720.97","40,800","189,252","691,590"
"2015/07/31","662.0","666.0","659.0","660.0","-5.0","23,500","15,544","0","163,700","0.00","-","-","666.80","686.52","705.83","682.89","721.00","40,320","210,268","691,922"
"2015/07/30","668.0","670.0","665.0","665.0","-5.0","29,200","19,489","0","164,200","0.00","-","-","671.40","689.52","705.25","682.08","720.45","39,940","222,972","692,396"
"2015/07/29","678.0","678.0","667.0","670.0","+2.0","25,700","17,228","0","163,000","0.00","-","-","675.40","694.16","704.63","681.22","720.38","39,740","235,668","692,584"
"2015/07/28","660.0","690.0","645.0","668.0","-3.0","83,100","54,866","0","163,000","0.00","-","-","678.40","699.64","703.93","680.28","719.79","40,540","252,212","692,608"
"2015/07/27","673.0","675.0","665.0","671.0","-12.0","40,100","26,903","0","162,300","0.00","-","-","682.80","705.92","703.24","679.39","718.80","34,400","274,612","691,874"
"2015/07/24","684.0","685.0","680.0","683.0","-2.0","21,600","14,728","0","162,800","0.00","-","-","688.40","715.08","702.49","678.46","717.63","46,980","311,928","691,849"
"2015/07/23","682.0","688.0","680.0","685.0","0.0","28,200","19,241","0","164,500","0.00","-","-","690.00","725.56","701.59","677.46","716.53","75,540","340,300","692,017"
"2015/07/22","693.0","693.0","683.0","685.0","-5.0","29,700","20,406","0","166,000","0.00","-","-","694.60","739.24","700.68","676.56","715.44","92,360","374,584","692,181"
"2015/07/21","693.0","700.0","690.0","690.0","-9.0","52,400","36,321","0","167,500","0.00","-","-","694.80","754.32","699.75","675.85","714.34","103,540","480,596","692,436"
"2015/07/17","703.0","725.0","695.0","699.0","+8.0","103,000","72,999","0","170,300","0.00","-","-","690.40","769.96","698.77","674.84","713.24","105,560","569,376","692,337"
"2015/07/16","721.0","731.0","691.0","691.0","-17.0","164,400","116,295","0","169,800","0.00","-","-","681.20","779.24","697.76","673.73","712.01","99,460","614,292","691,500"
"2015/07/15","676.0","719.0","675.0","708.0","+22.0","112,300","78,258","0","168,400","0.00","-","-","672.60","792.36","696.75","672.97","710.75","97,700","708,684","690,105"
"2015/07/14","667.0","696.0","667.0","686.0","+18.0","85,600","58,362","0","171,000","0.00","-","-","664.00","805.20","695.41","671.68","709.42","101,380","874,056","689,497"
"2015/07/13","657.0","683.0","655.0","668.0","+15.0","62,500","41,701","0","171,900","0.00","-","-","663.80","818.24","694.48","670.39","708.29","103,120","1,036,568","688,840"
"2015/07/10","641.0","658.0","639.0","653.0","+5.0","72,500","46,763","0","174,500","0.00","-","-","666.80","830.92","693.73","669.18","707.09","148,800","1,436,616","688,400"
"2015/07/09","635.0","657.0","601.0","648.0","-17.0","155,600","98,694","0","176,200","0.00","-","-","675.40","848.00","693.28","668.20","705.95","160,120","1,666,068","688,081"
"2015/07/08","705.0","712.0","658.0","665.0","-20.0","130,700","89,641","0","180,000","0.00","-","-","686.00","859.80","692.81","667.29","704.91","206,140","1,846,368","686,508"
"2015/07/07","698.0","704.0","684.0","685.0","+2.0","94,300","65,362","0","173,100","0.00","-","-","701.20","864.92","691.95","666.07","703.81","557,200","1,860,292","685,410"
"2015/07/06","681.0","745.0","677.0","683.0","-13.0","290,900","204,971","0","175,400","0.00","-","-","706.20","865.24","690.85","664.62","702.55","604,460","1,936,632","685,600"
"2015/07/03","705.0","710.0","688.0","696.0","-5.0","129,100","89,949","0","166,700","0.00","-","-","708.60","861.64","690.04","663.17","701.26","616,700","1,936,552","683,656"
"2015/07/02","700.0","722.0","700.0","701.0","-40.0","385,700","272,031","0","166,100","0.00","-","-","720.80","856.96","689.33","661.50","699.93","704,460","1,934,652","686,664"
"2015/07/01","698.0","820.0","688.0","741.0","+31.0","1,886,000","1,454,171","0","208,300","0.00","-","-","727.60","852.08","688.47","659.82","698.59","695,540","1,919,868","684,506"
"2015/06/30","698.0","740.0","690.0","710.0","+15.0","330,600","236,898","0","192,200","0.00","-","-","735.60","845.60","687.12","657.89","697.14","387,660","1,845,772","671,672"
"2015/06/29","687.0","720.0","687.0","695.0","-62.0","352,100","244,982","0","173,900","0.00","-","-","755.00","840.60","685.45","656.29","695.98","409,400","1,833,488","668,105"
"2015/06/26","747.0","785.0","736.0","757.0","+22.0","567,900","429,779","0","199,400","0.00","-","-","781.00","836.00","684.00","655.03","694.97","467,600","1,821,444","664,189"
"2015/06/25","752.0","762.0","727.0","735.0","-46.0","341,100","254,737","0","278,200","0.00","-","-","809.60","829.12","681.68","653.23","693.56","548,620","1,799,608","656,798"
"2015/06/24","793.0","800.0","775.0","781.0","-26.0","346,600","272,342","0","319,500","0.00","-","-","851.60","823.00","679.60","651.58","692.16","626,580","1,786,908","652,605"
"2015/06/23","834.0","834.0","790.0","807.0","-18.0","439,300","353,988","0","314,200","0.00","-","-","900.80","815.20","676.91","649.56","690.61","734,320","1,774,008","648,296"
"2015/06/22","857.0","860.0","816.0","825.0","-75.0","643,100","537,301","0","300,900","0.00","-","-","951.80","806.20","673.83","647.11","688.90","1,182,460","1,758,396","642,786"
"2015/06/19","952.0","957.0","855.0","900.0","-45.0","973,000","863,742","0","230,400","0.00","-","-","1,003.00","796.96","670.55","644.44","687.10","1,508,220","1,736,816","634,841"
"2015/06/18","950.0","975.0","931.0","945.0","-82.0","730,900","692,649","0","206,700","0.00","-","-","1,009.20","784.28","666.25","641.01","684.95","1,558,800","1,699,716","622,560"
"2015/06/17","1,030.0","1,080.0","1,001.0","1,027.0","-35.0","885,300","915,842","0","224,200","0.00","-","-","1,024.00","770.40","661.43","637.18","682.57","1,917,460","1,674,952","613,340"
"2015/06/16","1,128.0","1,171.0","1,000.0","1,062.0","-19.0","2,680,000","2,902,529","0","233,400","0.00","-","-","1,024.40","752.44","655.67","632.60","679.76","2,589,720","1,640,816","603,169"
"2015/06/15","1,080.0","1,081.0","1,038.0","1,081.0","+150.0","2,271,900","2,434,155","0","281,600","0.00","-","-","1,014.40","733.28","649.69","627.59","676.91","2,883,400","1,534,688","569,176"
"2015/06/12","995.0","1,040.0","911.0","931.0","-88.0","1,225,900","1,192,207","0","296,300","0.00","-","-","995.20","713.36","643.13","622.38","674.00","4,441,760","1,445,116","540,081"
"2015/06/11","1,013.0","1,092.0","980.0","1,019.0","-10.0","2,524,200","2,610,583","0","239,600","0.00","-","-","1,025.00","699.52","638.56","618.78","671.77","5,358,340","1,397,176","526,964"
"2015/06/10","1,042.0","1,132.0","1,000.0","1,029.0","+17.0","4,246,600","4,562,546","0","268,600","0.00","-","-","1,009.80","681.96","633.17","614.35","668.94","5,786,120","1,298,020","496,646"
"2015/06/09","988.0","1,100.0","951.0","1,012.0","+27.0","4,148,400","4,230,231","0","212,500","0.00","-","-","962.60","663.56","627.17","609.93","666.16","5,032,560","1,130,180","442,148"
"2015/06/08","1,020.0","1,288.0","920.0","985.0","-95.0","10,063,700","11,338,403","0","252,400","0.00","-","-","898.80","646.28","621.11","605.72","663.50","4,603,440","967,532","387,434"
"2015/06/05","935.0","1,080.0","881.0","1,080.0","+137.0","5,808,800","5,726,874","0","84,000","0.00","-","-","820.40","630.96","615.27","601.96","660.73","2,648,480","567,220","253,825"
"2015/06/04","898.0","943.0","868.0","943.0","+150.0","4,663,100","4,290,544","0","71,300","0.00","-","-","720.20","612.08","608.27","597.31","657.59","1,503,040","337,204","177,046"
"2015/06/03","792.0","793.0","787.0","793.0","+100.0","478,800","379,350","0","96,000","0.00","-","-","647.40","599.28","603.12","594.08","655.62","573,640","152,544","115,677"
"2015/06/02","613.0","693.0","608.0","693.0","+100.0","2,002,800","1,356,738","0","91,700","0.00","-","-","604.60","592.32","599.79","592.19","654.00","484,600","136,212","109,826"
"2015/06/01","589.0","613.0","587.0","593.0","+14.0","288,900","172,182","0","60,600","0.00","-","-","583.00","589.60","597.75","591.32","652.53","88,740","68,952","83,578"
"2015/05/29","579.0","588.0","575.0","579.0","0.0","81,600","47,315","0","51,500","0.00","-","-","580.40","590.60","597.01","591.68","651.58","41,160","58,704","80,109"
"2015/05/28","579.0","581.0","577.0","579.0","0.0","16,100","9,327","0","59,900","0.00","-","-","581.60","592.00","596.35","593.13","650.64","29,240","57,820","79,698"
"2015/05/27","580.0","583.0","577.0","579.0","-6.0","33,600","19,473","0","60,000","0.00","-","-","582.20","593.76","595.73","593.58","649.69","30,740","58,412","80,077"
"2015/05/26","580.0","585.0","580.0","585.0","+5.0","23,500","13,671","0","61,700","0.00","-","-","583.60","595.76","595.32","593.33","648.64","28,840","59,324","80,221"
"2015/05/25","581.0","586.0","579.0","580.0","-5.0","51,000","29,709","0","63,100","0.00","-","-","583.00","597.68","594.85","593.23","647.56","33,940","61,368","80,990"
"2015/05/22","583.0","586.0","581.0","585.0","+3.0","22,000","12,825","0","68,900","0.00","-","-","585.80","600.24","594.71","593.24","646.48","44,460","64,076","81,018"
"2015/05/21","588.0","591.0","582.0","582.0","-4.0","23,600","13,796","0","73,200","0.00","-","-","585.40","601.84","594.60","593.64","645.38","49,160","65,892","81,472"
"2015/05/20","583.0","595.0","583.0","586.0","+4.0","24,100","14,145","0","73,600","0.00","-","-","588.60","603.24","594.44","594.26","644.29","66,800","67,308","82,166"
"2015/05/19","582.0","588.0","581.0","582.0","-12.0","49,000","28,583","0","76,100","0.00","-","-","587.00","604.52","594.35","594.77","643.18","68,360","68,076","83,062"
"2015/05/18","607.0","607.0","594.0","594.0","+11.0","103,600","62,321","0","81,300","0.00","-","-","587.20","605.96","594.08","595.50","642.08","63,920","67,216","83,085"
"2015/05/15","585.0","591.0","576.0","583.0","-15.0","45,500","26,527","0","85,000","0.00","-","-","585.00","606.84","593.60","596.49","640.93","49,720","64,196","82,552"
"2015/05/14","580.0","620.0","573.0","598.0","+20.0","111,800","66,956","0","94,000","0.00","-","-","585.40","608.12","593.25","597.92","639.82","46,100","63,904","82,502"
"2015/05/13","583.0","585.0","573.0","578.0","-5.0","31,900","18,454","0","90,000","0.00","-","-","581.80","608.80","592.77","599.48","638.65","32,800","60,800","81,326"
"2015/05/12","585.0","592.0","583.0","583.0","0.0","26,800","15,713","0","88,600","0.00","-","-","580.00","610.36","592.65","600.84","637.57","36,540","61,144","81,488"
"2015/05/11","581.0","587.0","581.0","583.0","-2.0","32,600","19,029","0","90,000","0.00","-","-","579.40","611.64","592.36","602.32","636.47","47,620","62,024","81,930"
"2015/05/08","580.0","585.0","580.0","585.0","+5.0","27,400","15,949","0","90,900","0.00","-","-","583.20","613.00","592.05","604.21","635.37","52,280","62,520","82,386"
"2015/05/07","584.0","584.0","574.0","580.0","+11.0","45,300","26,331","0","89,800","0.00","-","-","587.80","614.52","591.87","606.25","634.27","58,480","63,032","84,218"
"2015/05/01","570.0","574.0","566.0","569.0","-11.0","50,600","28,863","0","90,300","0.00","-","-","596.40","615.92","591.81","608.33","633.19","58,740","63,612","84,484"
"2015/04/30","598.0","599.0","575.0","580.0","-22.0","82,200","48,157","0","89,800","0.00","-","-","606.40","617.48","592.05","610.78","632.16","62,720","64,256","84,502"
"2015/04/28","604.0","610.0","602.0","602.0","-6.0","55,900","33,764","0","84,500","0.00","-","-","615.40","618.92","592.20","613.12","631.08","110,540","62,420","84,701"
"2015/04/27","610.0","614.0","607.0","608.0","-15.0","58,400","35,598","0","84,100","0.00","-","-","618.60","619.32","592.29","615.41","629.89","105,900","61,364","85,254"
"2015/04/24","620.0","626.0","618.0","623.0","+4.0","46,600","28,998","0","90,500","0.00","-","-","619.80","619.76","592.39","617.66","628.67","106,120","60,972","86,081"
"2015/04/23","622.0","623.0","615.0","619.0","-6.0","70,500","43,705","0","87,100","0.00","-","-","619.80","619.36","592.35","619.49","627.37","102,980","60,612","88,860"
"2015/04/22","619.0","655.0","616.0","625.0","+7.0","321,300","203,884","0","92,100","0.00","-","-","621.80","618.60","592.15","621.70","626.10","100,160","59,728","89,758"
"2015/04/21","615.0","623.0","615.0","618.0","+4.0","32,700","20,185","0","88,100","0.00","-","-","623.40","617.72","591.89","623.21","624.81","50,820","51,216","88,253"
"2015/04/20","619.0","619.0","608.0","614.0","-9.0","59,500","36,635","0","94,900","0.00","-","-","628.60","617.88","592.04","625.19","623.54","68,020","55,712","100,877"
"2015/04/17","624.0","630.0","623.0","623.0","-6.0","30,900","19,326","0","96,900","0.00","-","-","630.80","619.04","593.51","627.52","622.31","69,600","67,520","120,754"
"2015/04/16","636.0","637.0","629.0","629.0","-4.0","56,400","35,614","0","101,600","0.00","-","-","629.60","619.56","593.52","629.94","621.02","75,220","75,240","125,778"
"2015/04/15","646.0","647.0","630.0","633.0","-11.0","74,600","47,511","0","109,000","0.00","-","-","627.40","620.00","592.52","632.51","619.71","72,600","109,920","129,010"
"2015/04/14","628.0","644.0","627.0","644.0","+19.0","118,700","75,526","0","109,600","0.00","-","-","624.40","618.08","591.75","634.59","618.38","63,180","109,460","131,130"
"2015/04/13","621.0","629.0","618.0","625.0","+8.0","67,400","42,054","0","127,400","0.00","-","-","618.80","615.76","590.91","637.01","617.02","45,060","107,048","132,653"
"2015/04/10","617.0","618.0","614.0","617.0","-1.0","59,000","36,363","0","127,500","0.00","-","-","616.80","614.08","590.91","639.81","615.74","39,220","104,896","133,425"
"2015/04/09","618.0","618.0","616.0","618.0","0.0","43,300","26,724","0","138,500","0.00","-","-","616.40","612.56","591.27","643.24","614.49","34,260","103,600","134,340"
"2015/04/08","618.0","621.0","616.0","618.0","+2.0","27,500","16,983","0","137,100","0.00","-","-","616.20","611.00","591.52","647.34","613.24","33,700","102,804","135,436"
"2015/04/07","617.0","620.0","616.0","616.0","+1.0","28,100","17,352","0","142,800","0.00","-","-","615.60","609.32","592.01","651.93","611.98","37,960","102,748","136,769"
"2015/04/06","615.0","618.0","614.0","615.0","0.0","38,200","23,528","0","143,100","0.00","-","-","615.80","607.84","593.04","656.35","610.74","41,340","103,512","138,094"
"2015/04/03","617.0","619.0","615.0","615.0","-2.0","34,200","21,082","0","140,600","0.00","-","-","617.40","606.36","594.52","660.53","609.54","41,740","104,060","138,782"
"2015/04/02","618.0","619.0","612.0","617.0","+2.0","40,500","24,967","0","141,700","0.00","-","-","617.40","605.08","596.37","665.18","608.32","46,860","104,268","140,834"
"2015/04/01","610.0","620.0","610.0","615.0","-2.0","48,800","30,013","0","145,300","0.00","-","-","615.60","604.20","597.67","669.51","607.07","52,100","107,548","141,544"
"2015/03/31","624.0","624.0","614.0","617.0","-6.0","45,000","27,790","0","144,800","0.00","-","-","615.80","604.16","599.21","674.45","605.82","49,600","110,816","142,945"
"2015/03/30","617.0","624.0","617.0","623.0","+8.0","40,200","24,896","0","141,400","0.00","-","-","614.80","603.04","601.28","679.16","604.56","46,500","112,608","143,525"
"2015/03/27","612.0","615.0","609.0","615.0","+7.0","59,800","36,702","0","178,000","0.00","-","-","614.00","601.64","603.49","685.33","603.25","48,180","120,684","144,132"
"2015/03/26","611.0","612.0","607.0","608.0","-8.0","66,700","40,659","0","282,400","0.00","-","-","613.60","601.64","605.80","693.20","601.99","43,740","128,308","146,016"
"2015/03/25","613.0","618.0","608.0","616.0","+4.0","36,300","22,217","0","136,500","0.00","-","-","612.00","600.48","608.55","699.88","600.74","40,080","132,008","148,132"
"2015/03/24","619.0","619.0","607.0","612.0","-7.0","29,500","18,020","0","134,500","0.00","-","-","609.40","598.12","611.19","704.72","599.46","54,520","132,352","149,644"
"2015/03/23","610.0","621.0","610.0","619.0","+6.0","48,600","29,977","0","132,500","0.00","-","-","611.40","595.52","614.11","708.10","598.21","77,640","132,892","152,557"
"2015/03/20","603.0","617.0","603.0","613.0","+13.0","37,600","22,967","0","131,700","0.00","-","-","616.20","592.96","616.96","711.03","596.92","138,860","132,964","164,837"
"2015/03/19","606.0","606.0","598.0","600.0","-3.0","48,400","29,109","0","131,500","0.00","-","-","620.80","590.72","619.53","715.48","595.65","176,120","133,876","168,006"
"2015/03/18","620.0","620.0","602.0","603.0","-19.0","108,500","66,054","0","129,700","0.00","-","-","628.80","588.44","622.73","721.93","594.45","351,120","133,540","182,454"
"2015/03/17","633.0","643.0","619.0","622.0","-21.0","145,100","90,957","0","128,500","0.00","-","-","625.20","585.92","625.04","732.35","593.23","342,040","130,568","184,965"
"2015/03/16","661.0","670.0","637.0","643.0","+7.0","354,700","231,970","0","129,000","0.00","-","-","618.00","582.56","627.63","742.58","591.89","324,700","125,912","186,188"
"2015/03/13","650.0","650.0","622.0","636.0","-4.0","223,900","142,412","0","126,900","0.00","-","-","606.00","578.00","630.35","749.60","590.45","256,480","113,756","185,104"
"2015/03/12","655.0","672.0","638.0","640.0","+55.0","923,400","601,505","0","138,500","0.00","-","-","594.60","573.88","633.40","753.69","589.03","217,020","106,580","187,120"
"2015/03/11","591.0","599.0","582.0","585.0","-1.0","63,100","37,196","0","157,400","0.00","-","-","582.40","570.20","636.68","756.24","587.62","37,020","71,420","182,334"
"2015/03/10","585.0","607.0","585.0","586.0","+3.0","58,400","34,702","0","157,900","0.00","-","-","580.60","568.80","640.09","757.84","586.50","29,620","72,144","185,480"
"2015/03/09","578.0","583.0","576.0","583.0","+4.0","13,600","7,887","0","156,800","0.00","-","-","579.20","568.12","644.09","758.43","585.36","27,380","71,932","191,029"
"2015/03/06","582.0","585.0","579.0","579.0","0.0","26,600","15,472","0","157,500","0.00","-","-","578.20","567.88","648.39","759.10","584.27","35,040","73,628","195,697"
"2015/03/05","577.0","585.0","572.0","579.0","+3.0","23,400","13,579","0","156,000","0.00","-","-","579.00","567.52","653.47","758.82","583.19","37,600","75,592","205,072"
"2015/03/04","578.0","580.0","571.0","576.0","-3.0","26,100","15,016","0","155,600","0.00","-","-","582.20","567.52","659.45","759.54","582.10","57,420","78,308","210,662"
"2015/03/03","598.0","598.0","577.0","579.0","+1.0","47,200","27,656","0","153,800","0.00","-","-","589.80","566.96","666.13","759.29","581.06","78,300","79,292","219,664"
"2015/03/02","583.0","598.0","577.0","578.0","-5.0","51,900","30,411","0","153,300","0.00","-","-","591.80","566.12","672.52","758.21","580.01","86,820","79,948","243,666"
"2015/02/27","595.0","599.0","583.0","583.0","-12.0","39,400","23,279","0","157,700","0.00","-","-","593.80","565.28","678.59","756.79","578.96","124,860","79,544","257,185"
"2015/02/26","613.0","623.0","589.0","595.0","-19.0","122,500","73,686","0","154,200","0.00","-","-","600.20","564.44","685.21","755.59","577.90","167,060","78,912","273,336"
"2015/02/25","591.0","615.0","591.0","614.0","+25.0","130,500","79,391","0","163,400","0.00","-","-","597.00","563.40","691.28","754.31","576.80","174,400","75,772","286,950"
"2015/02/24","581.0","596.0","567.0","589.0","+1.0","89,800","52,320","0","164,500","0.00","-","-","585.60","561.28","697.88","752.82","575.57","157,280","72,952","297,550"
"2015/02/23","622.0","625.0","584.0","588.0","-27.0","242,100","146,424","0","162,700","0.00","-","-","577.20","560.12","704.53","751.63","574.48","147,920","72,032","313,289"
"2015/02/20","585.0","616.0","582.0","615.0","+36.0","250,400","151,384","0","162,100","0.00","-","-","570.60","559.44","713.23","750.29","573.45","109,580","68,940","337,622"
"2015/02/19","565.0","587.0","564.0","579.0","+22.0","159,200","91,678","0","164,600","0.00","-","-","559.00","557.88","723.72","748.52","572.28","71,580","61,532","394,428"
"2015/02/18","548.0","559.0","545.0","557.0","+10.0","44,900","24,854","0","172,200","0.00","-","-","551.80","558.20","733.01","747.16","571.40","47,740","57,244","504,009"
"2015/02/17","560.0","560.0","546.0","547.0","-8.0","43,000","23,661","0","169,000","0.00","-","-","548.40","559.56","740.25","746.19","570.62","45,600","59,332","533,469"
"2015/02/16","562.0","562.0","550.0","555.0","-2.0","50,400","28,028","0","166,900","0.00","-","-","546.60","562.04","745.63","744.99","569.90","42,740","61,508","576,117"
"2015/02/13","545.0","557.0","537.0","557.0","+14.0","60,400","33,168","0","169,200","0.00","-","-","541.40","564.44","750.39","743.69","569.15","42,820","64,308","606,628"
"2015/02/12","535.0","545.0","535.0","543.0","+3.0","40,000","21,594","0","163,900","0.00","-","-","536.60","566.96","757.07","742.52","568.39","39,640","72,092","714,541"
"2015/02/10","538.0","545.0","533.0","540.0","+2.0","34,200","18,490","0","162,800","0.00","-","-","537.60","569.40","766.43","741.55","567.70","40,520","76,008","759,289"
"2015/02/09","528.0","539.0","528.0","538.0","+9.0","28,700","15,369","0","159,500","0.00","-","-","539.60","572.04","781.16","740.48","567.03","49,920","82,976","926,184"
"2015/02/06","531.0","532.0","521.0","529.0","-4.0","50,800","26,765","0","158,000","0.00","-","-","545.80","575.68","795.92","739.35","566.35","54,800","121,008","932,506"
"2015/02/05","550.0","550.0","532.0","533.0","-15.0","44,500","23,933","0","159,500","0.00","-","-","555.40","583.48","806.80","738.35","565.72","55,840","180,988","1,044,778"
"2015/02/04","550.0","552.0","534.0","548.0","-2.0","44,400","24,195","0","156,300","0.00","-","-","562.80","587.12","813.63","737.36","565.06","62,080","195,516","1,045,550"
"2015/02/03","568.0","569.0","549.0","550.0","-19.0","81,200","45,199","0","156,100","0.00","-","-","569.00","587.36","818.25","736.38","564.37","71,460","205,692","1,100,870"
"2015/02/02","572.0","583.0","569.0","569.0","-8.0","53,100","30,394","0","148,200","0.00","-","-","571.40","588.36","820.85","735.66","563.66","65,360","211,788","1,140,492"
"2015/01/30","572.0","588.0","571.0","577.0","+7.0","56,000","32,346","0","142,600","0.00","-","-","569.20","588.84","821.87","734.90","562.84","67,460","218,980","1,191,918"
"2015/01/29","569.0","590.0","567.0","570.0","-9.0","75,700","43,702","0","146,600","0.00","-","-","565.20","590.76","822.84","733.88","561.98","64,620","221,752","1,233,965"
"2015/01/28","560.0","590.0","560.0","579.0","+17.0","91,300","52,591","0","148,100","0.00","-","-","563.60","593.72","822.59","732.74","561.17","54,200","223,828","1,260,749"
"2015/01/27","562.0","564.0","553.0","562.0","+4.0","50,700","28,280","0","146,500","0.00","-","-","561.60","596.04","823.55","731.65","560.32","44,740","225,196","1,290,862"
"2015/01/26","555.0","570.0","555.0","558.0","+1.0","63,600","35,788","0","150,100","0.00","-","-","561.40","599.76","823.40","730.69","559.58","46,600","228,268","1,321,817"
"2015/01/23","557.0","566.0","555.0","557.0","-5.0","41,800","23,378","0","139,300","0.00","-","-","561.80","605.16","822.24","729.75","558.81","47,240","230,824","1,330,174"
"2015/01/22","569.0","569.0","562.0","562.0","-7.0","23,600","13,342","0","139,200","0.00","-","-","564.60","611.92","820.63","728.88","558.04","71,840","232,744","1,331,136"
"2015/01/21","567.0","570.0","561.0","569.0","+8.0","44,000","24,909","0","139,000","0.00","-","-","567.40","619.60","819.31","727.96","557.21","80,160","239,324","1,331,512"
"2015/01/20","559.0","565.0","556.0","561.0","+1.0","60,000","33,599","0","141,200","0.00","-","-","571.00","625.40","817.95","726.92","556.35","81,760","241,312","1,331,570"
"2015/01/19","577.0","577.0","556.0","560.0","-11.0","66,800","37,742","0","137,900","0.00","-","-","577.00","632.20","816.67","726.22","555.51","89,180","245,068","1,331,473"
"2015/01/16","573.0","600.0","552.0","571.0","-5.0","164,800","93,495","0","150,200","0.00","-","-","586.80","640.68","815.47","725.62","554.63","95,300","245,936","1,332,736"
"2015/01/15","582.0","587.0","574.0","576.0","-11.0","65,200","37,746","0","151,500","0.00","-","-","595.60","649.40","813.91","724.75","553.68","86,420","242,772","1,331,129"
"2015/01/14","600.0","600.0","584.0","587.0","-4.0","52,000","30,644","0","149,400","0.00","-","-","604.40","657.88","812.07","723.53","-","124,380","248,208","1,330,718"
"2015/01/13","591.0","612.0","588.0","591.0","-18.0","97,100","57,865","0","156,500","0.00","-","-","607.80","666.96","810.15","722.39","-","141,560","255,144","1,331,110"
"2015/01/09","617.0","619.0","600.0","609.0","-6.0","97,400","59,250","0","156,900","0.00","-","-","610.80","675.88","808.40","721.28","-","163,820","257,248","1,332,214"
"2015/01/08","627.0","629.0","613.0","615.0","-5.0","120,400","74,434","0","149,500","0.00","-","-","614.80","684.76","805.97","719.50","-","340,240","263,272","1,331,306"
"2015/01/07","605.0","650.0","604.0","620.0","+16.0","255,000","160,048","0","156,800","0.00","-","-","636.60","693.48","803.44","717.86","-","626,220","297,240","1,330,716"
"2015/01/06","608.0","617.0","601.0","604.0","-2.0","137,900","83,737","0","142,100","0.00","-","-","637.40","700.92","801.04","717.15","-","656,760","298,052","1,328,121"
"2015/01/05","621.0","627.0","604.0","606.0","-23.0","208,400","128,091","0","136,700","0.00","-","-","627.40","710.36","798.93","715.80","-","688,940","337,816","1,328,222"
"2014/12/30","624.0","645.0","617.0","629.0","-95.0","979,500","616,284","0","156,400","0.00","-","-","621.20","717.16","796.63","713.73","-","693,980","341,352","1,326,266"
"2014/12/29","605.0","724.0","602.0","724.0","+100.0","1,550,300","1,088,775","0","147,800","0.00","-","-","611.60","724.64","793.91","711.47","-","544,660","311,644","1,313,516"
"2014/12/26","574.0","629.0","570.0","624.0","+70.0","407,700","247,148","0","198,100","0.00","-","-","591.80","729.56","789.97","708.15","-","259,660","260,568","1,294,088"
"2014/12/25","580.0","605.0","552.0","554.0","-21.0","298,800","171,443","0","201,500","0.00","-","-","595.80","739.20","787.44","705.80","-","203,640","259,264","1,289,838"
"2014/12/24","588.0","589.0","569.0","575.0","-6.0","233,600","134,872","0","166,200","0.00","-","-","612.40","752.48","786.05","703.94","-","168,980","269,892","1,288,814"
"2014/12/22","609.0","610.0","581.0","581.0","-44.0","232,900","138,480","0","130,100","0.00","-","-","628.40","763.12","784.76","701.88","-","147,760","272,508","1,287,457"
"2014/12/19","645.0","665.0","620.0","625.0","-19.0","125,300","79,688","0","129,600","0.00","-","-","650.80","775.32","783.59","699.71","-","126,680","282,176","1,288,477"
"2014/12/18","652.0","652.0","637.0","644.0","+7.0","127,600","82,137","0","125,100","0.00","-","-","671.00","786.52","781.59","697.11","-","119,580","291,712","1,288,221"
"2014/12/17","639.0","660.0","636.0","637.0","-18.0","125,500","81,076","0","121,000","0.00","-","-","693.00","799.16","779.08","694.31","-","131,680","315,796","1,287,257"
"2014/12/16","683.0","688.0","654.0","655.0","-38.0","127,500","85,007","0","128,900","0.00","-","-","708.40","814.80","776.85","691.58","-","125,320","328,484","1,286,617"
"2014/12/15","711.0","720.0","686.0","693.0","-33.0","127,500","89,154","0","115,300","0.00","-","-","723.60","831.68","774.33","688.66","-","130,600","351,432","1,285,746"
"2014/12/12","740.0","762.0","723.0","726.0","-28.0","89,800","66,240","0","117,600","0.00","-","-","739.40","846.28","771.28","685.36","-","122,800","420,228","1,284,684"
"2014/12/11","710.0","762.0","710.0","754.0","+40.0","188,100","138,933","0","125,500","0.00","-","-","752.00","858.56","767.87","681.72","-","121,980","459,268","1,284,258"
"2014/12/10","712.0","725.0","705.0","714.0","-17.0","93,700","66,756","0","119,200","0.00","-","-","758.80","871.60","764.08","677.81","-","124,580","501,772","1,282,870"
"2014/12/09","770.0","770.0","728.0","731.0","-41.0","153,900","114,269","0","116,800","0.00","-","-","778.80","885.04","760.76","674.30","-","150,920","543,768","1,283,508"
"2014/12/08","804.0","816.0","772.0","772.0","-17.0","88,500","69,638","0","127,300","0.00","-","-","795.40","900.16","757.56","670.62","-","150,080","574,632","1,283,012"
"2014/12/05","782.0","804.0","780.0","789.0","+1.0","85,700","67,825","0","126,600","0.00","-","-","807.20","912.80","753.93","666.53","-","181,980","621,900","1,285,877"
"2014/12/04","801.0","813.0","785.0","788.0","-26.0","201,100","159,884","0","118,100","0.00","-","-","816.00","930.84","749.87","662.28","-","358,760","701,156","1,287,445"
"2014/12/03","808.0","850.0","807.0","814.0","0.0","225,400","185,453","0","134,600","0.00","-","-","819.60","955.40","745.41","658.04","-","373,600","873,544","1,287,653"
"2014/12/02","816.0","829.0","809.0","814.0","-17.0","149,700","122,294","0","127,800","0.00","-","-","824.80","973.88","740.87","653.54","-","554,920","1,199,640","1,293,324"
"2014/12/01","826.0","851.0","810.0","831.0","-2.0","248,000","206,253","0","129,400","0.00","-","-","817.20","985.32","736.41","649.04","-","584,340","1,283,828","1,303,082"
"2014/11/28","791.0","889.0","770.0","833.0","+27.0","969,600","808,739","0","139,800","0.00","-","-","814.20","990.08","731.08","644.36","-","582,100","1,403,572","1,306,041"
"2014/11/27","810.0","833.0","805.0","806.0","-34.0","275,300","223,487","0","155,800","0.00","-","-","817.00","993.24","725.99","639.67","-","442,860","1,458,336","1,307,690"
"2014/11/26","800.0","900.0","790.0","840.0","+64.0","1,132,000","956,583","0","203,900","0.00","-","-","828.80","1,003.32","722.56","635.25","-","462,820","1,773,480","1,324,298"
"2014/11/25","803.0","816.0","775.0","776.0","-40.0","296,800","234,360","0","168,900","0.00","-","-","838.00","1,019.52","717.61","630.50","-","349,320","1,864,044","1,323,250"
"2014/11/21","832.0","833.0","793.0","816.0","-31.0","236,800","191,658","0","144,000","0.00","-","-","851.00","1,054.28","712.59","626.40","-","349,760","2,354,224","1,320,081"
"2014/11/20","860.0","877.0","835.0","847.0","-18.0","273,400","233,046","0","124,100","0.00","-","-","865.00","1,087.44","707.08","621.88","-","397,320","2,364,868","1,317,790"
"2014/11/19","871.0","892.0","831.0","865.0","-21.0","375,100","320,691","0","142,700","0.00","-","-","876.60","1,107.36","701.01","617.09","-","415,380","2,692,780","1,314,996"
"2014/11/18","850.0","959.0","841.0","886.0","+45.0","564,500","501,682","0","158,200","0.00","-","-","895.60","1,114.56","694.67","612.10","-","486,300","2,681,872","1,314,309"
"2014/11/17","895.0","898.0","841.0","841.0","-45.0","299,000","256,090","0","162,700","0.00","-","-","924.00","1,114.92","687.76","606.90","-","461,940","2,827,028","1,307,008"
"2014/11/14","915.0","948.0","877.0","886.0","-19.0","474,600","432,575","0","141,500","0.00","-","-","971.20","1,111.08","681.47","602.16","-","542,380","2,937,180","1,303,513"
"2014/11/13","954.0","960.0","902.0","905.0","-55.0","363,700","336,094","0","126,700","0.00","-","-","1,005.60","1,101.44","674.51","597.03","-","816,940","3,074,600","1,297,361"
"2014/11/12","1,007.0","1,013.0","948.0","960.0","-68.0","729,700","710,298","0","113,600","0.00","-","-","1,031.20","1,091.24","667.31","591.67","-","957,360","3,188,432","1,292,600"
"2014/11/11","1,051.0","1,060.0","1,015.0","1,028.0","-49.0","442,700","457,283","0","98,000","0.00","-","-","1,055.20","1,074.88","659.36","585.74","-","1,061,560","3,242,624","1,282,998"
"2014/11/10","1,074.0","1,110.0","1,051.0","1,077.0","+19.0","701,200","753,077","0","165,300","0.00","-","-","1,059.60","1,059.80","650.51","579.13","-","1,201,740","3,318,908","1,277,158"
"2014/11/07","1,054.0","1,200.0","1,030.0","1,058.0","+25.0","1,847,400","2,026,952","0","176,000","0.00","-","-","1,066.00","1,038.76","640.99","572.03","-","1,246,600","3,385,752","1,267,885"
"2014/11/06","1,080.0","1,142.0","1,002.0","1,033.0","-47.0","1,065,800","1,128,218","0","204,900","0.00","-","-","1,072.00","1,015.28","631.72","565.12","-","1,131,160","3,339,472","1,243,284"
"2014/11/05","1,020.0","1,220.0","1,018.0","1,080.0","+30.0","1,250,700","1,413,088","0","180,600","0.00","-","-","1,113.40","991.40","622.77","558.54","-","1,331,420","3,301,396","1,229,264"
"2014/11/04","1,011.0","1,067.0","952.0","1,050.0","-59.0","1,143,600","1,137,832","0","199,700","0.00","-","-","1,177.80","966.72","613.21","551.45","-","1,983,440","3,253,440","1,212,645"
"2014/10/31","1,090.0","1,160.0","1,080.0","1,109.0","+21.0","925,500","1,031,663","0","175,400","0.00","-","-","1,223.00","943.40","604.05","544.63","-","3,430,280","3,209,632","1,197,481"
"2014/10/30","1,178.0","1,212.0","1,078.0","1,088.0","-152.0","1,270,200","1,451,669","0","197,900","0.00","-","-","1,221.20","917.64","594.11","537.19","-","3,696,060","3,174,720","1,185,208"
"2014/10/29","1,261.0","1,380.0","1,213.0","1,240.0","-162.0","2,067,100","2,639,021","0","178,600","0.00","-","-","1,193.60","892.92","584.44","529.96","-","4,090,340","3,130,372","1,168,350"
"2014/10/28","1,455.0","1,500.0","1,312.0","1,402.0","+126.0","4,510,800","6,350,047","0","133,800","0.00","-","-","1,128.00","861.48","572.76","521.16","-","4,144,660","3,049,460","1,140,809"
"2014/10/27","1,160.0","1,399.0","1,155.0","1,276.0","+176.0","8,377,800","10,790,427","0","148,300","0.00","-","-","1,059.20","822.92","558.92","510.77","-","4,873,280","2,870,404","1,080,792"
"2014/10/24","927.0","1,100.0","925.0","1,100.0","+150.0","2,254,400","2,365,308","0","315,100","0.00","-","-","1,053.00","789.60","546.76","501.59","-","3,876,940","2,538,548","969,357"
"2014/10/23","972.0","1,062.0","916.0","950.0","+38.0","3,241,600","3,235,514","0","293,600","0.00","-","-","1,162.00","764.00","536.95","494.19","-","5,936,320","2,455,568","939,381"
"2014/10/22","1,032.0","1,055.0","893.0","912.0","-146.0","2,338,700","2,205,162","0","387,800","0.00","-","-","1,301.00","743.08","529.12","488.32","-","5,388,580","2,327,076","896,417"
"2014/10/21","1,065.0","1,140.0","990.0","1,058.0","-187.0","8,153,900","8,643,433","0","262,000","0.00","-","-","1,387.60","723.60","521.81","482.80","-","6,615,080","2,236,572","865,408"
"2014/10/20","1,425.0","1,550.0","1,245.0","1,245.0","-400.0","3,396,100","4,794,214","0","143,700","0.00","-","-","1,385.00","698.88","512.56","475.81","-","5,004,780","1,912,832","756,841"
"2014/10/17","1,525.0","1,890.0","1,311.0","1,645.0","0.0","12,551,300","20,528,412","0","167,600","0.00","-","-","1,315.00","666.92","500.83","466.97","-","5,164,240","1,782,808","711,638"
"2014/10/16","1,645.0","1,645.0","1,645.0","1,645.0","+300.0","502,900","827,271","0","101,000","0.00","-","-","1,135.00","618.44","483.77","454.10","-","3,264,540","1,283,224","544,318"
"2014/10/15","1,105.0","1,345.0","1,045.0","1,345.0","+300.0","8,471,200","10,406,173","0","147,900","0.00","-","-","935.00","569.64","466.69","441.20","-","3,945,980","1,264,036","537,726"
"2014/10/14","1,045.0","1,045.0","1,045.0","1,045.0","+150.0","102,400","107,008","0","168,700","0.00","-","-","796.00","533.00","453.67","431.29","-","2,893,640","928,916","424,821"
"2014/10/10","820.0","895.0","802.0","895.0","+150.0","4,193,400","3,625,250","0","164,200","0.00","-","-","697.20","508.56","444.61","424.36","-","3,290,060","928,380","423,532"
"2014/10/09","685.0","745.0","657.0","745.0","+100.0","3,052,800","2,190,928","0","333,400","0.00","-","-","648.40","490.76","437.56","419.00","-","2,921,340","769,524","367,790"
"2014/10/08","620.0","737.0","613.0","645.0","-5.0","3,910,100","2,684,205","0","74,500","0.00","-","-","609.60","480.08","432.52","415.15","-","2,785,240","652,684","327,162"
"2014/10/07","571.0","651.0","571.0","650.0","+99.0","3,209,500","1,988,429","0","249,700","0.00","-","-","574.80","474.00","428.89","412.29","-","2,141,300","508,656","275,132"
"2014/10/06","571.0","593.0","551.0","551.0","-100.0","2,084,500","1,178,906","0","97,800","0.00","-","-","532.00","467.00","425.15","409.43","-","1,522,180","384,520","232,420"
"2014/10/03","631.0","651.0","599.0","651.0","+100.0","2,349,800","1,487,861","0","84,700","0.00","-","-","514.40","463.20","422.69","407.56","-","1,115,640","303,352","204,725"
"2014/10/02","495.0","551.0","483.0","551.0","+80.0","2,372,300","1,263,052","0","109,400","0.00","-","-","477.60","455.96","418.91","404.66","-","655,360","212,460","173,409"
"2014/10/01","460.0","500.0","455.0","471.0","+35.0","690,400","330,558","0","81,000","0.00","-","-","460.40","452.56","416.45","402.83","-","191,440","120,056","141,846"
"2014/09/30","460.0","460.0","422.0","436.0","-27.0","113,900","50,097","0","64,800","0.00","-","-","460.20","452.28","415.07","401.81","-","85,660","94,352","132,717"
"2014/09/29","479.0","479.0","462.0","463.0","-4.0","51,800","24,498","0","62,900","0.00","-","-","463.80","453.64","414.25","401.12","-","71,740","92,112","131,777"
"2014/09/26","460.0","472.0","460.0","467.0","+2.0","48,400","22,433","0","65,600","0.00","-","-","458.80","453.92","413.03","400.20","-","68,260","93,400","131,265"
"2014/09/25","455.0","467.0","454.0","465.0","-5.0","52,700","24,185","0","70,500","0.00","-","-","454.00","453.84","411.71","399.28","-","74,860","97,124","130,765"
"2014/09/24","451.0","474.0","440.0","470.0","+16.0","161,500","74,573","0","79,800","0.00","-","-","453.00","454.88","410.37","398.31","-","100,300","99,684","130,154"
"2014/09/22","443.0","457.0","438.0","454.0","+16.0","44,300","19,899","0","64,300","0.00","-","-","444.40","456.08","408.97","397.32","-","73,860","105,360","128,057"
"2014/09/19","443.0","446.0","434.0","438.0","-5.0","34,400","15,031","0","69,000","0.00","-","-","438.60","457.28","407.72","396.61","-","80,220","111,720","127,517"
"2014/09/18","452.0","459.0","441.0","443.0","-17.0","81,400","36,329","0","67,000","0.00","-","-","439.00","457.92","406.72","396.04","-","85,420","119,012","127,093"
"2014/09/17","426.0","466.0","426.0","460.0","+33.0","179,900","81,155","0","69,000","0.00","-","-","439.60","459.12","405.59","395.64","-","98,240","141,784","126,114"
"2014/09/16","429.0","435.0","424.0","427.0","+2.0","29,300","12,565","0","73,800","0.00","-","-","434.20","459.92","404.25","395.05","-","74,600","169,852","123,826"
"2014/09/12","432.0","434.0","422.0","425.0","-15.0","76,100","32,498","0","72,400","0.00","-","-","433.80","460.08","403.40","394.81","-","73,380","187,476","123,524"
"2014/09/11","441.0","446.0","434.0","440.0","-6.0","60,400","26,503","0","69,600","0.00","-","-","434.60","461.12","402.53","394.61","-","76,800","228,164","122,540"
"2014/09/10","439.0","455.0","428.0","446.0","+13.0","145,500","63,993","0","108,400","0.00","-","-","433.40","465.48","401.45","394.26","-","82,520","286,584","121,825"
"2014/09/09","427.0","442.0","427.0","433.0","+8.0","61,700","26,782","0","113,000","0.00","-","-","434.20","466.40","400.32","393.85","-","97,820","322,900","119,985"
"2014/09/08","429.0","429.0","420.0","425.0","-4.0","23,200","9,859","0","108,400","0.00","-","-","443.20","465.04","399.32","393.58","-","111,840","322,796","119,278"
"2014/09/05","432.0","438.0","420.0","429.0","-5.0","93,200","39,782","0","107,700","0.00","-","-","456.80","464.16","398.39","393.35","-","169,080","324,468","119,000"
"2014/09/04","443.0","449.0","434.0","434.0","-16.0","89,000","39,283","0","117,100","0.00","-","-","466.00","462.68","397.39","393.09","-","171,660","323,292","117,848"
"2014/09/03","481.0","481.0","439.0","450.0","-28.0","222,000","101,353","0","121,100","0.00","-","-","470.40","460.88","396.29","392.76","-","164,920","332,676","116,761"
"2014/09/02","500.0","500.0","472.0","478.0","-15.0","131,800","63,796","0","150,900","0.00","-","-","474.40","457.60","395.08","392.35","-","136,020","324,472","113,949"
"2014/09/01","479.0","514.0","466.0","493.0","+18.0","309,400","152,572","0","138,200","0.00","-","-","472.00","453.24","393.51","391.65","-","122,100","320,676","112,221"
"2014/08/29","469.0","478.0","460.0","475.0","+19.0","106,100","49,965","0","121,800","0.00","-","-","466.20","448.08","391.72","390.78","-","69,780","308,828","108,206"
"2014/08/28","470.0","470.0","451.0","456.0","-14.0","55,300","25,375","0","111,400","0.00","-","-","465.20","443.68","390.24","390.07","-","60,140","304,848","106,838"
"2014/08/27","472.0","476.0","465.0","470.0","+4.0","77,500","36,482","0","108,100","0.00","-","-","468.00","440.00","389.01","389.59","-","65,880","303,020","106,265"
"2014/08/26","466.0","475.0","462.0","466.0","+2.0","62,200","29,098","0","99,000","0.00","-","-","467.00","435.76","387.56","388.98","-","78,680","300,108","105,308"
"2014/08/25","475.0","475.0","459.0","464.0","-6.0","47,800","22,248","0","109,600","0.00","-","-","472.00","431.64","386.25","388.46","-","89,580","297,848","104,561"
"2014/08/22","483.0","483.0","467.0","470.0","0.0","57,900","27,550","0","113,200","0.00","-","-","479.20","427.60","384.99","387.87","-","140,700","296,028","103,961"
"2014/08/21","465.0","480.0","454.0","470.0","+5.0","84,000","39,230","0","115,600","0.00","-","-","482.00","423.28","383.61","387.20","-","169,780","294,284","103,254"
"2014/08/20","483.0","499.0","463.0","465.0","-26.0","141,500","67,618","0","102,900","0.00","-","-","478.80","419.00","382.29","386.46","-","196,320","291,096","102,220"
"2014/08/19","490.0","500.0","482.0","491.0","-9.0","116,700","56,934","0","81,500","0.00","-","-","480.40","414.92","381.09","385.77","-","298,160","285,688","100,533"
"2014/08/18","500.0","515.0","474.0","500.0","+16.0","303,400","151,469","0","99,200","0.00","-","-","478.20","409.80","379.45","384.79","-","451,140","281,220","99,246"
"2014/08/15","461.0","490.0","451.0","484.0","+30.0","203,300","95,427","0","98,700","0.00","-","-","464.40","404.32","377.73","383.64","-","484,440","269,320","95,358"
"2014/08/14","465.0","469.0","440.0","454.0","-19.0","216,700","97,807","0","101,200","0.00","-","-","457.80","399.52","376.39","382.60","-","662,440","261,248","92,801"
"2014/08/13","480.0","525.0","458.0","473.0","-7.0","650,700","318,061","0","170,300","0.00","-","-","476.80","395.92","375.41","-","-","923,280","252,960","90,457"
"2014/08/12","423.0","500.0","415.0","480.0","+49.0","881,600","411,839","0","155,200","0.00","-","-","476.00","391.56","374.48","-","-","1,003,820","227,740","82,514"
"2014/08/11","483.0","495.0","414.0","431.0","-20.0","469,900","210,229","0","142,000","0.00","-","-","459.80","386.92","373.43","-","-","839,320","192,724","70,949"
"2014/08/08","519.0","524.0","449.0","451.0","-98.0","1,093,300","529,236","0","147,700","0.00","-","-","454.20","384.20","373.05","-","-","758,340","174,700","64,958"
"2014/08/07","549.0","549.0","527.0","549.0","+80.0","1,520,900","830,036","0","177,700","0.00","-","-","442.40","380.72","372.44","-","-","552,440","131,488","50,605"
"2014/08/06","420.0","479.0","401.0","469.0","+70.0","1,053,400","478,011","0","95,800","0.00","-","-","410.40","373.32","370.52","-","-","312,980","71,108","30,434"
"2014/08/05","415.0","415.0","397.0","399.0","-4.0","59,100","24,106","0","76,100","0.00","-","-","390.20","369.16","369.67","-","-","105,680","29,208","16,508"
"2014/08/04","400.0","408.0","396.0","403.0","+11.0","65,000","26,103","0","67,700","0.00","-","-","384.20","367.84","369.76","-","-","101,240","26,936","15,929"
"2014/08/01","383.0","398.0","371.0","392.0","+3.0","63,800","24,308","0","70,100","0.00","-","-","376.40","366.28","369.75","-","-","90,880","24,676","15,165"
"2014/07/31","373.0","423.0","370.0","389.0","+21.0","323,600","128,631","0","73,400","0.00","-","-","371.00","365.32","369.89","-","-","79,440","22,256","14,582"
"2014/07/30","370.0","370.0","364.0","368.0","-1.0","16,900","6,191","0","33,600","0.00","-","-","366.00","364.40","370.05","-","-","16,640","9,540","10,553"
"2014/07/29","364.0","370.0","364.0","369.0","+5.0","36,900","13,536","0","31,800","0.00","-","-","365.20","364.32","370.60","-","-","14,200","9,376","10,452"
"2014/07/28","367.0","367.0","363.0","364.0","-1.0","13,200","4,812","0","30,400","0.00","-","-","364.00","364.24","371.12","-","-","7,960","8,128","10,085"
"2014/07/25","364.0","365.0","363.0","365.0","+1.0","6,600","2,402","0","30,400","0.00","-","-","363.80","364.60","371.68","-","-","5,780","7,912","9,960"
"2014/07/24","364.0","364.0","363.0","364.0","0.0","9,600","3,494","0","30,100","0.00","-","-","363.20","364.76","372.20","-","-","7,320","7,892","10,169"
"2014/07/23","363.0","364.0","363.0","364.0","+1.0","4,700","1,706","0","29,100","0.00","-","-","363.00","364.88","372.79","-","-","6,260","7,804","10,108"
"2014/07/22","365.0","366.0","363.0","363.0","0.0","5,700","2,077","0","28,000","0.00","-","-","362.80","365.00","373.39","-","-","6,580","7,660","10,642"
"2014/07/18","362.0","363.0","362.0","363.0","+1.0","2,300","834","0","28,300","0.00","-","-","362.80","365.16","374.07","-","-","6,440","7,636","10,856"
"2014/07/17","365.0","365.0","362.0","362.0","-1.0","14,300","5,205","0","30,000","0.00","-","-","362.80","365.32","374.63","-","-","7,160","7,772","11,016"
"2014/07/16","363.0","367.0","363.0","363.0","0.0","4,300","1,566","0","30,400","0.00","-","-","363.20","365.84","375.17","-","-","4,600","8,936","11,085"
"2014/07/15","365.0","365.0","363.0","363.0","0.0","6,300","2,289","0","29,400","0.00","-","-","363.40","366.16","375.61","-","-","5,640","9,300","11,188"
"2014/07/14","363.0","367.0","362.0","363.0","0.0","5,000","1,816","0","30,900","0.00","-","-","363.60","366.36","376.05","-","-","8,420","9,484","11,237"
"2014/07/11","364.0","364.0","362.0","363.0","-1.0","5,900","2,140","0","31,500","0.00","-","-","363.80","366.44","376.45","-","-","8,660","9,560","11,258"
"2014/07/10","367.0","367.0","364.0","364.0","0.0","1,500","548","0","31,500","0.00","-","-","363.80","366.52","376.75","-","-","11,340","9,492","11,225"
"2014/07/09","364.0","367.0","363.0","364.0","0.0","9,500","3,463","0","31,600","0.00","-","-","363.80","366.36","376.96","-","-","13,640","9,584","11,244"
"2014/07/08","364.0","367.0","363.0","364.0","0.0","20,200","7,362","0","31,000","0.00","-","-","363.80","366.32","-","-","-","14,020","9,308","-"
"2014/07/07","364.0","366.0","364.0","364.0","+1.0","6,200","2,263","0","25,300","0.00","-","-","364.00","366.08","-","-","-","11,160","8,820","-"
"2014/07/04","364.0","365.0","362.0","363.0","-1.0","19,300","7,005","0","25,900","0.00","-","-","364.40","365.92","-","-","-","10,380","8,904","-"
"2014/07/03","364.0","366.0","363.0","364.0","0.0","13,000","4,736","0","25,800","0.00","-","-","364.60","365.92","-","-","-","8,220","8,396","-"
"2014/07/02","368.0","368.0","364.0","364.0","-1.0","11,400","4,168","0","25,000","0.00","-","-","365.40","365.76","-","-","-","6,280","7,968","-"
"2014/07/01","368.0","368.0","364.0","365.0","-1.0","5,900","2,157","0","24,800","0.00","-","-","365.80","365.56","-","-","-","5,140","7,784","-"
"2014/06/30","366.0","368.0","366.0","366.0","+2.0","2,300","842","0","26,900","0.00","-","-","366.00","365.40","-","-","-","6,520","7,848","-"
"2014/06/27","366.0","369.0","364.0","364.0","-4.0","8,500","3,115","0","26,900","0.00","-","-","366.20","365.08","-","-","-","7,200","8,104","-"
"2014/06/26","369.0","369.0","368.0","368.0","+2.0","3,300","1,217","0","27,000","0.00","-","-","368.00","364.72","-","-","-","7,060","7,856","-"
"2014/06/25","368.0","370.0","366.0","366.0","0.0","5,700","2,098","0","27,000","0.00","-","-","368.20","364.16","-","-","-","7,620","7,996","-"
"2014/06/24","365.0","368.0","364.0","366.0","-1.0","12,800","4,675","0","26,500","0.00","-","-","368.40","363.60","-","-","-","7,960","8,068","-"
"2014/06/23","370.0","374.0","362.0","367.0","-6.0","5,700","2,093","0","26,400","0.00","-","-","368.60","363.32","-","-","-","5,620","8,000","-"
"2014/06/20","374.0","374.0","368.0","373.0","+4.0","7,800","2,898","0","32,600","0.00","-","-","368.60","363.04","-","-","-","5,500","7,860","-"
"2014/06/19","367.0","370.0","366.0","369.0","+2.0","6,100","2,242","0","30,600","0.00","-","-","367.40","362.48","-","-","-","5,080","7,880","-"
"2014/06/18","369.0","372.0","366.0","367.0","0.0","7,400","2,729","0","29,500","0.00","-","-","368.60","362.28","-","-","-","12,540","7,776","-"
"2014/06/17","367.0","367.0","365.0","367.0","0.0","1,100","403","0","29,400","0.00","-","-","369.40","362.16","-","-","-","13,740","7,972","-"
"2014/06/16","368.0","369.0","365.0","367.0","0.0","5,100","1,870","0","29,300","0.00","-","-","369.60","361.92","-","-","-","15,700","8,156","-"
"2014/06/13","367.0","372.0","366.0","367.0","-8.0","5,700","2,101","0","30,000","0.00","-","-","369.20","361.96","-","-","-","16,060","8,200","-"
"2014/06/12","378.0","378.0","360.0","375.0","+4.0","43,400","16,051","0","30,600","0.00","-","-","368.80","362.04","-","-","-","15,760","8,084","-"
"2014/06/11","372.0","374.0","368.0","371.0","+3.0","13,400","4,968","0","31,800","0.00","-","-","365.80","361.72","-","-","-","7,840","6,544","-"
"2014/06/10","366.0","372.0","365.0","368.0","+3.0","10,900","4,011","0","30,700","0.00","-","-","364.20","361.72","-","-","-","5,680","6,264","-"
"2014/06/09","365.0","366.0","363.0","365.0","0.0","6,900","2,517","0","28,100","0.00","-","-","362.20","362.00","-","-","-","5,100","6,428","-"
"2014/06/06","361.0","365.0","361.0","365.0","+5.0","4,200","1,522","0","26,300","0.00","-","-","361.20","362.12","-","-","-","5,380","6,960","-"
"2014/06/05","364.0","364.0","360.0","360.0","-3.0","3,800","1,376","0","26,600","0.00","-","-","360.80","362.36","-","-","-","5,860","7,264","-"
"2014/06/04","358.0","363.0","358.0","363.0","+5.0","2,600","938","0","27,100","0.00","-","-","360.80","363.28","-","-","-","5,560","7,572","-"
"2014/06/03","362.0","362.0","355.0","358.0","-2.0","8,000","2,873","0","27,100","0.00","-","-","360.00","364.00","-","-","-","6,400","9,104","-"
"2014/06/02","359.0","360.0","356.0","360.0","-3.0","8,300","2,976","0","26,900","0.00","-","-","360.60","365.80","-","-","-","6,300","10,984","-"
"2014/05/30","360.0","363.0","360.0","363.0","+3.0","6,600","2,391","0","27,100","0.00","-","-","360.20","367.44","-","-","-","6,380","11,220","-"
"2014/05/29","359.0","361.0","358.0","360.0","+1.0","2,300","828","0","27,600","0.00","-","-","358.60","369.04","-","-","-","5,520","11,780","-"
"2014/05/28","360.0","365.0","357.0","359.0","-2.0","6,800","2,449","0","27,600","0.00","-","-","357.40","370.84","-","-","-","6,420","12,360","-"
"2014/05/27","360.0","364.0","359.0","361.0","+3.0","7,500","2,712","0","27,200","0.00","-","-","356.00","372.68","-","-","-","6,560","12,412","-"
"2014/05/26","356.0","360.0","355.0","358.0","+3.0","8,700","3,120","0","27,900","0.00","-","-","355.60","374.44","-","-","-","7,280","12,468","-"
"2014/05/23","353.0","356.0","353.0","355.0","+1.0","2,300","816","0","27,300","0.00","-","-","356.00","376.36","-","-","-","5,980","12,748","-"
"2014/05/22","361.0","361.0","350.0","354.0","+2.0","6,800","2,406","0","27,400","0.00","-","-","356.80","378.24","-","-","-","7,180","12,964","-"
"2014/05/21","358.0","358.0","350.0","352.0","-7.0","7,500","2,655","0","27,500","0.00","-","-","358.80","380.20","-","-","-","6,520","13,496","-"
"2014/05/20","359.0","359.0","353.0","359.0","-1.0","11,100","3,954","0","27,100","0.00","-","-","361.20","382.16","-","-","-","7,480","14,052","-"
"2014/05/19","360.0","361.0","360.0","360.0","+1.0","2,200","793","0","27,000","0.00","-","-","361.60","384.16","-","-","-","6,400","13,980","-"
"2014/05/16","361.0","367.0","357.0","359.0","-5.0","8,300","2,999","0","26,700","0.00","-","-","363.20","386.08","-","-","-","7,200","14,268","-"
"2014/05/15","366.0","366.0","360.0","364.0","0.0","3,500","1,266","0","26,200","0.00","-","-","365.20","387.96","-","-","-","6,100","14,088","-"
"2014/05/14","365.0","365.0","362.0","364.0","+3.0","12,300","4,457","0","26,200","0.00","-","-","365.80","389.56","-","-","-","6,380","14,840","-"
"2014/05/13","365.0","366.0","359.0","361.0","-7.0","5,700","2,066","0","26,500","0.00","-","-","367.20","391.32","-","-","-","5,200","14,548","-"
"2014/05/12","374.0","374.0","359.0","368.0","-1.0","6,200","2,262","0","26,500","0.00","-","-","370.00","393.24","-","-","-","7,060","16,112","-"
"2014/05/09","371.0","374.0","369.0","369.0","+2.0","2,800","1,040","0","25,900","0.00","-","-","370.00","395.08","-","-","-","9,860","16,732","-"
"2014/05/08","373.0","376.0","367.0","367.0","-4.0","4,900","1,818","0","26,200","0.00","-","-","370.40","396.52","-","-","-","11,660","17,192","-"
"2014/05/07","371.0","374.0","370.0","371.0","-4.0","6,400","2,385","0","26,100","0.00","-","-","373.60","397.96","-","-","-","12,980","17,776","-"
"2014/05/02","371.0","381.0","366.0","375.0","+7.0","15,000","5,602","0","25,900","0.00","-","-","375.60","398.96","-","-","-","19,880","18,000","-"
"2014/05/01","367.0","374.0","364.0","368.0","-3.0","20,200","7,416","0","25,700","0.00","-","-","381.20","399.80","-","-","-","27,880","17,800","-"
"2014/04/30","383.0","383.0","367.0","371.0","-12.0","11,800","4,409","0","25,500","0.00","-","-","387.80","400.80","-","-","-","26,680","17,256","-"
"2014/04/28","381.0","385.0","375.0","383.0","+2.0","11,500","4,390","0","25,400","0.00","-","-","394.20","401.36","-","-","-","28,440","16,920","-"
"2014/04/25","377.0","393.0","375.0","381.0","-22.0","40,900","15,589","0","25,400","0.00","-","-","398.60","401.24","-","-","-","29,500","16,576","-"
"2014/04/24","403.0","407.0","402.0","403.0","+2.0","55,000","22,264","0","25,000","0.00","-","-","403.40","-","-","-","-","22,940","-","-"
"2014/04/23","402.0","403.0","400.0","401.0","-2.0","14,200","5,702","0","25,700","0.00","-","-","403.80","-","-","-","-","13,720","-","-"
"2014/04/22","406.0","406.0","403.0","403.0","-2.0","20,600","8,345","0","27,300","0.00","-","-","404.80","-","-","-","-","14,020","-","-"
"2014/04/21","405.0","406.0","400.0","405.0","0.0","16,800","6,780","0","27,800","0.00","-","-","404.60","-","-","-","-","11,440","-","-"
"2014/04/18","401.0","406.0","401.0","405.0","0.0","8,100","3,266","0","27,700","0.00","-","-","404.20","-","-","-","-","12,100","-","-"
"2014/04/17","407.0","408.0","404.0","405.0","-1.0","8,900","3,612","0","27,600","0.00","-","-","403.40","-","-","-","-","14,760","-","-"
"2014/04/16","400.0","408.0","400.0","406.0","+4.0","15,700","6,344","0","28,000","0.00","-","-","404.20","-","-","-","-","14,840","-","-"
"2014/04/15","405.0","408.0","402.0","402.0","-1.0","7,700","3,124","0","29,400","0.00","-","-","404.60","-","-","-","-","13,580","-","-"
"2014/04/14","408.0","410.0","402.0","403.0","+2.0","20,100","8,179","0","29,400","0.00","-","-","405.40","-","-","-","-","12,800","-","-"
"2014/04/11","400.0","409.0","400.0","401.0","-8.0","21,400","8,601","0","46,300","0.00","-","-","405.60","-","-","-","-","13,240","-","-"
"2014/04/10","410.0","411.0","405.0","409.0","+1.0","9,300","3,794","0","50,700","0.00","-","-","407.00","-","-","-","-","9,960","-","-"
"2014/04/09","405.0","410.0","401.0","408.0","+2.0","9,400","3,794","0","52,900","0.00","-","-","407.00","-","-","-","-","17,060","-","-"
"2014/04/08","402.0","406.0","401.0","406.0","+2.0","3,800","1,535","0","53,100","0.00","-","-","408.20","-","-","-","-","19,520","-","-"
"2014/04/07","406.0","411.0","399.0","404.0","-4.0","22,300","9,015","0","54,200","0.00","-","-","408.00","-","-","-","-","21,620","-","-"
"2014/04/04","408.0","408.0","406.0","408.0","-1.0","5,000","2,036","0","54,200","0.00","-","-","407.80","-","-","-","-","21,060","-","-"
"2014/04/03","411.0","414.0","398.0","409.0","-5.0","44,800","18,094","0","54,200","0.00","-","-","405.40","-","-","-","-","22,460","-","-"
"2014/04/02","410.0","416.0","408.0","414.0","+9.0","21,700","8,939","0","54,000","0.00","-","-","402.80","-","-","-","-","15,500","-","-"
"2014/04/01","404.0","410.0","404.0","405.0","+2.0","14,300","5,807","0","50,800","0.00","-","-","398.60","-","-","-","-","12,480","-","-"
"2014/03/31","404.0","405.0","400.0","403.0","+7.0","19,500","7,858","0","51,500","0.00","-","-","394.60","-","-","-","-","10,300","-","-"
"2014/03/28","388.0","400.0","388.0","396.0","0.0","12,000","4,739","0","53,500","0.00","-","-","390.00","-","-","-","-","6,980","-","-"
"2014/03/27","390.0","400.0","390.0","396.0","+3.0","10,000","3,950","0","53,900","0.00","-","-","-","-","-","-","-","-","-","-"
"2014/03/26","389.0","393.0","385.0","393.0","+8.0","6,600","2,562","0","54,700","0.00","-","-","-","-","-","-","-","-","-","-"
"2014/03/25","382.0","386.0","381.0","385.0","+5.0","3,400","1,305","0","55,100","0.00","-","-","-","-","-","-","-","-","-","-"
"2014/03/24","378.0","383.0","377.0","380.0","0.0","2,900","1,103","0","55,200","0.00","-","-","-","-","-","-","-","-","-","-"
